0 0.7283488057 0.7049581804 0.0589648316 0.1143593097
0 0.4527779101 0.7265936529 0.0637784278 0.1390856337
0 0.2728746371 0.6980038376 0.0385077041 0.1313586514
1 0.8908032348 0.2027044365 0.0517447227 0.1143592853
0 0.2547189518 0.7489534841 0.1015942543 0.1360859684
0 0.0923390044 0.7326260911 0.0748205494 0.1267413345
0 0.4459689323 0.7635755333 0.0921744254 0.1171391703
0 0.7364216945 0.7846258208 0.1178206066 0.1692512702
0 0.3693947542 0.1921605216 0.0971751605 0.1181179685
0 0.1956786348 0.1258111775 0.0752956172 0.1154516509
0 0.7781088204 0.1449891481 0.1055612921 0.1639394279
0 0.5309217458 0.1603988605 0.0973568200 0.1792465039
1 0.3411111618 0.3201527775 0.0364768392 0.0387740857
1 0.5193114245 0.3184511232 0.0338987888 0.0434967603
