1 0.8953339439 0.3162062151 0.1806307053 0.1999079918
1 0.5875486976 0.0763577843 0.3398709057 0.1527155686
0 0.4578991569 0.8772380834 0.0938383867 0.1107539519
0 0.7189383277 0.8825679337 0.0671091661 0.2011480398
0 0.9133179364 0.7488501215 0.0559922815 0.5022997570
0 0.3860081637 0.2572179499 0.1271069858 0.2291830747
0 0.6398132977 0.3053997045 0.0986612085 0.1620271435
0 0.8112238104 0.2865854048 0.0692344951 0.1823871352
1 0.8428573853 0.7399414573 0.1547352837 0.1452914229
1 0.8719979842 0.4118898889 0.1646258512 0.3217090516
0 0.1087755795 0.1505954575 0.1639384775 0.2545701909
0 0.0882322754 0.7910984098 0.1735391048 0.2472071096
0 0.7074078728 0.1425220697 0.1894443124 0.2507556612
0 0.3700855602 0.1560905605 0.0926360921 0.2932233165
1 0.8080267106 0.8425341490 0.0846950592 0.1761697639
0 0.4292283981 0.8603222367 0.0572004512 0.1611715447
0 0.9163130653 0.8675069769 0.0506315670 0.1738242092
0 0.8175438866 0.3068522582 0.0516329352 0.1405453010
0 0.6308045086 0.3324295640 0.0887049711 0.1610869084
0 0.5208562188 0.0754564114 0.1086340593 0.1286422385
0 0.9691165373 0.2399588975 0.0395567868 0.2253536506
0 0.7117052048 0.8449915164 0.0584938090 0.1365312180
0 0.8159657524 0.3258239235 0.0587314871 0.1543926415
0 0.6327795018 0.3513534205 0.0633926800 0.1641181084
0 0.3992519113 0.3373729860 0.0736474348 0.1531769395
0 0.4262870421 0.8607275203 0.1109372715 0.1689809802
0 0.7255379580 0.8285117262 0.0755119120 0.1458828765
0 0.8966049766 0.8564725953 0.0783086277 0.1726279372
1 0.1938502674 0.2628544764 0.0812834225 0.1101813110
1 0.3264705882 0.5822408296 0.0684491979 0.0962343096
0 0.4558823529 0.8981404112 0.0534759358 0.2036262204
0 0.7483957219 0.8500232564 0.0673796791 0.1743375174
1 0.9852941176 0.8325895046 0.0256684492 0.0585774059
