1 0.7435598800 0.6177138208 0.1419728489 0.1881082024
1 0.4006379540 0.2960967373 0.0784424739 0.0952205174
1 0.1094303294 0.6449353285 0.0479270675 0.1271107848
1 0.7399454666 0.4865389327 0.1518165572 0.0449157285
1 0.1866812716 0.3825268598 0.0645058801 0.0431286019
0 0.7161029742 0.1475362912 0.0838101190 0.1049192509
1 0.4803420598 0.4049267406 0.0887252710 0.0537692218
1 0.8195726927 0.2480292737 0.1573034095 0.1830457661
0 0.9004404682 0.2143416606 0.0944254210 0.2200453422
0 0.7293914925 0.1894593199 0.0625648743 0.1575865732
0 0.5588575904 0.1792903632 0.0521520358 0.1434937813
1 0.6432432651 0.2014008885 0.1557765546 0.2831767714
1 0.4831991948 0.3182739580 0.1967656312 0.0888583546
0 0.3399140088 0.2005626034 0.0686028324 0.1585196804
1 0.2104504835 0.3128831568 0.1671927397 0.1285483562
1 0.5201999689 0.5938704155 0.2040505480 0.1178474964
0 0.6360429386 0.6457911747 0.0559592176 0.1506847543
0 0.8410132435 0.6317068610 0.0757960338 0.1595079879
0 0.3848698337 0.6726301811 0.0912193835 0.1087251475
0 0.1197103570 0.6425312526 0.0490647826 0.1169699655
1 0.3148152691 0.5667717947 0.2117783276 0.1204584256
1 0.4083993745 0.3042078045 0.1113496630 0.0876382102
