1 0.7619950675 0.3231241043 0.0248761208 0.0769004606
1 0.8982213718 0.3749141801 0.1812402526 0.1836194399
1 0.3900379921 0.1983570487 0.0225069091 0.0564982743
1 0.6157604941 0.3262712188 0.0236910757 0.0489641825
1 0.5930170576 0.3118330314 0.0161098976 0.0728185621
1 0.8109748694 0.3080665675 0.0236910757 0.0828625092
1 0.7868100229 0.3187382477 0.0208481909 0.0640301246
1 0.9133203502 0.5692090611 0.0464345448 0.0502197352
0 0.4191246277 0.7543942511 0.0947642052 0.1971123906
0 0.6266583929 0.7650659206 0.0814972249 0.2008788114
0 0.6479877399 0.8216807910 0.1076759062 0.0762711864
0 0.4299706823 0.7990819209 0.1044776119 0.0734463277
0 0.1298640725 0.7178672316 0.0692963753 0.0720338983
0 0.7919109808 0.1663135593 0.0842217484 0.1129943503
0 0.6122734542 0.1889124294 0.0660980810 0.0903954802
0 0.4225079957 0.1726694915 0.0874200426 0.0805084746
0 0.1506529851 0.1331214689 0.1023454158 0.0776836158
0 0.1418621332 0.1531237371 0.0482160816 0.1545336018
0 0.6008074014 0.2107594054 0.0229154477 0.1326254936
0 0.7937580426 0.1845401775 0.0682544830 0.1312323209
0 0.6318669756 0.7646106354 0.0488423101 0.1341196696
0 0.4414419406 0.7583048330 0.0839736385 0.1108805339
0 0.1403734333 0.1122191720 0.0766357064 0.1960529338
0 0.6091318680 0.1706515625 0.0489932062 0.1799551269
0 0.7901318190 0.1808275234 0.0582027476 0.1468531937
0 0.4101340613 0.1770604721 0.0977165694 0.1682100781
