1 0.6755209721 0.6778567686 0.0912124211 0.1161352901
1 0.3681233127 0.6190044382 0.0710746261 0.1302599287
1 0.2361539910 0.5210876896 0.0395729211 0.0524285096
1 0.6621950064 0.6847144951 0.0464344797 0.0376648122
1 0.3584754797 0.1749843069 0.0303245821 0.0527307004
0 0.7062295617 0.7694443525 0.0696912818 0.0553123345
1 0.6565586570 0.6764409771 0.0391579569 0.0537300325
1 0.2432388029 0.1568933207 0.0553285481 0.1520367315
1 0.4185773610 0.1776119545 0.0726896502 0.2279073101
0 0.1337181815 0.1897534139 0.0703920881 0.1960286178
0 0.3323219153 0.2153030439 0.0783444142 0.1913385337
0 0.5429172150 0.2129032060 0.1155088380 0.1850166213
0 0.8005557843 0.2014350676 0.0657834051 0.1616113954
0 0.7023049946 0.6771799723 0.1333622068 0.1534730728
0 0.3985801160 0.6912669381 0.1468031828 0.2016899842
0 0.1898845437 0.6929843709 0.0984243787 0.1785688670
0 0.5285992328 0.1791160821 0.0630692927 0.0604461196
0 0.3320109646 0.1773382607 0.0697787677 0.0568904769
0 0.1501835984 0.1346704057 0.0469664714 0.1066696307
0 0.1857439297 0.7231311906 0.0456245764 0.0853357261
0 0.4051444861 0.7515764398 0.0925910803 0.0853356830
0 0.6963366608 0.7302425191 0.0738044527 0.1066696684
0 0.1544663525 0.1507645542 0.0568911668 0.1592553726
0 0.3347747087 0.2261373552 0.0724903749 0.1714123009
0 0.5389406412 0.2139804538 0.0972655404 0.1325102337
0 0.7990801716 0.1775097389 0.0779959673 0.1057650033
0 0.1907115359 0.6966094109 0.0669847501 0.1641181903
0 0.6940149824 0.6960015378 0.0513855501 0.1799222009
1 0.9275441119 0.1592743922 0.0449624783 0.0936081342
0 0.3999242884 0.7063349061 0.1000183691 0.1957260390
