1 0.7533702871 0.2551102026 0.1256984194 0.1117335058
1 0.7665206600 0.6638939287 0.0272926811 0.1299009696
0 0.8097715592 0.7597625775 0.1209045215 0.2730553909
1 0.4659846742 0.6991180548 0.0372084838 0.0646986722
0 0.5162536230 0.8120872029 0.1121092056 0.2715054304
0 0.3204135549 0.8267992542 0.1115726076 0.2707683627
0 0.1275640221 0.8170770187 0.0775315357 0.2167646952
1 0.2271894457 0.1123018025 0.0428332285 0.1139512675
0 0.1944570999 0.0785957633 0.1211432149 0.1497746050
0 0.3797390672 0.1075739088 0.0869022398 0.1535929248
0 0.5580308684 0.1063686669 0.1198290455 0.1724271508
0 0.8176727458 0.0949815505 0.0793200384 0.1899631010
