1 0.3070939008 0.2093938444 0.0356512223 0.0487888542
1 0.9565390521 0.5241608228 0.0748673546 0.0676748908
1 0.4693066112 0.3022501030 0.0510999710 0.1841386790
1 0.0824475661 0.5962881677 0.0781931750 0.1552668239
1 0.1471724566 0.2809484336 0.0488241757 0.1752355214
0 0.5218530747 0.8881025882 0.5505466237 0.1777386976
1 0.9427305171 0.5435706293 0.0778593828 0.0924469945
1 0.0399650885 0.7222422959 0.0550384878 0.1404483352
0 0.5245722398 0.7702436150 0.6456954058 0.0942247947
1 0.6036271529 0.1737548299 0.0402720405 0.1173365974
1 0.7660578274 0.1835328769 0.0912833311 0.1155587648
1 0.3505843545 0.1648656883 0.0469840473 0.0960026706
1 0.5472462537 0.1924220131 0.0322176520 0.0551126388
0 0.7463235294 0.7114022663 0.1957219251 0.2988668555
0 0.1714572193 0.1384560907 0.0941176471 0.2124645892
0 0.3270721925 0.1412889518 0.0652406417 0.1926345609
0 0.5719919786 0.1653682720 0.1144385027 0.2209631728
0 0.0821524064 0.6979461756 0.0866310160 0.2606232295
