0 0.3450248247 0.7349323162 0.4773821475 0.4422935031
0 0.3004512096 0.2005807054 0.1016648705 0.3180871135
0 0.5441107679 0.1918360370 0.1083864973 0.3312040982
0 0.7965925335 0.2164303969 0.1109071256 0.3148078495
0 0.9436285023 0.2557813933 0.0873813914 0.3191802068
0 0.4819355784 0.7782749806 0.1672008653 0.1858241151
1 0.4792720250 0.3449758882 0.2931835443 0.1808792093
1 0.7910306886 0.7169085964 0.0738524740 0.1879724087
0 0.5537220481 0.1746715117 0.0724265092 0.1191144142
0 0.7935496251 0.1933387090 0.0792592909 0.1671157604
0 0.9507015529 0.2217839435 0.0464623295 0.1493374828
0 0.4635305018 0.8182449658 0.1052234707 0.0800021908
0 0.7498203757 0.8298008425 0.0573945849 0.0675574526
0 0.9343031048 0.8644684727 0.0191315283 0.0657795603
