0 0.5162129845 0.8295368792 0.5820375522 0.2191269287
1 0.0981984642 0.5885449666 0.1245120811 0.1316420712
1 0.4213369038 0.1771634187 0.0806364631 0.1175375913
0 0.5405127526 0.7577991136 0.4612875565 0.4200009883
0 0.5293428142 0.7915775315 0.4170209463 0.3040084086
1 0.1042504794 0.5622378243 0.1425942672 0.1013361792
0 0.6448643378 0.0439734481 0.4183661625 0.0817800580
0 0.0496501332 0.1970956181 0.0588143511 0.2520603185
0 0.2147504059 0.2265211598 0.0579741487 0.2909242391
0 0.4710129419 0.1748876636 0.0663761884 0.3297881656
0 0.3727089343 0.7117650257 0.0932627610 0.3575481205
1 0.1015356933 0.5726803025 0.1104301567 0.0953768581
0 0.5326345112 0.8477535275 0.3425393608 0.1678757768
0 0.5532578801 0.8096583787 0.4198785251 0.2208353535
1 0.1143390204 0.5922438133 0.1460004988 0.1065444408
1 0.3371341506 0.3652616751 0.0754559007 0.1241321429
1 0.1166977409 0.5648499826 0.1488424930 0.1407623076
0 0.5466295077 0.8230735876 0.3913379779 0.1505170857
