1 0.7152031937 0.2847913848 0.0402753948 0.0617292828
1 0.8206300715 0.2608713044 0.0663360400 0.0416672813
1 0.6085918565 0.2917359458 0.0852890828 0.1033965641
1 0.5345561631 0.3496071710 0.0888428841 0.0925939772
1 0.5392944726 0.4452875985 0.1125342526 0.1080262502
1 0.4611127646 0.3827866978 0.0935810797 0.1095695284
1 0.2378211357 0.1574746874 0.0355371178 0.0632725186
0 0.5475864858 0.3650394917 0.3992004720 0.4259322166
1 0.5038379433 0.3817777634 0.1473773558 0.0568888770
1 0.6246055489 0.3115555551 0.0614072234 0.0693333308
0 0.1599573571 0.3320000013 0.1200852872 0.1137777752
0 0.5502345364 0.4528888914 0.0436673358 0.0568888770
0 0.7037526600 0.3693333308 0.0750533309 0.0604444292
0 0.8586353879 0.3168888834 0.0600426517 0.0942221959
