1 0.4207088839 0.8796310913 0.1442168626 0.1200782109
1 0.2460712845 0.9354421132 0.0698550614 0.0558109893
1 0.6685816158 0.9574282713 0.0721084421 0.0794884005
1 0.2188941945 0.8609554071 0.1328210072 0.0656472798
0 0.5606401400 0.7926489011 0.2105700319 0.2394909564
0 0.2796102437 0.8467470669 0.0761291764 0.1191375667
1 0.4132411480 0.8941590201 0.1554977677 0.1021179980
0 0.8999817588 0.8412764820 0.1052849509 0.2054515586
1 0.2516880469 0.9362737660 0.0789152926 0.0639667958
1 0.6723066677 0.9564114959 0.0583972931 0.0758124964
1 0.4355606924 0.8948138141 0.1878184622 0.1113496630
1 0.4271434437 0.8855288898 0.3260634162 0.2113503007
1 0.6651038907 0.9547430173 0.0806925080 0.0877535887
1 0.2451736927 0.9380574826 0.1037474546 0.0716860513
