1 0.9728441757 0.7781565591 0.0543116485 0.1505206247
1 0.8936406383 0.8162094931 0.0758225350 0.2367739302
1 0.6719560979 0.8255113323 0.0693969075 0.1133132249
1 0.6650240480 0.8074175803 0.1031666759 0.1560556647
1 0.9774789067 0.7645022574 0.0450421866 0.0951939701
1 0.8974454019 0.7980542129 0.0936799757 0.2153568911
1 0.6715460811 0.6973983036 0.0996091796 0.0546194784
1 0.8298534935 0.7091024806 0.0699636812 0.0593011835
1 0.2778526396 0.7145643984 0.0545479236 0.0702250191
1 0.9614798791 0.9010509962 0.0391321335 0.0655434426
1 0.6646305113 0.8199409742 0.0793414040 0.1323017592
1 0.9699774450 0.7856303011 0.0597329644 0.1069095912
1 0.6614276312 0.8255775537 0.0876656352 0.0980092595
1 0.7342215653 0.8698294565 0.0383033060 0.0496602433
