0 0.7336154777 0.4745785069 0.1273344256 0.2976586895
0 0.8946200622 0.3798689207 0.0869302348 0.3247185513
0 0.5554696736 0.5726705788 0.0942764113 0.1928016464
0 0.7303215078 0.4432873923 0.0975609756 0.3476263633
0 0.5590354767 0.5175599804 0.0764966741 0.3399693955
0 0.9016075388 0.3705462037 0.0787139690 0.3889739780
1 0.5692968263 0.4162028197 0.0675898719 0.1546231280
1 0.5677919071 0.4206033330 0.0446232290 0.1196120351
0 0.5605586490 0.5902331879 0.0620429807 0.1288047428
0 0.7388218713 0.4858151446 0.0712175390 0.2566538135
0 0.8965082613 0.3843852535 0.0439675071 0.3255384366
1 0.2701512779 0.6900513256 0.0390834089 0.0592640151
0 0.3107677384 0.5532159265 0.5687361419 0.5283307810
0 0.5577673056 0.5958357106 0.0427467363 0.1959279923
0 0.7506133627 0.5528925944 0.0845219851 0.2871820470
0 0.9036271799 0.4857939856 0.0680061560 0.3381770369
1 0.5710338415 0.4141497181 0.0591290933 0.1429330963
0 0.7498449084 0.5085743295 0.0665193883 0.2552345124
0 0.9069046054 0.4173279977 0.0443463040 0.2845865107
0 0.5562918043 0.5723829284 0.0711388429 0.1633500805
0 0.2994528980 0.6464009307 0.0471179057 0.1046460840
