1 0.5498730671 0.2758575157 0.0494864514 0.1031658015
1 0.5505928194 0.2624469068 0.0830088222 0.0964141238
0 0.7332123356 0.4268250445 0.4553630426 0.4504593568
0 0.0836890759 0.4765292042 0.0939167393 0.0720721010
0 0.2639333589 0.4588272724 0.0844302183 0.0847162759
0 0.5637080662 0.4234234307 0.0863275518 0.0720720576
1 0.1103837045 0.5578108851 0.0841101012 0.0981224787
1 0.4334251542 0.5634271831 0.0757624444 0.1767630652
0 0.9045508190 0.2696348681 0.1535547474 0.3619634864
0 0.4419067122 0.5887014896 0.1016003457 0.1517228931
0 0.6058206467 0.5131725241 0.1913130688 0.2302140172
0 0.2896309428 0.4997521586 0.1255932689 0.3701487252
0 0.1210295393 0.5587081367 0.1662905438 0.3232438371
