1 0.3440076932 0.8966802809 0.1076803807 0.0787043254
1 0.7019561833 0.2986819724 0.5490515631 0.5586460683
0 0.7201810437 0.7437037150 0.2811501597 0.2402777778
0 0.2420127796 0.7138426039 0.3088391906 0.3000000000
1 0.4925593985 0.8267908308 0.1839103658 0.1811632792
0 0.2589423898 0.6538312276 0.2355886994 0.5443401761
0 0.7157344148 0.6086039649 0.3238584541 0.4674420675
1 0.8802356984 0.8356040107 0.1708603474 0.2068739149
0 0.7943832511 0.6255723106 0.2379417541 0.1480374230
1 0.3455539009 0.8825332218 0.1241093352 0.0942761739
0 0.2487984963 0.5052097744 0.1613900994 0.2089535183
0 0.2447417465 0.6302083333 0.2875399361 0.1333333333
0 0.7415468584 0.6072916667 0.2609158679 0.2597222222
