0 0.3548645932 0.1011338922 0.1100284544 0.1656305551
0 0.1859670827 0.1083293723 0.1048083428 0.1480624430
0 0.2995385716 0.8080141750 0.0514262925 0.0789533343
1 0.8888044113 0.3448178886 0.1880388178 0.1198377596
0 0.1225370953 0.7750213494 0.0615235272 0.1872162340
0 0.2937928876 0.7598252789 0.0587687044 0.1835692323
0 0.4687217321 0.7543546469 0.0670330993 0.1799221443
0 0.7400680281 0.7349036188 0.0734608968 0.1483141779
1 0.3824051425 0.7944723990 0.0449948433 0.1312945634
1 0.6060018458 0.7725900005 0.1248836354 0.1069807298
1 0.8984681806 0.7555703429 0.1166192079 0.0534904512
0 0.7703706790 0.1386076645 0.0422399798 0.1811378026
1 0.6574244703 0.0687054778 0.0808070256 0.0948238211
0 0.5348365327 0.1866274271 0.0798887595 0.2407066313
0 0.3553164066 0.1769019023 0.0844800574 0.2285497145
0 0.1813058609 0.1629214685 0.0762156951 0.2030202604
0 0.7656600170 0.8628608240 0.1519864074 0.2118774587
0 0.4873912355 0.8803646190 0.1220871037 0.1945125682
0 0.3169326456 0.8926208151 0.1279189933 0.2143110089
1 0.1096682915 0.8163003665 0.0489765069 0.0999104070
0 0.1619643391 0.9030513952 0.1120262717 0.1785234292
0 0.5405238877 0.0939420477 0.0959978674 0.1747707457
0 0.7656643859 0.1025087715 0.0887734177 0.1759489240
0 0.3659370618 0.0792824702 0.1370754405 0.1540400798
0 0.1982255186 0.0745221236 0.1121701135 0.1490442473
