1 0.4295506427 0.3857882764 0.1021236265 0.0761059044
1 0.4190601438 0.3884992653 0.0947661573 0.1224129456
1 0.2994178495 0.6129230133 0.0568596488 0.0533595543
1 0.5949697596 0.3429867804 0.0414602446 0.1161353763
1 0.5090879265 0.4253800818 0.0734437076 0.0360961742
1 0.4433439047 0.7408288428 0.0556750918 0.0612064081
0 0.7844128639 0.7108177573 0.2615159285 0.3245892713
0 0.5949285544 0.2014436399 0.1633327785 0.2297653909
1 0.7203666183 0.3573338676 0.1490323000 0.1910092413
0 0.6042200507 0.2240743206 0.1910935587 0.3360206151
0 0.3944011599 0.7091967049 0.0807055573 0.4612899177
1 0.4598200133 0.3862357059 0.1270096378 0.1118505015
1 0.9194055813 0.2744759059 0.1579300285 0.1766505053
0 0.5952158849 0.1691384181 0.1343283582 0.1836158192
0 0.7935101279 0.1324152542 0.1236673774 0.1581920904
0 0.3734674840 0.8541666667 0.1108742004 0.2175141243
0 0.7535314499 0.8237994350 0.1993603412 0.1539548023
0 0.7624628844 0.8092434123 0.1967271101 0.1322035278
0 0.1920020809 0.2225236839 0.3045331756 0.1290939245
