1 0.0782306787 0.6628409949 0.1164658606 0.1323280768
1 0.0577221676 0.6483222788 0.1094801329 0.1136787588
1 0.0652546776 0.6461330110 0.0795777238 0.0823243315
1 0.5686198981 0.4654642669 0.2346692324 0.1020223878
1 0.3143895413 0.5736320236 0.2206732425 0.1932073940
1 0.0861766758 0.4669931585 0.1105701972 0.0727673444
0 0.1748124309 0.6281093684 0.0394304534 0.2219762802
0 0.0206209486 0.6716072993 0.0412418972 0.1586611921
0 0.4767834186 0.6131019376 0.1015587219 0.1610165943
1 0.7267242725 0.1935006705 0.2017331770 0.2065188668
1 0.4585397205 0.1820227233 0.2684952482 0.1914902600
1 0.2351953187 0.1767729575 0.1578761440 0.1712300669
1 0.0605754669 0.1553138278 0.1211509338 0.1784734509
0 0.0180752200 0.6926530708 0.0277680860 0.1561790380
0 0.1802050612 0.6628479307 0.0349340612 0.1156438914
0 0.4668434493 0.6181401990 0.0277681300 0.1144517985
0 0.8040914790 0.5573377393 0.1701915501 0.1096829935
0 0.3490530073 0.0244216063 0.0591191930 0.0476882220
1 0.1752784591 0.5346858068 0.0197063760 0.0309973197
1 0.5775953718 0.4877385226 0.2603158859 0.2431379665
1 0.3163659779 0.5734447566 0.2657962828 0.3051381545
1 0.0884753408 0.4767974073 0.1534493924 0.0826669173
1 0.7100367592 0.1637572687 0.2237804173 0.2954126515
1 0.4629649322 0.1582866423 0.2502686654 0.2966283336
1 0.1802709634 0.1528160342 0.3187728483 0.2638046985
0 0.4524609577 0.5527780489 0.0611970590 0.3270206018
