0 0.8342053353 0.8168716538 0.1055530305 0.1703407084
0 0.5449900850 0.1676221571 0.2596605017 0.1647557716
0 0.6700704372 0.8406076337 0.1614961665 0.1480011544
1 0.1966650212 0.6276817697 0.0928866934 0.0488681284
1 0.4199097167 0.6919085882 0.1256081114 0.0963403028
0 0.5334367630 0.1937450028 0.1242239120 0.1308741080
0 0.2262736706 0.1789896035 0.0281444793 0.1039294472
0 0.6663952117 0.8186047604 0.0543480406 0.0949479544
0 0.8381735944 0.8327185608 0.0368789998 0.1103447808
0 0.4072718194 0.7704892058 0.0155279931 0.1193263487
1 0.2301046818 0.2358069118 0.0401897025 0.0703244967
1 0.4003199638 0.6882279365 0.0425538083 0.0500085243
1 0.1828226698 0.6397821826 0.0591025332 0.0531340651
0 0.5271086348 0.1931665691 0.1567010108 0.2144533310
0 0.8463424358 0.7904642913 0.0334189557 0.1766220930
0 0.6849563923 0.7940072061 0.0819829413 0.1833399948
1 0.3496173940 0.2044328885 0.0516088607 0.0359060338
1 0.9369926615 0.5909248277 0.1260146770 0.0742553196
0 0.6605867102 0.8122673625 0.0731523879 0.1904702059
0 0.5301571460 0.1481007846 0.1817256846 0.1199784044
