1 0.1159157580 0.5659056031 0.0847280051 0.1082395489
1 0.4930961788 0.2349343568 0.0343525445 0.0312114458
1 0.1282483327 0.5891843003 0.0864737049 0.0842709059
1 0.0447360732 0.5837222967 0.0521211522 0.0827103090
1 0.4255756305 0.2716078062 0.0461982776 0.0951948916
1 0.1987302735 0.5782602932 0.0402753948 0.0561805897
0 0.5138261384 0.7475824035 0.5591174616 0.3105539472
1 0.1145643710 0.5831653938 0.0869507942 0.1185556047
0 0.3003228844 0.1686213177 0.0717495916 0.2106765201
0 0.1328057938 0.1710244672 0.0541162308 0.2347080466
0 0.4663198670 0.1886476010 0.1045841632 0.2987921667
0 0.1884421489 0.7437762143 0.1143129426 0.1594092551
0 0.3857535747 0.7726140397 0.1173531669 0.2555353400
0 0.0358222171 0.7453783228 0.0595886590 0.1642155594
1 0.1103240137 0.5818990214 0.0887372926 0.0816676108
1 0.2683155247 0.7219717047 0.0865535126 0.0888662445
1 0.2002265458 0.6464185393 0.0213219616 0.0575842697
0 0.0382795842 0.7257724719 0.0765591684 0.2387640449
0 0.2028917910 0.7412219101 0.1183368870 0.2865168539
0 0.3830623667 0.7580758427 0.1396588486 0.3258426966
0 0.6948960554 0.7384129213 0.2004264392 0.3089887640
0 0.9540578358 0.6541432584 0.0918843284 0.2668539326
0 0.1229344350 0.1386938202 0.0778251599 0.2584269663
0 0.3004397655 0.1592345506 0.0916844350 0.3184691011
0 0.4731476546 0.1801264045 0.1066098081 0.3553370787
0 0.7076892324 0.1611657303 0.1108742004 0.3061797753
