0 0.4529568117 0.8026794772 0.2209974667 0.3720734447
0 0.6031050367 0.1735373390 0.0922989510 0.2672163187
0 0.3710577341 0.1896041389 0.0935989087 0.2317002200
0 0.2027096942 0.1963691077 0.0922989184 0.2587601004
1 0.6460850437 0.5601787805 0.0350628103 0.0591770548
0 0.3679519198 0.1884728034 0.1023454483 0.2058868884
0 0.6077055128 0.1792263978 0.1156124286 0.2268454437
0 0.2016406029 0.1958699326 0.0976071876 0.2083525849
0 0.2186981884 0.7666820891 0.0938166637 0.1615040603
0 0.4210199059 0.7827091931 0.1516228129 0.2157496692
1 0.3793236218 0.6150408572 0.0530680187 0.0604099057
0 0.8228204398 0.1225150342 0.1345652761 0.1331484156
0 0.6854122463 0.6853136758 0.1478323540 0.1245184487
0 0.2016215782 0.1661587899 0.0650923511 0.0808340065
0 0.3727355502 0.1700080258 0.0581885625 0.0885324782
0 0.0354388449 0.1770649829 0.0562161154 0.0769847917
0 0.2198671451 0.7711308198 0.0562161118 0.0692862459
0 0.4131717153 0.7910185032 0.1213084467 0.0910986531
0 0.6084487037 0.1668003257 0.0364911500 0.1308740941
1 0.6524209549 0.5638710900 0.0213222870 0.0508560837
1 0.2395980201 0.6116449195 0.0296142676 0.0446915752
1 0.1132174931 0.6480342955 0.1602818442 0.1743363845
1 0.5028794051 0.5968757873 0.0713465514 0.0472063337
0 0.4243109567 0.7495721402 0.1241494445 0.2030002631
0 0.2158045088 0.7270527918 0.0662450892 0.1710527185
1 0.1483504045 0.2905288781 0.0492717035 0.1291093125
0 0.0369928864 0.1807475202 0.0365310254 0.1438560327
0 0.1975784627 0.1917125210 0.0734809599 0.1701595502
0 0.3668163438 0.1916392534 0.0410620846 0.1818526079
1 0.2670835401 0.3279156202 0.1345704003 0.0797591295
1 0.4325739814 0.3199716110 0.1254983670 0.1253978502
0 0.6027809257 0.1809812723 0.0605826632 0.2063201343
1 0.7437464017 0.3506554592 0.1831123010 0.0933624141
0 0.3999702600 0.7928767740 0.1803485081 0.1920789912
0 0.6044353493 0.1543379372 0.0863791264 0.1080545645
0 0.3718761290 0.1802710376 0.0598009512 0.1022916627
0 0.1935807169 0.1766692121 0.0642306362 0.1066138364
0 0.0335578141 0.1651433979 0.0476192737 0.0893251205
0 0.2179440659 0.7644860721 0.0642306525 0.0691549484
0 0.4150656922 0.7911395577 0.1284612725 0.1311062245
1 0.4964614413 0.5894376673 0.0874865762 0.0705956659
1 0.4239250948 0.3365899878 0.1351058407 0.1728873286
1 0.2722078905 0.3156994358 0.1727583017 0.1426320493
1 0.7290207267 0.2991310786 0.2602448616 0.2276349326
0 0.1476225822 0.2984106987 0.0808420161 0.1455134843
