1 0.6450206724 0.4717908894 0.0367999607 0.0611195638
1 0.3351881891 0.6018659971 0.0296774318 0.0391792330
1 0.9738466964 0.7609337725 0.0368000259 0.0720897508
1 0.2722720203 0.2053720611 0.1009033236 0.1175377527
1 0.4117559938 0.6394780943 0.0451096429 0.0423135905
1 0.6677647126 0.3301990331 0.0303893782 0.0376116453
1 0.9635861389 0.2938410943 0.0427350427 0.0852530927
1 0.5339877137 0.4791960508 0.0822649573 0.1156558533
1 0.2546073718 0.5701692525 0.0320512821 0.0803949224
1 0.2864732009 0.2405579141 0.0997150780 0.1416705929
1 0.1036621648 0.1772449504 0.0892687740 0.1805359715
