0 0.5950603343 0.3285493331 0.0794500557 0.1103345111
0 0.7219432395 0.2943611625 0.1031664805 0.1476307262
1 0.7035630266 0.4785110154 0.1802448936 0.1678327654
1 0.6997382002 0.4492470054 0.0887338482 0.1169289329
1 0.8516184218 0.8434881037 0.1232050974 0.0605033394
0 0.2562229885 0.9195811025 0.0908930564 0.1013361151
0 0.5044831853 0.9480263450 0.0800401490 0.0444456301
0 0.7635962813 0.9089141205 0.1125989199 0.0693352546
0 0.9202850895 0.8644684478 0.0406983985 0.0657795939
0 0.7371423288 0.2786744124 0.0868231937 0.0568904637
0 0.5797751965 0.3222311700 0.0678306425 0.0657796153
1 0.7580042689 0.3097435798 0.0448239061 0.0937062937
1 0.8754002134 0.8384149298 0.1856990395 0.0713286713
1 0.3903415155 0.3964568772 0.0779082177 0.1244755458
1 0.7235563069 0.4772338867 0.0815843320 0.1230769231
