1 0.4823599413 0.6433960134 0.0416371838 0.0502911558
1 0.4306108038 0.6394670155 0.0475853996 0.0330035305
1 0.8410350138 0.5758173186 0.0214134723 0.0660070611
1 0.5567121322 0.6716847507 0.0261720253 0.0314319400
1 0.2830960439 0.2237795084 0.0261720090 0.0534342937
1 0.7535967939 0.2685700326 0.0273615900 0.0518627032
1 0.3859994958 0.4972374470 0.0344994359 0.0345751642
1 0.6893564751 0.7392634671 0.1701177887 0.0848662337
1 0.8463883655 0.6316090412 0.0321201757 0.0361467548
1 0.7803635852 0.1742741964 0.0475853996 0.0267171576
1 0.9136027432 0.1695593924 0.0380683589 0.0581491192
1 0.5150749321 0.2575688450 0.0428268792 0.0738650785
0 0.5153419936 0.6567155549 0.0466233770 0.2278939211
0 0.8030081183 0.6653385621 0.0494208326 0.2155752654
0 0.2220811129 0.6480925478 0.0400960624 0.1687646674
0 0.7517224461 0.1713631372 0.0792597050 0.2032567231
0 0.5055511279 0.1984640335 0.0438259215 0.1638372656
0 0.9377496299 0.1467259568 0.0410285639 0.2155753329
0 0.5123397533 0.7679380554 0.1049941919 0.1574385453
0 0.8040063764 0.7606873465 0.0651203294 0.1697442515
0 0.2168076411 0.7215575740 0.0855410002 0.1330613888
0 0.7608632776 0.0877430358 0.0833367750 0.1641316023
0 0.9405683236 0.0932797455 0.0928668200 0.1496724367
0 0.5019735626 0.1068319371 0.0774531232 0.1761803162
0 0.2113153347 0.0560963481 0.2133063208 0.1121926962
