1 0.8202126361 0.2107610886 0.1339657614 0.1397793735
1 0.3056266189 0.3090804777 0.1449982339 0.1160879399
1 0.8326153261 0.2183610310 0.0720080653 0.0930207991
1 0.8243113416 0.2275056575 0.0878855171 0.0743115879
0 0.2310581830 0.3243908343 0.1615148882 0.1230017656
1 0.8234790559 0.2286699779 0.0904682998 0.0984101936
1 0.0933119010 0.2321411247 0.1570488436 0.1693920957
1 0.2476306077 0.1735418478 0.1350681061 0.1380781243
1 0.4218848154 0.2058240529 0.2301131228 0.2274068983
1 0.9143765064 0.3800659505 0.1712469872 0.2156021997
0 0.4125807634 0.9083673278 0.6324312467 0.1361572656
