1 0.8091728341 0.2876962168 0.1258421678 0.2215527824
1 0.4193215492 0.3105279715 0.0570830321 0.1217694508
1 0.6015981364 0.3147561118 0.0272441766 0.0388985637
1 0.6040666694 0.3219605236 0.0403616490 0.0541638345
1 0.7874747708 0.2546426141 0.0629167475 0.1392784650
1 0.4194714636 0.3126753061 0.0534198142 0.1191604742
0 0.6853835440 0.4132653133 0.3312029390 0.5431860071
1 0.4237001859 0.3093469880 0.0645774124 0.0755184460
1 0.5984389802 0.3186320355 0.0588794284 0.0445682876
1 0.8021427057 0.2684927279 0.0921177660 0.2042711306
1 0.5661503066 0.1632621574 0.1367521368 0.0903744923
0 0.6976792425 0.3471061685 0.2402659359 0.2376973357
0 0.9194266164 0.2610647154 0.0892687414 0.3082637309
0 0.0989138204 0.2499226435 0.0759733966 0.2017950626
0 0.3681445815 0.3359641072 0.0826210935 0.2352213315
0 0.3714653569 0.3039843365 0.0766134344 0.2782229474
0 0.6022177476 0.3495621748 0.0541158171 0.2584064877
0 0.7590929015 0.2702963890 0.0881662613 0.3868171246
0 0.9220484872 0.2492909392 0.0905984080 0.3780978636
1 0.8184894660 0.3088928796 0.1031526745 0.2041065142
1 0.5156425085 0.1683917882 0.1878587120 0.0906049043
1 0.8022661454 0.2738082694 0.1562272422 0.1592336033
0 0.3758897048 0.2688246278 0.0668840979 0.3673105054
0 0.6771252135 0.3348837696 0.3907442990 0.5568565061
1 0.7812500000 0.2792014863 0.0844017094 0.1713092135
0 0.6947115385 0.3056638819 0.1634615385 0.3300835867
0 0.0777243590 0.2492571966 0.1217948718 0.2339833082
1 0.1840543584 0.5188183798 0.0626770574 0.3772489500
1 0.4124457530 0.4514083331 0.0769218380 0.2597451170
1 0.8003786527 0.3066931701 0.1101597191 0.2003748264
