1 0.7014947120 0.5167559267 0.0611395653 0.1304396192
0 0.9111070349 0.7741886904 0.1678866772 0.2394181903
0 0.6044271429 0.8333859651 0.1652853783 0.2317462081
0 0.2781584719 0.8168055038 0.0731282985 0.2300696674
0 0.3313270569 0.0973113747 0.0854875605 0.1867217396
0 0.1335572750 0.8487488692 0.1315956278 0.2625517130
1 0.3774601064 0.7109046283 0.0297872340 0.5781907433
0 0.6822473404 0.5515427770 0.1031914894 0.0575035063
1 0.5115026596 0.7059957924 0.1170212766 0.5880084151
1 0.2024601064 0.8018934081 0.0925531915 0.3562412342
0 0.5104388298 0.3467741935 0.0936170213 0.0322580645
