1 0.9185644127 0.3516561064 0.0668956386 0.1331273588
0 0.6781548466 0.3342422262 0.2022555259 0.3913392795
0 0.4650790806 0.2822870124 0.0706994577 0.1118434550
1 0.6674096953 0.3029537547 0.0716296738 0.1215689857
1 0.8729962621 0.3157185085 0.1069793213 0.1787064471
0 0.7320625036 0.7442492029 0.0576759428 0.1240003684
0 0.5492672427 0.7533668933 0.0400009888 0.1033336262
0 0.9097413803 0.7369550335 0.0316287176 0.0802355225
0 0.6700240128 0.3162482566 0.0544290288 0.1059972106
0 0.7094450699 0.8078673295 0.0913929486 0.1261453668
