1 0.6340601093 0.5731640472 0.0698897437 0.0695420479
1 0.8869660465 0.4217168943 0.0852890828 0.0880866336
1 0.2478900088 0.6218434892 0.1125342851 0.1205395100
1 0.3556859681 0.1319583049 0.4726438543 0.2441699117
1 0.7862775270 0.7022031909 0.0284297593 0.0463614218
0 0.0674984186 0.4811435111 0.0833391421 0.1592199673
0 0.4976048256 0.5841580366 0.0838670548 0.1556082820
0 0.2259687737 0.6151581447 0.0587069383 0.1276474317
0 0.0694169347 0.5519422337 0.0512521048 0.2443536963
0 0.8377323761 0.5896286626 0.2683745752 0.2662361580
1 0.3168247605 0.3562161654 0.0875944613 0.2419222857
