0 0.9547509883 0.6631520307 0.0649992530 0.1809629316
1 0.7507403603 0.6324496752 0.0331679875 0.0924654682
1 0.5067187799 0.1867730594 0.5591174941 0.3735461189
1 0.4035433706 0.5001087374 0.0755214406 0.4087277226
1 0.2333926138 0.5519716895 0.0500443383 0.3873408684
1 0.0664265517 0.3844408519 0.0636927233 0.3017931130
1 0.2542044959 0.6825829028 0.1101654638 0.2162723621
0 0.2398666146 0.6211937258 0.2922749550 0.3691524765
0 0.4978414995 0.5594182749 0.0548518329 0.0776336712
0 0.4686522169 0.6269351361 0.1476428392 0.3100009447
