1 0.4978367620 0.7423673068 0.0532485263 0.1162258771
1 0.2375106487 0.6757310897 0.0603483482 0.0418413021
1 0.3511074988 0.6656582246 0.0272158947 0.0805832611
1 0.4309803208 0.6222672083 0.1088636437 0.0929806336
0 0.9011373469 0.5730332464 0.1977253062 0.3128099428
0 0.9062041424 0.5904507178 0.1760786258 0.0826667562
0 0.6221527977 0.6593396600 0.0686595458 0.0667135114
0 0.2140712636 0.6252577607 0.0409742686 0.0768655647
0 0.0595872115 0.5512927919 0.0686595803 0.0507602665
1 0.2627974196 0.8645561782 0.1561451710 0.1000702458
1 0.1055448347 0.8007432839 0.1650044783 0.1348773100
1 0.5169486146 0.8993632424 0.1749711854 0.0768656498
1 0.6769697130 0.8928369073 0.1029893837 0.1015206181
