0 0.7722631444 0.2234289987 0.1084855187 0.2350827172
1 0.4116710316 0.7468024502 0.0404044901 0.0420172341
1 0.8056142878 0.7001167319 0.0558533041 0.0575791046
1 0.8828580316 0.6059670328 0.0344625381 0.0902591994
1 0.8507721763 0.6900014370 0.0320858226 0.0902591566
1 0.3148192135 0.7390215150 0.0867507200 0.0980401133
1 0.9452472218 0.5989641462 0.0499113521 0.0451295997
1 0.6469674666 0.2916160071 0.0356509938 0.0435733528
0 0.7325297963 0.7895978185 0.5014904002 0.3952730323
0 0.2845159031 0.8090502314 0.2661938999 0.3501434754
1 0.2690671462 0.2387054507 0.0570415150 0.1089334995
