1 0.2952091482 0.7149337725 0.0261442949 0.0345267172
0 0.4811902214 0.7635850637 0.3790923909 0.3452672581
0 0.6069844781 0.8124171112 0.0915102382 0.0449428235
0 0.8855617911 0.7792009688 0.0656005207 0.0569634734
0 0.7220245525 0.1157812776 0.0959287266 0.0707289917
1 0.5848454929 0.2151745511 0.0352076240 0.0596103129
0 0.0702714971 0.1287396264 0.0496518711 0.0679557391
0 0.1492631188 0.7379569576 0.0830540377 0.1180283282
1 0.2986701190 0.7153049835 0.0243745039 0.0369582957
0 0.3180795109 0.7290153503 0.0595822258 0.1645244448
1 0.5658875165 0.7415335488 0.0225691035 0.0488804963
0 0.5803316820 0.7415335057 0.0785401370 0.1323349516
0 0.8561252533 0.6926530526 0.0415270147 0.1013375406
1 0.5298817599 0.4160129256 0.6222877054 0.6370215658
0 0.0756930265 0.1462262822 0.0646178383 0.1262257193
0 0.2177176491 0.1666712950 0.0471171660 0.1066696361
0 0.4862855309 0.1728936912 0.0619254209 0.1191144286
0 0.7178327754 0.2128948007 0.0700026895 0.1920053191
0 0.1504074015 0.7186866372 0.0794260933 0.1617823024
0 0.3213754419 0.7471318434 0.0821184944 0.1404483170
0 0.6161942915 0.7826883995 0.1332742783 0.1617822593
0 0.8780311625 0.7453540220 0.1157736386 0.2008944150
