1 0.4320093764 0.6175375698 0.0616630953 0.1676869897
1 0.7462540894 0.1113423965 0.2940856868 0.1896273152
1 0.2298255033 0.1567902397 0.3095014607 0.2178363127
0 0.4511818901 0.6175895013 0.0285161526 0.1519612257
1 0.3389569815 0.5920600407 0.0653111998 0.1179219019
0 0.1683198813 0.5726090016 0.1030261712 0.3318833969
1 0.3320040219 0.5962786331 0.0858874082 0.1067044752
1 0.9372094805 0.6890054980 0.0384852390 0.0439772075
1 0.7038178826 0.8075763826 0.0346770882 0.0327670120
1 0.7980528743 0.7655542801 0.0426605778 0.0328091082
