1 0.3029365254 0.7214351152 0.0344624402 0.0455762548
1 0.6695455786 0.6334258515 0.1093291094 0.0927241000
0 0.3398790818 0.7403368269 0.0688841794 0.0744185603
0 0.1424433499 0.7441861208 0.0388079965 0.0615878395
0 0.6299689471 0.7153167940 0.0553014419 0.0603047200
0 0.9030803170 0.6178027508 0.0446292326 0.0269446906
0 0.1943490503 0.2495589627 0.0300762156 0.0987971412
0 0.3743211879 0.2617482208 0.0407484085 0.1026463488
0 0.6222073315 0.2251804519 0.0358974192 0.1013632832
0 0.1889888988 0.1957602602 0.0423729881 0.0535298824
0 0.6139223476 0.1346940441 0.0453665504 0.1256785791
1 0.0638467142 0.7035498720 0.1241112376 0.1791834204
0 0.6231427687 0.6883274925 0.1093900140 0.2504321237
0 0.8791521858 0.5618957347 0.1158246861 0.2431379909
0 0.3358791249 0.6913667110 0.1195017116 0.2467850789
0 0.1488130416 0.6883274925 0.0836511704 0.2552949077
0 0.6180869363 0.1880710364 0.0845703778 0.2808243780
0 0.3547236315 0.2148162243 0.0928436116 0.3367461241
0 0.1809865737 0.2069142448 0.0928436035 0.3379618174
0 0.0270132611 0.3120714266 0.0441236965 0.2832557646
0 0.1865421560 0.2571574296 0.0431989537 0.1201456332
0 0.3608622015 0.2755223427 0.0633001154 0.1357374394
0 0.6174017106 0.2454647350 0.0573658010 0.1782273073
0 0.3398507185 0.7061113846 0.0857841288 0.1771085272
0 0.6263745966 0.6919672425 0.0853705585 0.1154905586
0 0.9131274218 0.1501473423 0.1672345656 0.2100530622
0 0.3585841051 0.8450655364 0.1279365091 0.2223441678
0 0.1627554623 0.8635622534 0.1009191584 0.2486810536
0 0.6527840191 0.8343500680 0.1321095186 0.2530823186
0 0.1890439120 0.1294932681 0.0690361472 0.2511294151
0 0.3593934248 0.1531349672 0.0973206219 0.2682627107
0 0.6138721486 0.1234875751 0.1034682330 0.2102158963
0 0.8901395910 0.1006704513 0.1711660783 0.1901073382
0 0.9325146354 0.7165546768 0.1297213141 0.1928696261
