0 0.0869010791 0.1616986396 0.0806495528 0.1522118259
1 0.5049884202 0.6339003657 0.1609391658 0.2355357425
0 0.4876897198 0.1669697829 0.2780821257 0.3029697687
0 0.7646727735 0.6844374536 0.3390549780 0.2032705388
0 0.8994808238 0.1897042234 0.1918734487 0.2383318941
1 0.6890974879 0.3434787482 0.1956895775 0.1184612220
0 0.7426447431 0.7097975180 0.2947061047 0.0728909345
0 0.0805652248 0.1355593157 0.0390250078 0.0942248331
0 0.2481036481 0.1835606481 0.0457534627 0.1084474483
0 0.5158959655 0.1737826012 0.1991621070 0.1137809324
0 0.5129446912 0.1234103848 0.2656609834 0.1801683748
0 0.7411478201 0.7207872847 0.3532411620 0.1661294427
0 0.2558710143 0.1220559926 0.1117820008 0.2269172910
0 0.0859708115 0.0962469773 0.1019064002 0.1595519697
0 0.8679731812 0.1031172000 0.2401246028 0.1863829680
