1 0.2146644429 0.6178039897 0.0715318279 0.0881347656
1 0.5389420014 0.7098733399 0.0643785992 0.0645271712
1 0.5419225079 0.4218615567 0.0870303698 0.0645272144
1 0.2754665096 0.6744620780 0.0286127508 0.0409197497
0 0.0961976931 0.0995042493 0.1923953863 0.1685552408
0 0.5561292918 0.8622521246 0.1266094421 0.0878186969
0 0.7589189914 0.8233002833 0.0879828326 0.1260623229
0 0.2728674893 0.8119688385 0.0600858369 0.2195467422
0 0.7862795064 0.1795325779 0.1019313305 0.1189801700
0 0.3517301502 0.1724504249 0.0847639485 0.1359773371
0 0.9499061159 0.1023371105 0.0557939914 0.1883852691
0 0.7793052575 0.7758498584 0.0547210300 0.1529745042
0 0.7692387135 0.7868214248 0.0623657489 0.2435255618
0 0.5651201895 0.8337081607 0.0729531219 0.1558578534
0 0.2862763794 0.7952152285 0.1135716582 0.1880727881
0 0.1077860220 0.1394178509 0.1520150332 0.1266412870
0 0.3559369591 0.1515898934 0.0572093915 0.1430298694
0 0.6318935018 0.2049026705 0.0555654370 0.1512271784
0 0.7868393010 0.1463486912 0.0942331732 0.2316285855
0 0.9580508384 0.1601529486 0.0738277845 0.1797908426
1 0.5619100972 0.4428454823 0.0513112801 0.0774573739
1 0.8694478964 0.7278744749 0.0927723897 0.1466448733
1 0.9689656204 0.6351378444 0.0494703694 0.2118788765
1 0.1211507617 0.8130576590 0.1304601825 0.0799782729
1 0.8388282874 0.5838199864 0.1190714693 0.0775782772
