1 0.3177901650 0.2721635835 0.0427811730 0.0357924603
1 0.7105450472 0.1671205515 0.0225789606 0.0778096731
1 0.2452998442 0.6915576198 0.0713019713 0.0373486858
1 0.2096488912 0.4184457474 0.0499113848 0.0700286951
1 0.5554632829 0.2005787056 0.0380276767 0.0575791474
0 0.0449458066 0.3487564963 0.0522917579 0.2739092188
0 0.1787154172 0.2970003935 0.0668848211 0.2627617545
0 0.3355906930 0.2946116343 0.0693169742 0.2165793625
0 0.5797202370 0.2233474742 0.0553319921 0.2428555422
0 0.8116889178 0.1652213942 0.0887743618 0.3288502929
0 0.2626254403 0.8404394412 0.0753973976 0.2078206893
0 0.4122041916 0.7612127951 0.1289052708 0.2579842789
0 0.7016330005 0.6939298699 0.0924226322 0.2046357056
1 0.7005242169 0.2762041493 0.2068328694 0.1530113754
0 0.5775214374 0.2027359169 0.0478879878 0.1175719296
1 0.4406977200 0.2890119793 0.1846190101 0.2047038786
0 0.3385192218 0.2513368965 0.0532156062 0.1117429760
1 0.2781022669 0.3729340155 0.1228440229 0.1714936158
0 0.1793020891 0.2875690620 0.0677801775 0.1135393672
0 0.0426609865 0.4043475453 0.0451458385 0.2674020719
0 0.5297911292 0.7346388018 0.3313402798 0.1911289418
0 0.2750798924 0.8451343184 0.0700850869 0.1117671678
1 0.1927796145 0.7265063160 0.0627562334 0.0786203336
1 0.7393155185 0.5087106956 0.2175076245 0.1935771440
1 0.3263701495 0.7338049111 0.1142123299 0.1261726614
1 0.1271423381 0.4255696465 0.1030391836 0.1386417635
0 0.5340240642 0.7293417367 0.4342245989 0.2605042017
0 0.5778569512 0.7898124032 0.4075311834 0.1218163413
0 0.2688863173 0.8652225355 0.0708749700 0.0754101323
0 0.5728735286 0.1466509608 0.0675527318 0.0913622773
0 0.3381001518 0.2343877370 0.0586933320 0.0319042900
0 0.9493968290 0.5570560958 0.0941308333 0.0768603157
1 0.1753091986 0.6955496951 0.0675527154 0.0696093562
1 0.0330055299 0.6708964073 0.0598007648 0.1131151985
1 0.4538256966 0.4330644367 0.2414178695 0.1218163413
1 0.1243678027 0.5266020104 0.1428573731 0.1116650151
1 0.2544898456 0.4888969443 0.1284609055 0.0855614585
0 0.0341129512 0.2713677222 0.0442968634 0.1435692838
1 0.2794068117 0.6237650639 0.1517167362 0.0536572539
0 0.8713236600 0.0719659215 0.2547069529 0.1044140316
0 0.2558462786 0.8304077063 0.0733740006 0.1663008831
0 0.1631880816 0.2686799955 0.1025354396 0.1687646647
1 0.1527137063 0.2042891345 0.0401453844 0.1082923098
0 0.1819144550 0.1429342409 0.1129294574 0.2267996470
0 0.5723411193 0.1088328662 0.1092655284 0.1783025792
0 0.3294054490 0.1517203275 0.0875323454 0.2048372167
0 0.0416020480 0.2133660517 0.0832040960 0.2597700488
0 0.2798187174 0.9073057201 0.1414858079 0.1553457565
0 0.4812056108 0.8637350387 0.2344588173 0.2589360085
1 0.0572888920 0.2807806480 0.0610362721 0.2221990099
0 0.7014052121 0.7579287361 0.1294542608 0.1798824449
1 0.7529437223 0.0385580063 0.0329285647 0.0771160126
