1 0.7100182067 0.4005795087 0.0449181090 0.0233757800
1 0.6461871208 0.3912291667 0.0543745325 0.0327261862
0 0.3890899171 0.7348543999 0.4881891454 0.3490796189
1 0.9478401671 0.6931053686 0.0920078359 0.1688890283
0 0.7924174207 0.3618283907 0.1888065419 0.5311948715
0 0.7516300932 0.1897169437 0.0818461966 0.1410830419
0 0.9215123278 0.1879817326 0.0744760716 0.1510512685
0 0.5033604723 0.1879116128 0.0786469804 0.1415387511
0 0.8695467685 0.7406224148 0.0921621769 0.1684226187
0 0.5782457555 0.7468525163 0.1229692500 0.1381499088
0 0.2546376979 0.7014174495 0.1212507532 0.1924735948
0 0.2237783797 0.8382583340 0.1667737109 0.2768738735
0 0.5622719136 0.7224127514 0.1345962524 0.5551744972
0 0.8647152515 0.8451920305 0.0921139981 0.2798357478
0 0.7439077824 0.1058800552 0.0978252005 0.1868718804
0 0.9233929573 0.1034319899 0.0794211530 0.1800639419
