1 0.2102158803 0.2067352953 0.0976553505 0.0942965431
1 0.6830107759 0.2868873780 0.0547822909 0.0974397349
0 0.3885940928 0.4155671094 0.1252882325 0.1848940276
0 0.0565129435 0.4129003608 0.0996917068 0.3040084515
0 0.8857054225 0.4093447069 0.0956501363 0.1937831679
1 0.8803166985 0.1080030012 0.0444570789 0.0426678529
0 0.3900869519 0.4238048160 0.0742168856 0.1451104365
1 0.8625960600 0.1338991114 0.0657378071 0.0584630035
1 0.3306203108 0.2003771824 0.0507323826 0.2498821275
1 0.7804665192 0.1728749120 0.2026671382 0.1896476314
1 0.5556902952 0.2227182186 0.2929461153 0.2528635481
1 0.2129986365 0.1984044308 0.3648008365 0.2869028580
0 0.8877880428 0.2518947607 0.0764606962 0.3112166322
0 0.7003208827 0.2616203071 0.1123880957 0.3792953060
0 0.3912535705 0.2221103746 0.0893577584 0.3780795803
0 0.8990092548 0.2851597356 0.0620156438 0.0803781426
1 0.4604702343 0.1024821334 0.1218163919 0.0277669926
