1 0.2980087183 0.6460261405 0.2846017713 0.2181747458
1 0.2900054997 0.6147868623 0.2113318184 0.0916055944
0 0.7724598627 0.0948421430 0.0583511076 0.0919182926
0 0.7637905907 0.1941299278 0.0658226705 0.1724046811
0 0.5173581672 0.1873934560 0.0531784595 0.1211680751
0 0.2420166162 0.1985197669 0.0570378909 0.1542799469
0 0.0742957686 0.1952709503 0.0463732187 0.1206343385
0 0.1722308213 0.7404941168 0.0608331279 0.1222190482
0 0.0168542160 0.7564245066 0.0337084319 0.0907090710
0 0.4573351230 0.7492023912 0.0680334850 0.1602789195
0 0.7211072468 0.6753057878 0.0548013628 0.1027508879
1 0.5365169529 0.6015719378 0.2052477141 0.1013755852
1 0.6246222432 0.3480490515 0.2518511500 0.1368316394
1 0.8156306085 0.2889456087 0.0981143719 0.2098082212
1 0.4425975755 0.3568609486 0.0894411916 0.1388178500
1 0.2871763785 0.3431244003 0.1271935364 0.1328865683
1 0.1419192551 0.3384126768 0.1484896559 0.1251184750
1 0.0856078055 0.6117271434 0.1539868016 0.0799241675
1 0.2796672793 0.5980309357 0.2798330496 0.1114475416
1 0.8364025918 0.5390669086 0.2207311347 0.0736060015
