1 0.0157765226 0.5515300466 0.0315530452 0.0997833381
1 0.0878390373 0.7756196785 0.1023381659 0.1352993607
1 0.0864855482 0.7468317732 0.0650127695 0.0734500590
0 0.5084775559 0.8030913792 0.4172637939 0.3266183073
0 0.2321234277 0.0462874950 0.1653292879 0.0908238080
1 0.1043147980 0.7709985403 0.1167887221 0.1591636347
0 0.8576314723 0.6978250710 0.0450568017 0.0936081855
0 0.4990158406 0.8236489598 0.3319493071 0.2236869801
0 0.1840777539 0.7865704243 0.0367811000 0.1373729250
0 0.0318960109 0.7166682805 0.0229881936 0.2650204858
0 0.4866021988 0.1945293979 0.0331030014 0.2176085095
0 0.2176405318 0.1951372613 0.1443657895 0.3379618515
1 0.3932702085 0.2012156984 0.0616083348 0.1240003884
1 0.3071808511 0.1778715324 0.0574468085 0.0801687764
1 0.8417553191 0.6912330166 0.0436170213 0.0604781997
1 0.0865355390 0.7791933256 0.0803163244 0.1259513673
1 0.2405369130 0.8039103963 0.1094989046 0.1562351490
0 0.5045292631 0.9032214201 0.3584181765 0.1792265172
0 0.2324280434 0.0631754794 0.2364786351 0.1111109307
0 0.8408981973 0.0588049600 0.2268799477 0.0995424998
0 0.4953028577 0.0901025773 0.0797033432 0.1507488162
0 0.8706389407 0.7622944205 0.1239106523 0.1479562580
0 0.4894397492 0.1443315525 0.0710187547 0.1579693769
0 0.1859580831 0.8009013888 0.0399559183 0.1551579772
0 0.0398331338 0.8043046782 0.0373210988 0.1565883116
1 0.3193566343 0.1542023124 0.0577747426 0.0962785487
