1 0.8322266993 0.6706253934 0.0747072267 0.1473136870
1 0.8488283269 0.2741319471 0.0628488188 0.1159704340
1 0.5573471379 0.1887585273 0.0614262177 0.0947095820
0 0.2506003202 0.1054301834 0.1899679829 0.1438645980
0 0.8076974386 0.1837094499 0.1045891142 0.0832157969
0 0.8265272077 0.1071634010 0.1264737026 0.2143268020
0 0.2426816112 0.0632307324 0.2027744875 0.1264614649
0 0.5417520041 0.0850768989 0.1276789353 0.1700868314
0 0.5898148283 0.8710829892 0.2932759451 0.2232364714
0 0.8362213428 0.8664606737 0.0839793593 0.2285032286
0 0.9809471953 0.1619414691 0.0348996027 0.1316039243
