0 0.3816284813 0.5726705796 0.4045482516 0.1860366907
0 0.1698515469 0.3849426674 0.1303242653 0.3010411822
1 0.6901672774 0.3802769197 0.0398610205 0.0605222819
0 0.4005517190 0.4951141187 0.5642832512 0.4702117749
0 0.4024323177 0.5766892460 0.4241771784 0.2403872612
1 0.6950039372 0.3905893891 0.0507796762 0.0510161416
0 0.6157757199 0.5511641902 0.2556746958 0.3066826080
0 0.8503908576 0.5733321632 0.1171094954 0.4113870972
0 0.8437376835 0.4311666116 0.1160664238 0.1714530604
1 0.7148042003 0.3550241779 0.0522058598 0.0941761805
0 0.1564676815 0.4114527995 0.1083510617 0.2548151709
0 0.3756442220 0.5654331825 0.4351660211 0.2705368809
1 0.7104198644 0.3704221289 0.0348778968 0.0968342786
0 0.6528167040 0.2524441341 0.1849775785 0.1731843575
