1 0.5801621947 0.6014250423 0.0402753948 0.0249691224
1 0.5647627255 0.6693099590 0.0118457656 0.0514987988
1 0.5392944401 0.2331299514 0.0130302901 0.0468171366
1 0.6695972760 0.2838485696 0.0319833979 0.0483777550
1 0.7134263419 0.2050396566 0.0438290984 0.0499382876
1 0.8745280512 0.5990842112 0.0201375673 0.0889526967
0 0.2644739822 0.7364145772 0.3920929752 0.4041882633
0 0.6907453395 0.2740811016 0.1835148858 0.3753988073
0 0.5289823292 0.6692849920 0.1074856431 0.3720193070
1 0.6172165860 0.6308292646 0.1245831650 0.2047512183
0 0.5270413397 0.1636397062 0.1092280081 0.1243855016
0 0.6632971204 0.1599020663 0.0562597734 0.1442266582
0 0.8213868944 0.1512708530 0.0633287897 0.1334752340
0 0.2597953129 0.1652311743 0.0283519688 0.0644366125
0 0.2516150078 0.7150561943 0.0830176705 0.1208627679
0 0.5290166859 0.7327047841 0.0357931499 0.1446078440
0 0.7126508115 0.7655627433 0.0675321469 0.1210653326
0 0.8715525548 0.7281328266 0.0383477770 0.1454710371
