1 0.3481343587 0.2907721317 0.2206047797 0.2753845365
1 0.0900584557 0.3630952982 0.0696646718 0.2002796746
1 0.2077495181 0.3637906967 0.0580538911 0.2183604622
0 0.5710862620 0.3232351680 0.1150159744 0.2510518934
0 0.2393503727 0.3155212830 0.0670926518 0.1683029453
0 0.0412673056 0.2559139846 0.0798722045 0.2173913150
1 0.3096896853 0.2655352182 0.1337146373 0.1963572562
1 0.5395088886 0.1807379007 0.0881933308 0.1992751947
1 0.8653631728 0.6153112682 0.2692736543 0.4304729531
1 0.5226694012 0.1980017920 0.5394782248 0.2014959691
0 0.8950201163 0.2413334679 0.1689264625 0.2917656170
0 0.5488592113 0.3312945266 0.1043098945 0.2090986982
0 0.2373143725 0.3264317666 0.0646167304 0.1629024896
0 0.0379256608 0.2735492658 0.0627705195 0.1811378554
1 0.7094778888 0.3598632491 0.1301565282 0.1470984717
1 0.4016254007 0.3568240215 0.1200023972 0.1191376289
