1 0.4006996724 0.3269175183 0.0533056849 0.0741782155
1 0.4818427730 0.3477801560 0.0734433497 0.0633604981
1 0.1377248784 0.2681931242 0.0390908215 0.1267211235
1 0.5754239015 0.6336752901 0.3980158499 0.5115204919
0 0.3686387768 0.3861061170 0.1199949870 0.2722542117
0 0.2078553669 0.3917047662 0.1486041185 0.2994475172
0 0.6995648545 0.3352916649 0.1786027921 0.2465536783
1 0.7883350559 0.1585344519 0.2881351951 0.2112554834
0 0.9682545611 0.2121569139 0.0634908778 0.2650204527
0 0.6900331542 0.3203533104 0.0773440363 0.1896476480
1 0.5525843899 0.4644125778 0.1025041853 0.0887453294
0 0.3787931918 0.3325102041 0.0698892231 0.2018045311
0 0.1579432620 0.3209611683 0.0642980807 0.2346281601
1 0.8409938853 0.3075885905 0.1332554278 0.1373729679
