0 0.8156526155 0.5354632458 0.0753991101 0.2198615001
1 0.5594321700 0.7729298331 0.0651514505 0.0678081116
1 0.5088508460 0.7956542122 0.1648898582 0.2080443828
1 0.3702580954 0.8062875565 0.0469083156 0.1997225652
1 0.7821273641 0.5742025389 0.0604122463 0.2034212025
0 0.8066475874 0.5325936411 0.0810234542 0.1627369535
0 0.8158315565 0.5131299234 0.0501066098 0.1497919556
0 0.8064039674 0.5057122261 0.1049796879 0.1231411366
0 0.3313044729 0.5571985549 0.1306061572 0.2478191148
0 0.5878883964 0.5493677909 0.1334118223 0.2030973183
0 0.8019273185 0.3968214969 0.1601896957 0.2228836504
0 0.1627317725 0.5159585982 0.1219755226 0.2242455767
