0 0.5468943981 0.2205853758 0.5862998475 0.4332326789
0 0.3743142047 0.7870604527 0.6241256267 0.3132366164
0 0.5022404610 0.1124703272 0.1752016433 0.1337258926
0 0.2657182734 0.2455883855 0.0765354238 0.2613733514
0 0.0845229068 0.2449805325 0.0829902446 0.2115300675
1 0.1541424893 0.3002944347 0.0654700665 0.0644315744
0 0.3145902918 0.8807864410 0.2867773827 0.1799222243
0 0.8014663696 0.7209231897 0.2996869676 0.3586285820
0 0.8282076897 0.2899610618 0.2332947427 0.3452559654
0 0.0710771277 0.1903927069 0.0936170213 0.2468443198
0 0.2726728723 0.1840813464 0.1117021277 0.2819074334
0 0.2648434578 0.2040379753 0.0939689474 0.1807771980
0 0.0720728773 0.2114237161 0.0624845464 0.2572321310
0 0.8481975799 0.1944310321 0.3036048402 0.1947461271
0 0.7956136176 0.7777414630 0.4087727648 0.2010926063
0 0.3208859464 0.9362320439 0.3024598304 0.1198949613
0 0.6830252789 0.9130099218 0.2020257179 0.1634812536
0 0.2709696262 0.1014954900 0.1080760712 0.1698456961
0 0.5019974567 0.0676512698 0.1973625345 0.1016143863
0 0.0844356922 0.1110327889 0.0932497430 0.1749134345
0 0.7504085784 0.1088295929 0.1293847267 0.1961794615
0 0.0807488634 0.2173728301 0.1073585652 0.2420897945
0 0.2650803749 0.1965769839 0.1124419192 0.2531505119
0 0.0497927270 0.8986041268 0.0862815471 0.1872549177
0 0.8528664772 0.5091164309 0.1900709436 0.5186224425
