0 0.2079101904 0.5959350373 0.1036767442 0.1118435093
0 0.4800616052 0.5795231959 0.2888137769 0.3051381785
0 0.8179367114 0.6700921119 0.0666492856 0.1410200212
0 0.1181187310 0.3157185054 0.1221904531 0.3416089251
1 0.5907259323 0.7317664727 0.0615316275 0.0885787857
1 0.6984062317 0.2150571743 0.5301186396 0.4040434004
0 0.2280506382 0.5750844035 0.0844604200 0.1063993441
0 0.0455655290 0.4729983243 0.0642958937 0.1129482883
0 0.4835413729 0.6012283218 0.2927888295 0.1783258185
0 0.8207338636 0.6523168390 0.0875169390 0.1319080273
