1 0.6475243127 0.6213575551 0.0615316275 0.0704230940
1 0.3842399199 0.6808258916 0.0556151499 0.0547734650
1 0.1456891264 0.8131455113 0.0234291881 0.1239436620
1 0.6685858616 0.6910798409 0.1107561235 0.2028169014
0 0.1790579571 0.6366197613 0.0830670927 0.1539906676
0 0.9020955469 0.5169014299 0.1958089063 0.1230047092
1 0.6040041013 0.7833937954 0.5301005371 0.1972154214
0 0.9276820174 0.7436714495 0.0933509640 0.1910133469
0 0.8113019169 0.5348591549 0.0969116081 0.3098591549
0 0.6057641108 0.5834507042 0.1224707135 0.3197183099
0 0.3528354633 0.6468309859 0.1171458999 0.3056338028
0 0.1717917998 0.6447183099 0.1277955272 0.3211267606
1 0.1074305647 0.5444362802 0.0776227193 0.2526653881
1 0.2730888147 0.5506903850 0.0492241548 0.3177080181
1 0.4732986304 0.4718887759 0.0577436453 0.3177079751
1 0.7047468517 0.4005921270 0.0435444565 0.2376555967
0 0.1802455589 0.6152648496 0.1074775476 0.1504414303
0 0.3481585388 0.6335606320 0.0608036907 0.1515943500
