0 0.6924359658 0.2179218968 0.0683030950 0.1269177127
0 0.7340581644 0.7834728033 0.1536819637 0.0781032078
0 0.2361926361 0.8002092050 0.0928495197 0.0753138075
0 0.1065234792 0.2395397490 0.0747065101 0.1032078103
1 0.6838559504 0.3918203569 0.4244955057 0.1242293992
1 0.7047055304 0.6338569077 0.1331335045 0.2143835602
1 0.4183610002 0.6768048019 0.1038784161 0.2029159312
1 0.1520521720 0.4235984451 0.1176201526 0.1573437168
1 0.7557361973 0.3726980510 0.0614925617 0.1019960880
1 0.0964648024 0.7884096281 0.0721355263 0.0741789963
0 0.2413271372 0.7629105529 0.0946039874 0.1035415884
