1 0.6327083812 0.7015939271 0.0332745394 0.0925945131
0 0.0984354723 0.7550880303 0.1184693770 0.2831585555
0 0.3567328632 0.8307272270 0.1518014836 0.2666085453
0 0.7085133598 0.8116950773 0.2628751541 0.2724054196
0 0.9237777628 0.7603920112 0.0850527840 0.2833160573
0 0.2240220422 0.0628193193 0.1010989429 0.1256386385
0 0.4334979705 0.0803309295 0.0918933236 0.1606618590
0 0.6929179635 0.0664490791 0.1011261802 0.1062307735
0 0.8634312920 0.0623843845 0.1253546567 0.0974309242
0 0.7066629828 0.8872573335 0.2401400479 0.1192889887
0 0.4709291346 0.8814383900 0.1564215186 0.1251080184
0 0.1503751724 0.8450697990 0.2203120063 0.2502159507
