0 0.5489501141 0.7375461578 0.1040344563 0.2289004008
0 0.7471365421 0.7756406148 0.1255146432 0.2644607544
0 0.6757918013 0.2060009162 0.1623482562 0.2881631321
0 0.8506049948 0.1988563750 0.0802620746 0.2452958849
0 0.5505343173 0.6890512466 0.0869505537 0.2079855601
0 0.7311239689 0.7092941072 0.0711414094 0.2484712813
0 0.9089774274 0.7339031008 0.0741816095 0.2468836043
0 0.6673628787 0.2158391211 0.0634774715 0.1405092239
0 0.8519946484 0.1837802887 0.0715304111 0.1515890333
0 0.4846403568 0.2214089023 0.0524231282 0.1079148716
0 0.2256881146 0.1637690332 0.0274195732 0.0491980871
0 0.2487168901 0.6910286797 0.0811324911 0.1409525553
0 0.5383728839 0.7045280033 0.0689208660 0.1555183411
0 0.7303428163 0.7108215756 0.0599525614 0.1659609477
0 0.9133816983 0.7527816137 0.0461043987 0.1439364539
