0 0.8961669987 0.6064954211 0.0760608014 0.2976586402
0 0.6028815556 0.4906453059 0.1057116543 0.2655250603
1 0.6168838534 0.4077540898 0.0307988734 0.0590529649
1 0.3296254205 0.3828897116 0.0296142513 0.0466207011
1 0.5452173066 0.4062000835 0.0746280044 0.0466207438
1 0.9005886314 0.4240713693 0.0367216911 0.0885794259
1 0.6342395384 0.3908314098 0.0701256205 0.0895104895
1 0.3314676671 0.3852370042 0.0407486125 0.0559440559
1 0.1173004118 0.1527583622 0.0312722212 0.0484848769
0 0.1158789531 0.2665112582 0.0852878465 0.3331779213
0 0.3025645600 0.3355089308 0.0814972575 0.3518259329
0 0.5882788294 0.4759906902 0.0805496183 0.2772338867
0 0.8811004574 0.6015540703 0.0805496183 0.2896659798
0 0.5918142811 0.5806794493 0.0603832253 0.0825932429
0 0.8903930274 0.6873389397 0.0339721159 0.0857453886
