1 0.6243166660 0.7778517270 0.1028368361 0.1008668724
1 0.6946476064 0.1611874628 0.5697399383 0.3223749255
0 0.4799333288 0.6239618396 0.2230692762 0.1844307541
0 0.8199174922 0.5044561075 0.2547688586 0.1696833184
0 0.0649728836 0.5913155414 0.0447077284 0.1323348241
0 0.2210028547 0.6449648377 0.0563317319 0.0727246007
0 0.4856725977 0.6366193839 0.1850899879 0.0798778345
0 0.8030975017 0.5376663316 0.2047613266 0.0751089542
1 0.6953518157 0.6759622127 0.0178831060 0.0250363181
0 0.8027969685 0.5587689122 0.2717146204 0.1826702145
0 0.4826413256 0.5819411907 0.2456229027 0.1717971261
0 0.2304077554 0.4994281850 0.0885899808 0.3581892514
0 0.0823779887 0.4165921691 0.1140096644 0.3777242458
