1 0.5947494833 0.6081866647 0.0506649832 0.0710321663
1 0.2689157388 0.5304405659 0.0778167757 0.1004141510
1 0.1040455133 0.5229094284 0.0815768364 0.1894771560
1 0.5390653203 0.6779443412 0.1695329389 0.1865506900
1 0.1915932272 0.6874284513 0.2107534327 0.2193665770
1 0.8802841056 0.7126117657 0.2107954759 0.1610227141
0 0.7089098743 0.6166017671 0.1620634030 0.2309811057
1 0.0762790309 0.5583605147 0.0582179330 0.0899283372
1 0.2903155628 0.5652194601 0.0913222549 0.0609683746
0 0.5677068824 0.6520993699 0.2694006048 0.3261807125
1 0.5061302837 0.2859301275 0.2006202763 0.2187383981
1 0.5613305182 0.6607970103 0.2706592918 0.2393441411
