1 0.7957555124 0.1740314045 0.3861719713 0.3154487798
0 0.8165103611 0.5488391596 0.0510477745 0.2357432910
0 0.5207431037 0.4287716278 0.0817730544 0.1445864230
0 0.3513209622 0.3267346398 0.0973230943 0.1731219103
0 0.1790149420 0.2445654573 0.0535506063 0.0866768185
1 0.0760802572 0.3709089204 0.0348564099 0.1081998146
0 0.5288286026 0.4509026910 0.0445683526 0.1046738274
0 0.3590751599 0.3372175141 0.1279317697 0.3898305085
0 0.5349813433 0.4318502825 0.1364605544 0.3022598870
0 0.8036380597 0.5497881356 0.1535181237 0.3460451977
1 0.2593618202 0.2411268956 0.1278610067 0.0952716763
1 0.5693687325 0.4251231608 0.0694757067 0.1074573495
1 0.7823824689 0.4913381803 0.0644859200 0.1158579164
0 0.8406082186 0.4275487372 0.1841953172 0.2431142990
0 0.5941932369 0.2886211239 0.1926456606 0.2604964844
0 0.4137059193 0.2248902833 0.1629983540 0.2292040378
