1 0.2310024745 0.7878298477 0.1029471823 0.1111120090
1 0.4818622236 0.4435393213 0.1005805425 0.1361511660
1 0.2552908714 0.6202114696 0.2985469587 0.3284499907
1 0.3506745165 0.7604642841 0.1110782319 0.0946439931
0 0.1112353931 0.6946892752 0.1953204808 0.2980836250
1 0.2851570625 0.2146898834 0.0861346455 0.0645024904
1 0.5098252139 0.2039021882 0.0444065862 0.0748700209
1 0.8748278471 0.3232801411 0.0640158689 0.0619272151
0 0.6427044853 0.1054286037 0.0943348715 0.1857453695
0 0.8639970318 0.1053167679 0.1097023408 0.1257828538
0 0.3973894373 0.2011455643 0.0689707666 0.1156873354
0 0.8061495812 0.8917694092 0.1472159519 0.0687280789
0 0.1287283527 0.1685739383 0.1162707864 0.2460464370
1 0.9542386154 0.6910923703 0.0648021109 0.1408112432
0 0.5166390351 0.7944471762 0.0423825135 0.0967773437
1 0.2239084132 0.7753051758 0.0830670927 0.0971830986
