1 0.8525264334 0.5557581405 0.0538786543 0.1048570288
1 0.9692635719 0.8204376092 0.0538786543 0.1539030142
1 0.8489097758 0.5748758196 0.0650130252 0.1418136447
1 0.6934693681 0.5811093666 0.0685592327 0.1480471061
1 0.8667622343 0.7205472414 0.1089832712 0.2523611104
1 0.8421580538 0.5557094965 0.0839384688 0.1310947413
0 0.7576660156 0.5695697629 0.0627037535 0.2601576025
0 0.9254906837 0.6072561684 0.0719248670 0.3112165925
0 0.5796980351 0.5805109995 0.0811460779 0.2358438243
0 0.3450200669 0.5185107944 0.0470278151 0.1701966188
