0 0.6222252202 0.4110947410 0.1361122540 0.2577849350
0 0.8250654331 0.6080188428 0.0899903259 0.2919774029
0 0.9690806942 0.5843558446 0.0618386115 0.3633674578
0 0.6387002688 0.6340882684 0.0893823268 0.3617631729
0 0.3389351496 0.5606928464 0.0833018791 0.3577525252
0 0.6196932088 0.4394685131 0.0846343275 0.1298188463
0 0.4654066506 0.4767973948 0.4017868695 0.2431379846
0 0.4491753752 0.3376861723 0.2342936742 0.4356637944
1 0.7030539339 0.4176142633 0.0639127613 0.3427484372
1 0.9025720437 0.5790763898 0.0884546447 0.2004211771
