1 0.3355499333 0.2936155615 0.0410524026 0.0676497124
1 0.0962915054 0.2876962044 0.0372037235 0.0761059183
1 0.2241945430 0.3013231412 0.1305807554 0.1251970103
1 0.3328139965 0.2817611050 0.0985290984 0.1361517678
0 0.2153747754 0.4046106849 0.4307495508 0.5070479380
0 0.4800141326 0.4280851069 0.3525679825 0.6197251978
1 0.3219460218 0.2825876263 0.0686711694 0.0875028154
1 0.2218877678 0.4606797124 0.0492771833 0.1092362095
0 0.0466304393 0.4936206871 0.0826852836 0.1224451629
1 0.3466634017 0.2919005703 0.0603430658 0.1655172429
0 0.3836478698 0.4105854625 0.0447706891 0.2463512367
0 0.8858583564 0.2425020137 0.0194655850 0.1154771617
0 0.7135884864 0.2925421486 0.0330913576 0.1360064010
1 0.2277416735 0.4755438146 0.0645756029 0.1113215057
1 0.5667634296 0.5318299844 0.0683741773 0.2288970088
1 0.8079721826 0.3692255477 0.0835683448 0.4715528246
1 0.3426046290 0.2957317084 0.0409587958 0.0662346638
0 0.7134413108 0.3018169242 0.0825255304 0.1220560208
0 0.3776614034 0.3860144494 0.1295267415 0.1876618506
0 0.2169549078 0.4766486154 0.0745845045 0.1055081650
0 0.8932428931 0.2304742410 0.0544091249 0.1914103978
