1 0.6456653623 0.7282648988 0.0293082907 0.0608847636
1 0.7189360567 0.7333386291 0.0611650749 0.0811796417
0 0.5870487971 0.5895829840 0.1720268744 0.4904602869
0 0.0849851918 0.6191797512 0.0700850208 0.2080228776
1 0.1176177703 0.6332094222 0.0295197409 0.0642539644
1 0.7115551161 0.5407464225 0.2066381862 0.5344049107
0 0.6111880393 0.5047015041 0.2940167580 0.5720170294
1 0.7302870715 0.7067428826 0.2383078434 0.1977676370
0 0.1064052602 0.6049507259 0.1354946741 0.1769610622
1 0.6985181754 0.7226140893 0.1388594559 0.0952828088
0 0.5872094928 0.5388880139 0.1554057884 0.4057209784
0 0.5885361318 0.4495768688 0.2731137088 0.4315937941
0 0.0874734325 0.5758110014 0.1168969182 0.3032440056
0 0.4232863974 0.3656558533 0.2316684378 0.2552891396
0 0.1953374070 0.3578984485 0.0690754516 0.1748942172
0 0.6926806589 0.6026093089 0.1732199787 0.5909732017
1 0.7218144383 0.5928414026 0.1730571102 0.4823362192
0 0.5893250160 0.5001325513 0.1524411079 0.2740326573
