0 0.6495952505 0.1616986391 0.1083908325 0.2705988022
0 0.4053971328 0.1358146991 0.1122163523 0.2716293982
0 0.1565216235 0.1350772448 0.0918146444 0.2685416270
0 0.3818019424 0.1701570069 0.0826939917 0.3403140138
0 0.6581579499 0.1798341827 0.1027594131 0.3387011512
0 0.8320585501 0.2068496316 0.1039755662 0.3153146431
0 0.3146130742 0.7257881596 0.0905985644 0.2274135870
0 0.5788082167 0.7568357651 0.0851261679 0.2491872324
0 0.7268669283 0.7894962548 0.0492516011 0.2564451573
0 0.8658050115 0.7661097467 0.0510757008 0.2903152724
1 0.3102813331 0.2595635323 0.0804654285 0.0721922621
0 0.4357127067 0.7437224092 0.4188935399 0.3719470784
0 0.3974616525 0.2075644785 0.1134982206 0.3902426884
1 0.8714118933 0.3451868478 0.0534381318 0.1467500245
0 0.5737903664 0.8504959365 0.0537771727 0.0552435406
0 0.6468498384 0.0673048065 0.0662358846 0.0999362078
0 0.3901585263 0.0425818680 0.0756860638 0.0851637361
0 0.8173274324 0.0781371169 0.0576204375 0.1332962244
0 0.1754773966 0.7480907117 0.3029345958 0.1263738945
0 0.5817873044 0.7892217259 0.0620252388 0.0917998061
0 0.7229170632 0.8404866450 0.0278664163 0.0679558361
0 0.8330342351 0.2014642166 0.0755089383 0.1394881556
0 0.6514532802 0.2056369404 0.0665198053 0.1192206367
0 0.3799807190 0.2026564011 0.0575306398 0.0870310358
0 0.0761472166 0.1746395510 0.0844980855 0.0834544230
