1 0.2099493793 0.6312810370 0.1092129895 0.1796710508
1 0.5785432636 0.6407373956 0.1009033399 0.0661945316
1 0.4283753746 0.6596501560 0.1472001035 0.1229328128
1 0.4509301960 0.0989320471 0.0973420428 0.1978640942
1 0.9483914498 0.5476753397 0.0389363868 0.1185186724
1 0.4526650192 0.0685579368 0.0598290598 0.0706067620
0 0.4382000133 0.0912037242 0.1744548439 0.1815903803
0 0.2322246682 0.0934308515 0.1047042129 0.1804508974
0 0.6608719459 0.6570550797 0.1343521379 0.2556560543
0 0.3946241069 0.1058652925 0.0817109458 0.1686727145
0 0.1815549166 0.0799877329 0.0582616268 0.1159731980
1 0.1975318061 0.6191466636 0.0836573218 0.0858389347
1 0.0322775617 0.6451523801 0.0645551233 0.0813067930
0 0.1308658306 0.5455681118 0.0553868612 0.2131545912
0 0.3291184841 0.5769701586 0.0709892338 0.1635308881
0 0.6524924906 0.5991986863 0.0951541998 0.1497575476
0 0.9346320649 0.5492220615 0.0656740890 0.1699932558
1 0.5704823844 0.1251975391 0.1859318334 0.1555793113
