1 0.6608734294 0.4568415897 0.0616627045 0.1564950433
1 0.8749143098 0.4654488577 0.1956606675 0.1705796792
1 0.7913138635 0.5953397724 0.0877507718 0.1518002362
1 0.8675553394 0.4788066166 0.1384038935 0.1843454280
1 0.8678448493 0.4952151231 0.1698892404 0.1664797071
0 0.8645846795 0.5785365897 0.2708306409 0.4917073210
1 0.8648600543 0.4699015658 0.1105432663 0.1541853354
0 0.0842567260 0.5524785431 0.1680562863 0.2123927157
0 0.4432063311 0.4679603469 0.0901525084 0.1858421218
0 0.6195696950 0.4045460016 0.1335270738 0.3051867848
1 0.8582877014 0.4846844310 0.1122818889 0.0870450732
1 0.2673903540 0.3698555100 0.1352814763 0.1646898726
0 0.7265310705 0.3100623440 0.0631722987 0.2809756642
0 0.6182630736 0.5320422535 0.1622198506 0.3126760563
0 0.4469717182 0.5362676056 0.1504802561 0.2816901408
0 0.1454775880 0.6348591549 0.2283884739 0.5042253521
0 0.6250145585 0.5025113173 0.0573792351 0.1019961505
1 0.8685835245 0.4955570490 0.1065614552 0.1839021495
0 0.4511203501 0.5473277992 0.0515241592 0.1081777223
0 0.6152416217 0.5230588886 0.1568155034 0.2537629893
1 0.8037936639 0.6062093386 0.0504050077 0.0874620035
0 0.4607596708 0.5747969721 0.0812080245 0.2586904177
