1 0.1515607640 0.3744306685 0.0628489491 0.1598510742
0 0.1699410666 0.4770802012 0.1589011047 0.1081345401
1 0.5583001364 0.4057740614 0.3759078410 0.2789559089
1 0.1251015271 0.2528959094 0.0739875883 0.0977804940
1 0.2327198366 0.3053418201 0.0686066749 0.0960026621
1 0.4257601776 0.3400094445 0.1022374042 0.1653379109
0 0.5642415701 0.4644750856 0.0975251579 0.0768699485
0 0.1863123304 0.4273779887 0.0806839331 0.1896717626
0 0.3943761217 0.4552116017 0.1309510254 0.1585920627
1 0.1514332669 0.3917945033 0.0343355730 0.0674554263
1 0.6622076045 0.4058299959 0.0303608539 0.1170189216
0 0.3917394941 0.5497320522 0.1625111518 0.3255768898
0 0.7566884304 0.4837045818 0.2425387941 0.1536776135
0 0.1822138474 0.4814560087 0.0972189725 0.1109957890
0 0.0234927297 0.4566274839 0.0469854593 0.1320103052
