0 0.5323236565 0.7898606586 0.5172089566 0.3111107236
0 0.4282037737 0.1697790162 0.0861436155 0.1120448500
0 0.6856880879 0.1778711485 0.0653176922 0.0460628648
0 0.2388770578 0.1535947891 0.0747840239 0.0746965382
0 0.2066915266 0.7349828725 0.0747840564 0.0497976779
0 0.5801384452 0.7786648107 0.4568690096 0.3781512605
0 0.5289583704 0.8280045111 0.3588898063 0.2127308565
0 0.4303842368 0.1470260727 0.0989200482 0.0979494795
0 0.2393668178 0.1346890292 0.0798330094 0.0979766472
1 0.6780405908 0.6131042993 0.0637920733 0.0700027081
1 0.8174244451 0.5493855410 0.1141659673 0.0515820159
1 0.3350678465 0.5352525684 0.0536005997 0.0350896157
1 0.3205602644 0.4077199728 0.1344507317 0.0542368315
0 0.5317492013 0.8862044818 0.3290734824 0.1344537815
0 0.2394169329 0.1376050420 0.1001064963 0.1470588235
0 0.4311102236 0.1537114846 0.1001064963 0.1260504202
0 0.5369178520 0.8218254709 0.3281586051 0.1665495544
0 0.9579777174 0.7403741831 0.0665561404 0.1300788260
0 0.1944311871 0.7476683545 0.1127756300 0.2005888781
0 0.2323311835 0.1793332781 0.0758000415 0.2334124568
0 0.4176714717 0.2115490644 0.0822707106 0.2516478317
0 0.6825093847 0.2194510388 0.0758000090 0.1531769354
0 0.9075984285 0.2455884041 0.0397487718 0.0984708855
0 0.0539238303 0.2048627816 0.0721024726 0.1507455735
1 0.5591032213 0.2352550250 0.0748756417 0.1167062391
1 0.7994447491 0.2346471792 0.0841195103 0.1033336736
