0 0.0484976250 0.3236204774 0.0583116495 0.1264317432
0 0.2152324831 0.3643460877 0.0765340354 0.1811378012
0 0.5268353623 0.3491499834 0.2095575068 0.2018045830
1 0.4289330033 0.3092087139 0.0571245141 0.0998924331
1 0.5177525274 0.3072975479 0.3173364505 0.4785886577
0 0.4914780151 0.3673723853 0.0952385290 0.0886569939
0 0.2245886829 0.3666335821 0.0819494252 0.1019555386
0 0.0418636029 0.3223050743 0.0797345729 0.1196869244
0 0.8680023974 0.2897975157 0.2458482429 0.0930898349
1 0.3807355478 0.1339089894 0.1173870030 0.0797912793
1 0.5352212869 0.1376030272 0.0830568098 0.0280747068
1 0.1055405216 0.0755431364 0.1495023292 0.0753584329
