0 0.5151540968 0.5143226946 0.1308544844 0.2181702950
1 0.3185688084 0.5772945135 0.0890323932 0.1205020958
1 0.2710849240 0.4575748712 0.0605420170 0.1064174169
1 0.2271622959 0.5624273811 0.0368000422 0.0344292009
1 0.3001687995 0.1474093692 0.5294455748 0.2948187385
1 0.6818206983 0.1657093246 0.2029937353 0.3114275576
0 0.5383987753 0.5337610809 0.0447706565 0.1437048684
0 0.7238078647 0.5222133368 0.0535301143 0.1308741180
0 0.8980242737 0.5100241003 0.1138733432 0.2373697200
0 0.2590685380 0.5401764561 0.0720224136 0.1565357047
0 0.5258388519 0.4906155438 0.1656125387 0.2264716350
0 0.2507130223 0.4691228840 0.1075634427 0.2017736945
0 0.8720861582 0.4118154714 0.1635014461 0.1742300759
0 0.7000144893 0.4608391990 0.0811861478 0.0994233467
1 0.4335686121 0.7442491773 0.2480605036 0.2747459304
1 0.1380169657 0.7478962858 0.1936531800 0.2090986655
1 0.6401319911 0.7570139281 0.0912936610 0.1714122504
1 0.8798931154 0.7272295670 0.1171140752 0.1531769658
