1 0.6899291276 0.8891350745 0.0296460847 0.0405180986
1 0.9324334632 0.8766679376 0.0237167505 0.0374013679
1 0.4468317022 0.4442144664 0.0841947085 0.0857115073
1 0.6887432738 0.8065403835 0.0343893696 0.0498685476
1 0.1752742169 0.5003165396 0.0249026206 0.0670108233
0 0.7264022583 0.9093033843 0.0986600406 0.0448807854
0 0.9052235411 0.8974598675 0.0502786382 0.0461274263
0 0.4242559085 0.8800062097 0.0863275192 0.0585943492
0 0.1216352497 0.8762662013 0.0939167556 0.0585943492
0 0.1610043911 0.3638772202 0.0626111921 0.0486208794
0 0.6827641409 0.2685055405 0.0948654387 0.0947483271
0 0.8653800582 0.2311048789 0.0730463148 0.0872681820
0 0.6859111643 0.2397055499 0.1017539432 0.0806294317
0 0.8645385612 0.1742019600 0.0710673297 0.0975470951
0 0.1596723127 0.4000834161 0.0630175368 0.1501514066
0 0.3856657796 0.3211112751 0.0444733936 0.0759058841
0 0.6875905431 0.3172187217 0.0724029378 0.2153099242
0 0.8611507518 0.2795935440 0.0666252470 0.1496654580
0 0.9145862494 0.8453747079 0.0375010553 0.1613659103
0 0.7173539755 0.8490925022 0.1014317662 0.1770329415
0 0.4320959297 0.8426927564 0.0820850873 0.1435056368
0 0.1203438343 0.8571425514 0.0727132677 0.1074942954
1 0.2270936019 0.5551067208 0.0696302839 0.0828263763
1 0.3209497458 0.5068258791 0.0960412774 0.0955569146
1 0.5220797446 0.4783177316 0.2541417923 0.0824532315
1 0.0479863145 0.5222845733 0.0959726291 0.0701077797
1 0.2787397094 0.7312469482 0.2490743761 0.1151712426
1 0.6070831201 0.7360662217 0.1006160968 0.0976547947
0 0.7319506276 0.9035183129 0.0634998171 0.1159017384
0 0.6807980207 0.3008293805 0.0717312905 0.1344460251
0 0.8683575902 0.2475145723 0.0540923909 0.1050842200
