1 0.5093811231 0.7832302899 0.0500325912 0.0693409235
1 0.8891156514 0.6842925596 0.0346379076 0.0777971295
1 0.8943112365 0.6628295039 0.0344257844 0.1345868178
1 0.5090979878 0.7645520922 0.0522322695 0.1251969888
1 0.4081947131 0.7442075703 0.1448259272 0.1314568748
1 0.8367369236 0.7066484693 0.0427354992 0.0907678309
1 0.3749559680 0.9265257070 0.1044645717 0.1048523809
0 0.3832656665 0.7676819922 0.4154841757 0.3943705384
0 0.7521790725 0.1036739040 0.1297761314 0.1740743368
0 0.5372713855 0.8193234726 0.0830310919 0.2989360971
1 0.6708413801 0.6555010728 0.1848988329 0.2721215476
1 0.5066488869 0.7652696636 0.0610046387 0.0939821915
1 0.8938996405 0.6651020749 0.0310550266 0.0887911944
0 0.5528856261 0.8897276972 0.0519154214 0.1851921834
