1 0.4706110832 0.2805746696 0.0623253716 0.1447653972
1 0.0745621318 0.7947424875 0.1291025398 0.1780223148
1 0.6868233803 0.5902165373 0.2871164501 0.3438652791
0 0.4160254878 0.7415913542 0.0599406642 0.1373737604
0 0.7092735421 0.6917477890 0.0710066445 0.1446679344
0 0.1306158376 0.7458463427 0.0645514594 0.1288639552
1 0.2721679720 0.7598268321 0.1226477664 0.0668634119
1 0.5714100569 0.7494934512 0.1420132238 0.0559220435
0 0.7203395550 0.2048609720 0.0580962744 0.1361581399
0 0.4930261465 0.2158022384 0.0461082132 0.1118441729
0 0.2228322151 0.2474103686 0.0590184856 0.1191383469
0 0.0360940634 0.2583516510 0.0470303491 0.1288639552
