1 0.6620618236 0.6162218947 0.0758937319 0.0794779602
1 0.1005662269 0.2024690807 0.0723362804 0.0966202467
1 0.3887255332 0.6933622213 0.0818230335 0.1122041464
1 0.0930779151 0.1752285844 0.0540511702 0.1082395364
1 0.4000022343 0.6961196964 0.0256136606 0.0439457405
1 0.6568503527 0.5951379292 0.0270366201 0.0626461248
1 0.0890808513 0.2071061101 0.0298826041 0.0701262272
1 0.0741395462 0.6577840112 0.0896478183 0.1318373072
1 0.3631011246 0.7720214501 0.0541127469 0.0657796338
1 0.0925374586 0.8146893045 0.1406930966 0.0906691371
1 0.9468422547 0.5631267660 0.0581711939 0.1315592248
1 0.8317047087 0.1399761055 0.0622296735 0.1457818287
1 0.3825690270 0.1728659118 0.0865803884 0.1262257323
1 0.1762642306 0.1710880809 0.0608768199 0.1440039978
1 0.0896838625 0.1630878582 0.0662880962 0.1386705160
0 0.7062840090 0.7304651333 0.1037374230 0.0589017935
0 0.3971067121 0.7826939565 0.0646017068 0.0768094484
0 0.0959141832 0.8173518669 0.0305135395 0.0657105519
