0 0.7518134071 0.8855504482 0.1028794684 0.2266264416
0 0.5820624013 0.1540880537 0.0900194779 0.2486126603
0 0.7820342920 0.3172929587 0.0810175074 0.2401564355
0 0.9440693718 0.4153850139 0.0835895640 0.2164790477
1 0.1037967588 0.6363127893 0.1100472155 0.0793657917
1 0.6368749129 0.7304624883 0.0496988022 0.0746973289
1 0.7924793637 0.7444681974 0.0272159597 0.0311238265
1 0.7179312579 0.8705198571 0.0721815148 0.1276078425
0 0.6735573343 0.2029130038 0.5206535429 0.2863395488
1 0.5163341843 0.3063181709 0.0822265755 0.2133100280
0 0.7727114481 0.3712273499 0.0781807701 0.2832672589
0 0.4572911207 0.7353786180 0.3362660108 0.3391461199
1 0.6947385160 0.8816862560 0.0650922716 0.1769636566
1 0.6598688843 0.3171968113 0.0803597057 0.1900133619
1 0.6806750475 0.6968372890 0.1238683471 0.1361572522
0 0.5762189189 0.1540317482 0.0850439102 0.2540792257
0 0.7805091931 0.3315224634 0.0831951430 0.2273340519
0 0.9549619372 0.4318168918 0.0900761256 0.2723145044
0 0.7426092211 0.8852692505 0.0942878114 0.2066673471
0 0.4357115204 0.7406021033 0.3383269061 0.3865893709
0 0.9399664963 0.8937791242 0.0637831033 0.1385886996
1 0.6867012780 0.8609943978 0.1150159744 0.1288515406
0 0.4364350373 0.8413865546 0.2790202343 0.2072829132
0 0.4122974205 0.7931913702 0.3311191352 0.1805934105
0 0.7483998584 0.9162570729 0.0797343391 0.0830147367
0 0.5750884035 0.1290733540 0.0919160528 0.1689422672
0 0.7921430204 0.3016566536 0.0631230266 0.0917531289
0 0.9626859395 0.3657382142 0.0653379073 0.1034043256
1 0.5734272592 0.4880757051 0.1417499904 0.1150555437
1 0.8292416379 0.5375932966 0.1638984396 0.1383578944
1 0.3934712273 0.3067540508 0.1849393834 0.1747678655
1 0.6299057576 0.6723101961 0.0509414104 0.1135990773
1 0.9560414275 0.6075004556 0.0586933303 0.1470963080
1 0.6924920128 0.8795051468 0.0809371672 0.1988795518
0 0.5705537806 0.1316059818 0.1033013845 0.2184874056
0 0.7840788072 0.3038748947 0.0511182109 0.1708683473
0 0.9416932907 0.4187208331 0.1001064963 0.2212885154
