1 0.3440197239 0.4551291865 0.0348933819 0.0524285173
0 0.6477213629 0.7815390219 0.1227730310 0.1133132167
1 0.6905210774 0.6717829571 0.0711501863 0.1039741985
1 0.4580974274 0.4296937442 0.0545484610 0.0512111813
1 0.3430714317 0.4545234169 0.0379467031 0.0512111813
1 0.4100711134 0.4514197025 0.0604775672 0.0450037525
1 0.5351766873 0.3792585128 0.0450616957 0.0558667103
1 0.7569277508 0.4917679046 0.0735218288 0.0822482402
1 0.3294343653 0.7571348904 0.1411143723 0.0294852656
1 0.1159840628 0.7873960527 0.0509908914 0.0496592602
1 0.1485945377 0.7074755876 0.0711501131 0.0636259963
1 0.3460360011 0.8161053791 0.0913092777 0.0605222393
1 0.4378335112 0.4412942386 0.2134471718 0.0949720670
0 0.2863452712 0.2580554365 0.1293704136 0.1390563496
1 0.7541648515 0.5902859139 0.1507378154 0.1680008872
