1 0.7226639200 0.5803567479 0.0366821939 0.0390140233
1 0.8859593856 0.6217115809 0.0485152792 0.0655434855
1 0.6321414383 0.6638467339 0.0899308502 0.0780280467
0 0.7552046933 0.6435594666 0.2508598222 0.3245966622
1 0.4445882356 0.5616299919 0.0319491418 0.0858308599
1 0.2570351224 0.2034812831 0.0212994008 0.1061181165
0 0.3441723792 0.1029727553 0.5023815898 0.1398043766
1 0.6965429857 0.2368637739 0.1384404094 0.1782592066
1 0.1200337313 0.2192253691 0.0866672487 0.0873135985
1 0.2734776214 0.5533762943 0.0928993103 0.2242718386
1 0.4547145791 0.3015236754 0.3015988221 0.5825180405
