0 0.1670724099 0.8161342858 0.1509032569 0.1933869184
0 0.3650037382 0.7962471051 0.1188621318 0.2057308046
0 0.6456218878 0.8188773549 0.1343660040 0.1851574742
0 0.3593190125 0.1454523081 0.5870756976 0.2345329058
1 0.6280014477 0.7267042473 0.0437826821 0.0517900111
1 0.3440057919 0.7047326902 0.0272163172 0.0298186049
0 0.1701277955 0.2358286313 0.0990415335 0.3192090503
0 0.4656549521 0.1828625296 0.3727369542 0.2838983159
0 0.1616080937 0.8170433260 0.1033013845 0.2217514124
0 0.3554313099 0.8050376763 0.1139510117 0.2627118644
0 0.6429712460 0.8120998232 0.1075612354 0.1666666667
0 0.4684853518 0.0548745421 0.3139675088 0.0983038582
0 0.4486261922 0.2756007297 0.2502379331 0.2030202251
0 0.9325814049 0.7695507761 0.0889123626 0.2613733152
0 0.6511782645 0.8406686298 0.1090780142 0.2163928188
0 0.3500678049 0.8017666057 0.0714965755 0.2066672805
0 0.1704097662 0.8187862116 0.0769962721 0.1945103791
0 0.4417300321 0.2395099381 0.2823197402 0.2589419737
0 0.8812505135 0.2723335654 0.1604089056 0.2881185241
0 0.1644517210 0.2419413227 0.0962453564 0.2808244134
1 0.7859217895 0.7926488758 0.1127445436 0.0863139697
1 0.4939774746 0.7993351565 0.1319936279 0.1240004200
