1 0.0777758536 0.5540669196 0.0429132520 0.1183869845
1 0.1870095900 0.6276359664 0.0715220881 0.1640505804
1 0.0671153449 0.5617863240 0.0816477328 0.1308104708
1 0.1949118308 0.6295000113 0.0603483482 0.1800567965
1 0.7049143896 0.2447633572 0.5147357977 0.4201323781
1 0.1852869800 0.6378117823 0.0760189459 0.1389187631
1 0.0673826114 0.5453743763 0.0620923961 0.1146523853
1 0.1998243484 0.6349083644 0.0985160235 0.1202334248
1 0.0651900745 0.5443944112 0.0561853598 0.0657010488
1 0.0694829455 0.5446481044 0.0598238741 0.1009022721
0 0.1246330537 0.4522556928 0.0336509193 0.1689809445
1 0.1910001533 0.6333934752 0.0747798152 0.1592553474
0 0.2550303954 0.5251970793 0.0439331575 0.1665495558
0 0.5209661124 0.6394719470 0.0373898832 0.1009023143
