0 0.5462567908 0.0267295729 0.1082774757 0.0534591458
1 0.8876493079 0.8407324825 0.1031820835 0.1505205736
1 0.8258674165 0.7054331029 0.0356678759 0.0727233887
1 0.5666722355 0.6572860393 0.0676646436 0.0929876233
1 0.0805557141 0.7486976137 0.0925936047 0.1875513388
1 0.1921429267 0.7928273302 0.0593548636 0.0772269607
1 0.2052009778 0.1876196787 0.0332387614 0.0803791668
1 0.2632063189 0.7998423908 0.0493827233 0.0453899843
0 0.2361695216 0.8021414682 0.0575601953 0.0935506185
0 0.5502750690 0.7859774109 0.0807086260 0.1090172734
