1 0.1975457328 0.1588944003 0.0829199687 0.1598519297
1 0.3959613629 0.3250150586 0.0580440106 0.1285084239
1 0.7483712788 0.4221798960 0.0639668609 0.0783587672
0 0.6867735482 0.5232627879 0.5283186532 0.4936603498
1 0.7554748795 0.4405265776 0.0511727079 0.0987306065
1 0.3212175674 0.3615420924 0.0270078289 0.0648801128
1 0.5525608835 0.4099670970 0.0433546445 0.0601786410
1 0.1929304452 0.1570286932 0.0760483244 0.1504466672
0 0.1151052813 0.3314527504 0.0867093133 0.1946403385
1 0.4768678873 0.2454160790 0.0113717020 0.0620592384
1 0.2529873228 0.3657734041 0.0298507463 0.1485660268
0 0.8556881317 0.4588622616 0.2075337815 0.1937000183
0 0.5049418468 0.4184297204 0.0945274174 0.1222378794
1 0.6553549533 0.3300143028 0.2702063131 0.1750002540
0 0.4975298818 0.3851001992 0.1130904989 0.1973709085
0 0.2962500647 0.3010797702 0.0560875508 0.2750409964
0 0.1145465013 0.2999772205 0.0753176919 0.2448879075
1 0.3561129377 0.3560365319 0.0727673106 0.1304613982
1 0.2450337278 0.3167627870 0.0689690271 0.1292561691
0 0.1174498519 0.3051861116 0.0396503863 0.1251816420
0 0.2931731495 0.3606237134 0.0612778328 0.1430647060
0 0.4963813570 0.4053314166 0.1000271210 0.1156439734
0 0.7779892065 0.4661339463 0.0630802244 0.1227971818
