0 0.3808516235 0.2217377444 0.1524970218 0.2892024610
0 0.6102432854 0.1498599439 0.1925597623 0.2130965574
0 0.8112033449 0.1794566902 0.1318193922 0.3331747841
0 0.9578847977 0.1287194137 0.0788332553 0.1843454398
0 0.4960441630 0.2119007883 0.5146523784 0.3786523435
0 0.5960889427 0.1590161670 0.2386474609 0.2129697746
0 0.3697383070 0.2409736164 0.1648671609 0.1854512305
0 0.3515209414 0.8708459439 0.1521149822 0.2583081123
0 0.5924454631 0.8499713663 0.0874433813 0.1423785673
0 0.3714485128 0.2935779774 0.2251751390 0.3562519244
0 0.6163685085 0.2155104176 0.1856854906 0.3716455145
0 0.8133967673 0.1984675184 0.1142679742 0.3265642827
0 0.8797729883 0.7663814822 0.1193092045 0.2550940061
0 0.7705462770 0.8186097385 0.0655360593 0.2407998879
0 0.6146880876 0.8384015387 0.0983040564 0.2386008321
1 0.8356139550 0.8039179967 0.2365561112 0.2979623805
0 0.8453616668 0.3337565854 0.3092766663 0.4256605756
1 0.6068124028 0.7438488326 0.4322843928 0.1122924123
0 0.5976944865 0.0607816507 0.1555407676 0.0864896268
