1 0.9606140137 0.6059338455 0.0543745325 0.0835671173
1 0.8619122769 0.5711142452 0.0768335870 0.1346358190
1 0.9399280305 0.4844520803 0.0862900754 0.1377308880
1 0.6899231606 0.5595077047 0.0591026793 0.0649966609
1 0.5179340444 0.6786681364 0.1453928197 0.1423735127
1 0.2862510691 0.3413047867 0.5425636758 0.6685366465
0 0.9035053010 0.3876761540 0.1666046792 0.1926440183
0 0.5131394894 0.6945533009 0.2006553163 0.2396109323
1 0.9609392207 0.6072635704 0.0332391617 0.0580760138
0 0.5014975203 0.5951647108 0.0738027694 0.1086997455
1 0.8779365053 0.5746826129 0.0665398780 0.0871135319
1 0.9614508771 0.6120170019 0.0597501065 0.0408900269
0 0.5092510792 0.6280174362 0.0516023676 0.0622239392
