1 0.0626256998 0.4321036178 0.0367605439 0.0702250620
0 0.2385463002 0.4970886145 0.0936129152 0.1400132769
1 0.1086368683 0.4516111010 0.1351537104 0.1622720354
1 0.5672903478 0.5952201372 0.1388865077 0.2198736212
1 0.1016403145 0.2099266159 0.1644943587 0.0593423093
1 0.1281398053 0.4543071490 0.1773635799 0.1519612087
1 0.2962657151 0.3673853178 0.0923768881 0.1069807203
1 0.7248056548 0.2233260508 0.5503886904 0.1519612516
0 0.2329398107 0.4173449184 0.0770024938 0.0853356779
0 0.4254460615 0.3746770794 0.0918626327 0.1102252917
