1 0.6239912932 0.0889083989 0.2724513072 0.1778167978
1 0.8875583413 0.7349195190 0.0533056849 0.1108049726
1 0.8277374788 0.3963488000 0.0402753297 0.0677141522
1 0.9011808936 0.2924691726 0.1374101781 0.1492789102
1 0.7311949252 0.7241468562 0.0177685182 0.1015711650
1 0.8245173863 0.7213886081 0.1498766413 0.1120075004
1 0.7680307807 0.4396971071 0.1270947812 0.3064244447
1 0.9172053551 0.4139504895 0.0979153566 0.3299408382
1 0.8769010044 0.4433280226 0.0954677037 0.1927052125
1 0.3006426276 0.4427580899 0.2367433170 0.3185107371
1 0.5256891312 0.4603856052 0.1946348015 0.1398044068
1 0.3231004987 0.7570139708 0.2723015824 0.1811378035
1 0.6328318744 0.7053471193 0.2872735127 0.1045493340
0 0.8083688699 0.2665743418 0.0543710021 0.0900277008
