1 0.5292255914 0.6125724137 0.0379062807 0.0384739588
1 0.6346524367 0.6148808234 0.0260605151 0.0584803447
1 0.5843081281 0.4001962128 0.0248759906 0.0292401935
1 0.1300251764 0.3624917556 0.0260605639 0.0923375053
0 0.7418561012 0.7418448747 0.3897237879 0.2970188807
0 0.4072147768 0.7787798303 0.3364181193 0.3431875382
0 0.6090012573 0.7838765195 0.1431343062 0.1691737717
0 0.3159826722 0.8275226794 0.1292293362 0.1478031401
0 0.1365175146 0.8520310420 0.1164925744 0.1701026980
0 0.9069278286 0.7140799441 0.1504395572 0.1743063042
0 0.1661088695 0.1271133178 0.0895021679 0.2472873236
0 0.3444182634 0.1361974587 0.0952682658 0.2518296572
0 0.5977098998 0.1351785713 0.1137163695 0.2541639851
0 0.8090175799 0.1112915552 0.0783600960 0.1635101561
