0 0.8883238966 0.2445695320 0.1102855873 0.2063315959
1 0.5552268714 0.4383457055 0.0520652633 0.0327717642
1 0.3931146851 0.9057336872 0.0496985747 0.0312112530
1 0.6090670292 0.9080744968 0.0319491418 0.0514984988
1 0.7421883450 0.8292661517 0.1041303966 0.1029969976
1 0.4197389483 0.5265173751 0.0721814173 0.0873913711
1 0.2960840292 0.4984272732 0.0496986397 0.0873913711
1 0.9392079769 0.6178101529 0.0437820971 0.0358928723
1 0.9806234829 0.6139088106 0.0272158947 0.0655435712
0 0.7142990811 0.1854720544 0.0756014985 0.1831048365
0 0.6376574174 0.9027634953 0.0354374407 0.0335911954
0 0.3680007983 0.9568015109 0.0719822568 0.0598799459
0 0.8840581957 0.2061112222 0.0631228966 0.0248282786
0 0.7151767459 0.2871682564 0.0908083525 0.0438146055
0 0.5462953123 0.3382853069 0.0365448161 0.0350516887
0 0.2971259656 0.4069282017 0.0365448486 0.0408936404
1 0.8790748279 0.6011729723 0.1417496979 0.0993131145
1 0.8303483957 0.4726500993 0.1506090256 0.1022341010
