1 0.6217413284 0.5736260642 0.0284596446 0.1095465002
1 0.3709399408 0.5274600392 0.0438754510 0.0704228361
1 0.6922977248 0.1714336610 0.5608938374 0.3255098047
1 0.6271440797 0.6797465795 0.0853721594 0.2296723272
1 0.0220074973 0.6517810875 0.0368532491 0.0596195275
1 0.6341880709 0.5724019440 0.0319535653 0.0667057091
0 0.9108420324 0.4232751981 0.1783159352 0.2143100792
0 0.8054900113 0.1320560079 0.2314609458 0.2055072623
0 0.1032529849 0.2587505502 0.0993821705 0.2613391285
1 0.1157200507 0.7099059199 0.0971434765 0.0673140405
0 0.9209116933 0.6321777988 0.1556784061 0.2589419513
0 0.6569954171 0.5744325235 0.0589550755 0.1288631385
0 0.4138054944 0.5464716522 0.0607974644 0.1507455745
0 0.2258860324 0.5148636939 0.0442163881 0.1531769229
0 0.0550082837 0.4650204081 0.0690880371 0.1653338365
