1 0.6876948372 0.6674058022 0.0388884480 0.0325876342
0 0.3404006486 0.3271661191 0.1017167854 0.2034169849
0 0.3798523704 0.6849079147 0.0424755648 0.0728909050
0 0.6655348128 0.7249090199 0.0630282672 0.0960026720
0 0.8676362857 0.6804633611 0.0452158849 0.1137809356
0 0.0817571671 0.1884436894 0.1635143341 0.1841590349
0 0.8641259720 0.6612009203 0.0562013077 0.1532598647
0 0.6645636069 0.7328869805 0.0495333866 0.1211247326
0 0.3873671259 0.6686167407 0.0533436703 0.0988773447
0 0.0774706215 0.6340096603 0.1549412429 0.1186528332
