0 0.2915238534 0.8014383842 0.1854976199 0.1406160460
0 0.5654395701 0.8572160970 0.1732273556 0.1865507103
0 0.5514547714 0.1761952294 0.0980847294 0.2170371547
0 0.7217407859 0.1944782519 0.0899110468 0.2252939566
0 0.9015628479 0.2039146372 0.0790126978 0.1922665746
0 0.7735077379 0.7718677752 0.0626652693 0.1722142257
0 0.5823332950 0.8007667511 0.0799209516 0.2300120953
0 0.2717315832 0.7659701197 0.1671073637 0.2382692155
0 0.2668480354 0.8165104534 0.2266273459 0.0995079236
0 0.5751321901 0.8402493915 0.1591715916 0.1596755263
0 0.7538304779 0.8414064718 0.0917160429 0.1187924042
0 0.5564931128 0.1464520759 0.1337278692 0.1257348349
0 0.7135937943 0.1881065625 0.1011834495 0.1519617052
0 0.5446727377 0.9013647642 0.1704564544 0.1341530555
0 0.2808571534 0.8609185816 0.1460181834 0.1519025389
0 0.7185336889 0.1135610295 0.0613100358 0.0606096609
0 0.5478123798 0.1177044505 0.0652779535 0.0615790715
1 0.6544630772 0.7177329391 0.2831373778 0.2751997156
1 0.1620535322 0.6348371339 0.2574050389 0.2577263279
1 0.4461350831 0.6828568922 0.1965638788 0.2565106357
1 0.7058801839 0.6871117942 0.1638031796 0.2261183727
