1 0.3697794829 0.3460440898 0.0344795738 0.0947095971
0 0.3478982051 0.1972147338 0.0888512240 0.1792717157
1 0.3903622986 0.3517309526 0.1245923599 0.1222264551
0 0.7895458085 0.2542782676 0.1575673078 0.2515368458
0 0.4827968754 0.7381707323 0.2869274731 0.2723145501
1 0.3458349191 0.4642360139 0.6916698383 0.4794846944
0 0.3432123712 0.8726122772 0.1146325753 0.2026983598
0 0.6289159738 0.8408465685 0.0862402369 0.1740331643
0 0.8092232008 0.8298651281 0.0980001627 0.1707537466
0 0.0814786536 0.1211783764 0.1472653561 0.2135002066
0 0.3497371466 0.1468524933 0.1503638924 0.2321001201
0 0.5907724694 0.1522871670 0.1260588190 0.2750652750
0 0.7860845418 0.1420427966 0.1590267670 0.2712400898
0 0.0591103297 0.8565534469 0.1182206594 0.1133120301
0 0.3488863127 0.1676058564 0.0780175312 0.1409529074
0 0.6005168572 0.2147216948 0.0794388871 0.1468593615
0 0.7790826977 0.2055969339 0.0917037544 0.1485116834
0 0.3564231251 0.8348264259 0.0760064434 0.1087265974
0 0.6235237854 0.8253934041 0.0768862429 0.1157181321
0 0.8150675308 0.8292806286 0.0621607117 0.0824927905
1 0.3815668697 0.2841469584 0.0480249442 0.2330575333
