1 0.8700295618 0.6469891533 0.0678734910 0.1560809355
0 0.6374837240 0.2322141774 0.0702168625 0.0825258968
0 0.8122583197 0.1997911337 0.0445786902 0.0995038018
0 0.4997963602 0.7061072490 0.0332977531 0.1399585665
0 0.6674964609 0.7188131843 0.0254771151 0.1356935968
0 0.2004548065 0.8578663141 0.1078618170 0.2572938444
0 0.4878009491 0.7279574665 0.0657834075 0.5440850670
0 0.6523476928 0.7316520788 0.0642974932 0.5366958424
0 0.8169303638 0.8689296832 0.0640507661 0.2411024578
0 0.2149305556 0.1336005570 0.1045936920 0.2502828178
0 0.4714939955 0.1237128451 0.0978170548 0.2379444571
0 0.6246473524 0.1221855836 0.1105067527 0.2292365516
0 0.8013565576 0.1104884208 0.1032787392 0.1861541769
