0 0.6700422957 0.7394301856 0.0776454743 0.0483614723
0 0.3603736893 0.7677393561 0.0648568643 0.0530797766
0 0.1827025067 0.7653802449 0.0639433990 0.0672342800
0 0.2781607931 0.1932986932 0.0411064481 0.1026208148
0 0.1246967197 0.1449371696 0.0538951057 0.0955435017
0 0.4174659713 0.2109919298 0.0365390579 0.0719525228
0 0.6741528739 0.1974271173 0.0383660521 0.0613365737
1 0.0658750028 0.5280067393 0.1019293077 0.1283544758
0 0.1230590606 0.1540954385 0.1154043075 0.1518583771
0 0.2817540714 0.1952137889 0.1062383037 0.1770251997
0 0.1942751680 0.8049135349 0.1443306096 0.2953998335
0 0.2852391582 0.1887412974 0.0419073918 0.1262659470
