1 0.6314363178 0.2691600057 0.0520308267 0.0704313451
1 0.1790118144 0.2949147404 0.0170726292 0.0546631153
1 0.2452698415 0.6560066901 0.0308933317 0.0304851303
1 0.5281876036 0.7033113063 0.0422750656 0.0515095182
1 0.0721046660 0.6218422736 0.0195115600 0.0189218269
1 0.2507908210 0.7363532428 0.0229270156 0.0426894250
0 0.0930528434 0.7695561478 0.1183034891 0.2893395283
1 0.2338248144 0.1950274697 0.0165074588 0.0462468852
0 0.2219027587 0.2039211081 0.0623615277 0.1778726448
0 0.4007336123 0.2258587265 0.1027130977 0.1885450010
0 0.2714251444 0.7191588720 0.0733665065 0.1553421448
0 0.5772717550 0.7286454163 0.0871227536 0.1695718880
1 0.4498500387 0.3085806078 0.3671513702 0.4862870704
0 0.3901322403 0.1501013555 0.0498852993 0.0582941695
0 0.0669920824 0.7758871159 0.0616128384 0.0575594264
1 0.1581769111 0.7315873206 0.0712369937 0.0799000529
0 0.2762143729 0.7644558762 0.0466116229 0.1468126161
0 0.5708238159 0.7629105237 0.0430261571 0.1282678487
0 0.9311676120 0.7273664146 0.0968087872 0.1931745592
1 0.1686490841 0.7775917511 0.0418309451 0.1329040772
1 0.0957437049 0.1864777802 0.0561729974 0.1684481680
0 0.9110007649 0.8715763871 0.1674967952 0.2314835755
0 0.5916675107 0.7347128680 0.0927874208 0.5305742641
0 0.2894405211 0.8647459716 0.1096604480 0.2214305136
0 0.0775593430 0.8556973997 0.1051490713 0.2135125092
0 0.2406355253 0.1015420338 0.1217869431 0.1655547155
0 0.4157321800 0.1063099976 0.1346748470 0.1798590026
0 0.6803341136 0.1070869992 0.1134681347 0.2031770699
0 0.9370930108 0.1581182228 0.1117006851 0.2415062818
