1 0.4532227067 0.7115896081 0.0703650142 0.0798922303
0 0.0774448241 0.6909383343 0.0444234791 0.1013632744
0 0.2447732415 0.6825982986 0.0473850254 0.0692862644
0 0.4930511127 0.7416199305 0.0582441391 0.0667202037
0 0.7546560293 0.7230153238 0.0365260380 0.0500401323
0 0.1618494391 0.0866078728 0.0612056697 0.0936647820
0 0.3207867690 0.1289494909 0.0493593896 0.0859662999
0 0.5552439803 0.1687249676 0.0542953475 0.0936648359
0 0.0842625787 0.7068671565 0.1178885621 0.1884979330
0 0.2615194863 0.6991508648 0.1348509606 0.0628326580
0 0.5015372086 0.7691486318 0.1094073796 0.1168467204
0 0.7695428637 0.7333230049 0.0890525021 0.0826744982
0 0.1694985580 0.0823989389 0.0695457735 0.0815721917
0 0.3327614943 0.1463339047 0.0771788604 0.1212559669
0 0.5668424115 0.1909781374 0.1212810528 0.1333815564
0 0.7707442527 0.4640326756 0.2955673202 0.4388640619
