1 0.4147899298 0.6090634242 0.0657138024 0.0819946289
1 0.3498774399 0.6563680425 0.0384666160 0.0693801695
0 0.4995004159 0.7442492033 0.2632043909 0.2552948863
0 0.4621073217 0.8145772216 0.0685441005 0.2012959222
0 0.7367954207 0.8004864774 0.0491062494 0.2106896528
0 0.7496098648 0.8348102523 0.1678161621 0.2531940908
0 0.4844514823 0.8799964071 0.1377708152 0.2201586519
0 0.1851594007 0.8494197459 0.1258257736 0.2617398034
0 0.2455542859 0.0708540882 0.1136095589 0.1323032271
0 0.5060591709 0.0831855898 0.1233629768 0.1604147782
0 0.7350344434 0.1002360788 0.1118417999 0.2004721576
0 0.0853642758 0.0410370479 0.0743836627 0.0716189388
