1 0.1125235637 0.3501299114 0.1029507254 0.2211359019
1 0.6644897837 0.2178374277 0.0358567817 0.1166707447
1 0.4450811832 0.3567311303 0.1007401237 0.1277822144
1 0.5475287869 0.3856210227 0.1126923341 0.1300045402
1 0.3554395486 0.2850619930 0.0597610897 0.0600020861
1 0.2986664928 0.2856175622 0.0589073120 0.1166706835
1 0.1309085829 0.2056147951 0.0204895170 0.1055592382
0 0.2751889396 0.3878433423 0.4132053049 0.4189034763
1 0.3610991209 0.2920081193 0.0505404563 0.0622239468
1 0.1118117008 0.2022278395 0.0546383391 0.0711130786
1 0.4082246735 0.3222311673 0.0409787707 0.0835578631
1 0.6561461312 0.1275590959 0.0969830958 0.0675574259
1 0.3467565455 0.1124475689 0.0792256071 0.0693352584
0 0.5109904460 0.3010425277 0.2336414123 0.2899759104
0 0.3143107472 0.5663646218 0.2823557780 0.6039266212
0 0.5527520688 0.5758694891 0.3126365488 0.5884581981
0 0.8438093053 0.5784459485 0.2321587055 0.5111913857
