0 0.3478086866 0.1038519459 0.0661158225 0.1120504318
1 0.3457512649 0.3161825857 0.0389436062 0.0350317186
0 0.1766153830 0.1052732345 0.0701789998 0.0775159897
0 0.3480926287 0.7419325552 0.0926323457 0.1665971818
0 0.1684135806 0.1156253538 0.0632002026 0.0917998591
0 0.3387793691 0.1120487828 0.0485451284 0.1013375067
0 0.1679556089 0.7319958841 0.0622842593 0.1013375067
1 0.3099270978 0.6705972733 0.0219826586 0.0333817513
1 0.3355735580 0.6646362305 0.0183188664 0.0357662078
1 0.5929541795 0.6813271061 0.0109913577 0.0262285294
1 0.6048615183 0.6813271307 0.0091593954 0.0309972948
1 0.4775405184 0.2938360522 0.1522399449 0.1252160595
