0 0.6599059646 0.7729760329 0.1139490773 0.1825081515
0 0.6287294391 0.1914901733 0.0748153134 0.1580397032
0 0.3938661579 0.2054706090 0.0426163272 0.1592553682
0 0.2352387655 0.2139804380 0.0700801618 0.1568239782
0 0.0714027002 0.1890588013 0.0549276924 0.1604710933
0 0.6381997424 0.7300408546 0.0880736930 0.1434514231
0 0.3531439063 0.7470605007 0.0748153134 0.1847848253
0 0.1973575899 0.7810998410 0.0549277065 0.1556083854
0 0.9260965796 0.6200208972 0.1316370581 0.1009022237
1 0.7518432692 0.1422547475 0.0880737679 0.1154905579
1 0.5184004885 0.8364137089 0.1060672242 0.1154905399
1 0.7864097750 0.7270016501 0.1420543242 0.1130591859
0 0.6439502170 0.7461479073 0.1332556325 0.1397804158
0 0.3494770010 0.7661680157 0.1336812300 0.1667388122
0 0.1932096206 0.7785260236 0.0903847017 0.1473057764
0 0.2350954415 0.1694999136 0.0999949756 0.1199926282
0 0.3953374086 0.1807214784 0.0837399346 0.1343745238
0 0.6333760542 0.1922068975 0.0890982144 0.1313508788
0 0.0768437769 0.1744428594 0.0613538205 0.1193939882
0 0.8546093870 0.1210786445 0.0834130650 0.0910673690
0 0.2405833695 0.1114499233 0.1057207589 0.1543190147
0 0.3966019117 0.1300985729 0.0667440603 0.1763996398
0 0.0825335887 0.0920997278 0.0569902049 0.1420869384
0 0.3679594130 0.7950378370 0.0916790760 0.1284405744
0 0.2010572140 0.8255113101 0.0796166520 0.1015684640
0 0.6487310982 0.7742737153 0.1267287674 0.0940114556
0 0.9255600772 0.6718322898 0.1488798456 0.1199944438
0 0.6287195289 0.1172049652 0.0894218243 0.1649792418
