0 0.8046984769 0.8652555388 0.1251047218 0.1386819452
1 0.6605139129 0.9265299643 0.1271708328 0.1429650494
0 0.7751295775 0.7935514290 0.2446214622 0.3900003209
0 0.4697577109 0.7914490115 0.1279808182 0.3731808985
0 0.2731714214 0.7683854388 0.1169588468 0.1968495953
0 0.4627726868 0.7642350072 0.0886328882 0.2264956520
0 0.7976587734 0.7126509054 0.1480260568 0.3106903138
0 0.2411904820 0.1760578526 0.0712718086 0.1648318868
0 0.4211974625 0.2317923809 0.0749267578 0.1838053570
0 0.6994316318 0.1908808605 0.0575656467 0.1897345581
0 0.0899663368 0.8134473753 0.0648756160 0.2015929398
0 0.4640497094 0.7725798762 0.0503635298 0.1811764549
