0 0.7870150766 0.0676487857 0.0705284900 0.0970092268
0 0.8015916542 0.1250889378 0.1585422583 0.2501778756
0 0.5988151921 0.1211043122 0.1383959860 0.2422086244
0 0.4148711211 0.1505621223 0.0998553776 0.2743702960
0 0.1840651156 0.1420236204 0.0972275838 0.2459086334
0 0.0474209446 0.7271951245 0.0884683344 0.3142166138
0 0.3307823962 0.7676106730 0.0683220722 0.2288316706
0 0.6058225898 0.7727337704 0.0928479168 0.2185854758
0 0.8055332819 0.7886722729 0.0718258184 0.2504624808
0 0.5620262359 0.4262806062 0.1738030040 0.0481608401
1 0.9091911434 0.6223639622 0.1570403011 0.0527475829
1 0.3123498264 0.3540393870 0.0679331704 0.0435740973
0 0.3546977630 0.0989016871 0.2108574663 0.0837080966
0 0.3274071742 0.8325605905 0.0736915565 0.1592764085
0 0.6029096286 0.8535136151 0.0940225437 0.1313780918
0 0.8067578668 0.8617752649 0.0760585781 0.1248181251
0 0.7873116052 0.1338812318 0.1096953872 0.2558139652
0 0.5923338203 0.1490234021 0.1059336776 0.1642087352
0 0.1897721789 0.1564711858 0.0637869297 0.2016942527
