1 0.1420443595 0.6361852781 0.0460957519 0.0977811563
0 0.0534117216 0.1782371341 0.1068234431 0.1737912779
0 0.2036408386 0.2380860248 0.0830258262 0.1926352864
0 0.4473302597 0.2224602850 0.1036504518 0.1779554065
0 0.7470962990 0.6882378883 0.0886097221 0.2331801906
0 0.4276644356 0.7533387052 0.0976798052 0.2028070829
0 0.1429829092 0.7243025963 0.1154160517 0.1781881313
1 0.5863310552 0.1438271006 0.0673410067 0.0924438579
1 0.8131392746 0.1857917760 0.0420880503 0.0912275424
1 0.1121382222 0.1693708221 0.0168352517 0.1265021430
0 0.1392616789 0.7903197831 0.0860468297 0.1751568419
0 0.4357490836 0.7748949867 0.1328113633 0.1690749454
