1 0.4578498392 0.7036729190 0.0225539075 0.0588680588
1 0.1363006962 0.6732828982 0.1135807018 0.1435944323
0 0.3490562400 0.4701111354 0.3549118278 0.2516478465
0 0.7439946193 0.7914331712 0.0698645309 0.1641181509
0 0.4379879506 0.7938645488 0.0689329732 0.1689809061
0 0.1440911268 0.7804920132 0.0791797854 0.1179218947
0 0.9386838238 0.2534903735 0.0884951187 0.1969417790
0 0.7118569641 0.2692943432 0.0298089026 0.1215690022
1 0.6089232202 0.2310001104 0.0456449117 0.1689809369
0 0.4920165354 0.2158039902 0.0633438787 0.1483141658
0 0.2097638173 0.1890588009 0.0707960887 0.1361573088
