1 0.6055348777 0.6597695480 0.0992501170 0.1775804730
1 0.6141852017 0.7064649226 0.1071461645 0.2281133478
1 0.3300856146 0.1382838900 0.6006676975 0.2291646087
0 0.4153154871 0.6108044833 0.4367016571 0.4425610021
0 0.0701798899 0.6130298572 0.0699249747 0.3110427491
0 0.2820829758 0.6657889578 0.0851260406 0.3409658429
0 0.5541823627 0.6626391981 0.1088397773 0.3976622951
0 0.6943363509 0.6535835084 0.1143121578 0.4189233613
0 0.8788774988 0.6626391981 0.1039754182 0.3173423658
1 0.6505738620 0.7578614644 0.1540917082 0.2577583763
1 0.6111512583 0.7146455318 0.1227170446 0.2448049542
1 0.3079427710 0.5868701113 0.0830293101 0.1154578785
0 0.2636318395 0.4997288097 0.1858469583 0.2208243922
0 0.5298214616 0.4817534938 0.1480699361 0.2311089134
0 0.6856954791 0.4603315290 0.1321627612 0.2626511180
0 0.0737858007 0.4489221892 0.1475716013 0.3279494874
0 0.8455218611 0.4537805682 0.1410443536 0.3095840381
