1 0.4553090987 0.6804526604 0.0434670091 0.0766706852
1 0.7075081325 0.7105311679 0.0425613648 0.0613365071
1 0.8600953601 0.2422500158 0.0416558468 0.0613365482
1 0.4045976302 0.2693796698 0.0489003694 0.0920049045
1 0.9148818172 0.5849091563 0.0298835450 0.0507206261
1 0.7111723890 0.6978909680 0.0225970273 0.0578167034
1 0.4565524571 0.6779179329 0.0314744692 0.0620216719
1 0.4141830547 0.2705725698 0.0193688895 0.0693801098
1 0.8536143927 0.2385105534 0.0298603056 0.0578167651
1 0.7434520929 0.2567762802 0.2354254488 0.2168403482
