1 0.7193242974 0.2617278414 0.0393078500 0.0600020797
1 0.9496170847 0.5511823031 0.0606708349 0.0700024100
0 0.4907405038 0.7634119104 0.3836789914 0.3500121481
0 0.2873646834 0.6774349489 0.2228862184 0.1182363022
0 0.6160457835 0.6970984663 0.1073979900 0.1212438808
0 0.8184121714 0.6762634621 0.0534924203 0.0752101044
0 0.9009096317 0.2218306107 0.0889820016 0.1219957508
0 0.7382018476 0.2484861303 0.0841599597 0.1310655407
0 0.5782303660 0.2722918193 0.0616188262 0.1414176093
0 0.3351212068 0.2172688532 0.0707777466 0.1001570943
0 0.3804315620 0.8313800609 0.4194493155 0.2177297006
1 0.8186062745 0.2081646881 0.0393233450 0.1204203239
1 0.4600145464 0.2251938222 0.0617938440 0.0960929858
1 0.8510266756 0.7108572009 0.0609275227 0.1111903290
1 0.6704753486 0.7353622756 0.0551979278 0.0981168148
1 0.9559695406 0.6882630623 0.0480006924 0.1475964238
1 0.3785367322 0.7151305219 0.0339707318 0.0843302900
0 0.3502351365 0.7632938207 0.1110153718 0.1253957948
0 0.6247717512 0.8461877697 0.1427622131 0.2722460859
1 0.7795358380 0.7134410717 0.0351428714 0.1077703946
0 0.8275599996 0.8453460546 0.1460494570 0.2669318010
0 0.3408573021 0.1349919944 0.1137725736 0.2211856688
0 0.5764096476 0.1192392408 0.1121788001 0.2157179753
0 0.7224691385 0.1211631862 0.0981214777 0.2131630764
0 0.8703659010 0.0984582594 0.0779181229 0.1854642632
0 0.1856135838 0.7802074144 0.1402505030 0.1778339871
1 0.0858285535 0.6245173210 0.1565509991 0.1611866728
