1 0.6813738718 0.3158076156 0.0827139115 0.1229920046
1 0.6355568460 0.7215761115 0.1046087779 0.1208895374
0 0.3249690919 0.7414795330 0.0547087899 0.1500234342
0 0.6023708221 0.7346602730 0.1017022069 0.1745726723
0 0.1391316700 0.2314499565 0.0831803675 0.2777399478
0 0.3752294487 0.2559564342 0.0663762363 0.2200136217
0 0.6436751516 0.2330837339 0.1041855000 0.2483321990
0 0.8230590820 0.2614023266 0.0798194972 0.2831858555
0 0.7923915615 0.7237576794 0.1058658879 0.2603131451
0 0.5907422077 0.7281143852 0.1092267268 0.2624915082
