1 0.3540008734 0.2369337390 0.1408757117 0.0441509780
1 0.2240551777 0.6143194834 0.0250985598 0.0399461562
1 0.1200176381 0.6227292092 0.0453393040 0.0546630941
1 0.0997768860 0.7168128311 0.1052519757 0.0998652468
1 0.3321408416 0.6999934002 0.0663896960 0.0725337613
0 0.5001391614 0.8350743530 0.3845744952 0.3111592775
0 0.5316593652 0.8472139502 0.3893371961 0.2830363448
0 0.1538501684 0.1231205207 0.0522206624 0.0765427261
0 0.2941311980 0.1806148816 0.0315987723 0.1515470525
0 0.5442622404 0.2107994172 0.0250634614 0.1398972029
0 0.7859161882 0.2236104370 0.0512434365 0.1823539734
0 0.4954866524 0.8204090980 0.3186433843 0.2504457043
0 0.9134928385 0.7035650643 0.1730143229 0.1507172533
