1 0.1615883990 0.5634998807 0.0526454727 0.0830458980
1 0.2158537266 0.1650898483 0.0769433715 0.1881672649
0 0.1920907373 0.1673078783 0.0693173468 0.2335996797
0 0.3562633997 0.2126862039 0.0620207680 0.2470158870
0 0.5204360810 0.2355726614 0.0717495144 0.2359672583
0 0.7584864235 0.2809509670 0.0601966422 0.2399131787
0 0.2544155452 0.7221071302 0.0869507139 0.2335997257
0 0.4280129520 0.7260530628 0.0802621770 0.2572753218
0 0.7210915615 0.7603827582 0.1337703582 0.2249185805
0 0.9658304219 0.6933017553 0.0492518120 0.2501726381
0 0.1981831780 0.0569446882 0.0349211208 0.0998674122
0 0.4321781660 0.7539719291 0.0529152087 0.1700480242
0 0.7267525723 0.7663098518 0.1202628843 0.2002853418
0 0.5180122622 0.1792797574 0.0526253296 0.1315524459
0 0.2558166939 0.8635590533 0.1057813659 0.2270711263
0 0.4368952522 0.7498647103 0.0963496736 0.5002705794
0 0.7245788953 0.7512998228 0.1194734408 0.4974003545
0 0.5381839837 0.1159034297 0.0887375067 0.1950626542
0 0.7813286415 0.1076362843 0.0986336455 0.2152725687
0 0.3703556676 0.0936902658 0.0719015723 0.1767537363
0 0.9737471966 0.7760820619 0.0525056068 0.1214515084
1 0.2042708480 0.1552627674 0.0714390000 0.1375742865
