1 0.7731433766 0.5566037824 0.0561151226 0.0964008454
1 0.8882708736 0.4666239585 0.1232935983 0.2049866707
1 0.7970173521 0.5591307363 0.0997704136 0.2302157987
1 0.5524581026 0.1181465897 0.4542395088 0.2270621988
1 0.6566898177 0.4808153460 0.0770584989 0.1135310511
1 0.7467266242 0.5706941174 0.0283899693 0.1229920418
1 0.6546620035 0.6490095323 0.0519131160 0.0672776253
1 0.8020415291 0.5954456699 0.0850373549 0.1688264416
0 0.5127750152 0.5560154330 0.0672189253 0.0888913555
0 0.9755348533 0.3951220851 0.0489302934 0.0942248437
