0 0.5518536349 0.7079699723 0.0963999404 0.1488293195
1 0.7252326457 0.5144541641 0.0558701389 0.0609703575
1 0.6920344993 0.4009231486 0.1206470621 0.0525607193
0 0.4179471577 0.7204920587 0.3999974571 0.3363884320
0 0.2696441036 0.7779282066 0.0881920826 0.0605220846
0 0.2631930232 0.6945720806 0.0828257311 0.1755072872
0 0.5445148427 0.7038418358 0.0742575390 0.1025852889
0 0.8582053748 0.5753012854 0.2313407618 0.1891029092
0 0.1003976269 0.1717581659 0.0694974388 0.0865176613
0 0.3688672114 0.1915336333 0.0580732024 0.1705634089
0 0.8667735512 0.2230507899 0.2123004399 0.1989906454
