1 0.2476848220 0.6465675954 0.0222126153 0.0233341876
1 0.5189354787 0.5371193697 0.0179409907 0.0266676020
1 0.7508868402 0.5454529671 0.0256300318 0.0677801362
0 0.8544495513 0.7675768731 0.1052530756 0.1884496775
0 0.9048761725 0.1550876384 0.1612969194 0.1333370350
0 0.6403765989 0.1764215650 0.0833822919 0.1297813882
0 0.3779273837 0.0990860919 0.1571961396 0.1635600785
0 0.5612445346 0.7462429516 0.0847492080 0.0853356860
0 0.0636615549 0.8332347549 0.1139791281 0.2467290574
0 0.2733011887 0.8575589681 0.1321678280 0.2436777922
0 0.5647368249 0.8480197519 0.1219685978 0.2723286057
0 0.9055406793 0.1043674101 0.1406054334 0.1807561655
0 0.6523416987 0.1269361038 0.1226019559 0.2105315721
0 0.3706305740 0.1068931836 0.1647656667 0.2038580385
0 0.1720987180 0.1051248148 0.1230663864 0.1868425111
1 0.5328402120 0.1866565235 0.0459773035 0.1625659791
