1 0.7119239344 0.7284090287 0.0608575879 0.0861995536
0 0.7244861023 0.7938653806 0.0558354292 0.2027747754
0 0.4228829977 0.8223250205 0.1061789284 0.1980315773
0 0.3844389018 0.2460176354 0.0915335600 0.2193762457
0 0.1615546717 0.2039211112 0.0356980834 0.1328115777
0 0.6604126040 0.2578758153 0.1070943292 0.2454642455
0 0.8480563799 0.2537254554 0.1089249409 0.2229337263
1 0.7162656255 0.7556883618 0.0669878084 0.2626631758
0 0.3751495978 0.2233260483 0.0985313720 0.1738436810
0 0.6610202344 0.2184632803 0.0391533725 0.0887454246
0 0.4295764723 0.8305632090 0.0609956052 0.1799221308
0 0.7336161897 0.8129356902 0.0891473987 0.1641181654
0 0.9170722388 0.7916611056 0.0638108162 0.1240004007
1 0.5830039207 0.4026403382 0.0825786996 0.1069807740
0 0.4962024521 0.4293855010 0.0910242376 0.1191376327
0 0.3094620139 0.4105423414 0.1529582623 0.1276474255
1 0.3033624454 0.6311900470 0.2083235247 0.1385886639
1 0.0973849200 0.4457973175 0.1360671586 0.1154905259
0 0.4206617008 0.8311710601 0.0957162243 0.2151771684
0 0.7143790412 0.7849748661 0.0994698390 0.3172951744
0 0.9090959342 0.7527590227 0.0609956052 0.2309810928
0 0.8541998579 0.2555418559 0.1032233270 0.3160794004
0 0.6449379612 0.2664830379 0.1294984397 0.3355304213
0 0.3779647772 0.2257574400 0.1135457040 0.3172950975
0 0.1579113570 0.2063063807 0.0619340247 0.1714122765
