0 0.2626289020 0.7720015547 0.4206983625 0.3511054537
0 0.6468505227 0.7967050935 0.1613083004 0.2848789069
0 0.3548660634 0.2290678210 0.0661472220 0.1251107364
0 0.6302584742 0.2349153702 0.0765327758 0.1390240466
0 0.8158887945 0.2335626821 0.1158657143 0.1996985974
0 0.6647944478 0.7559517271 0.0698613266 0.1358131014
0 0.8534177665 0.7218297135 0.0873521502 0.1414349763
0 0.3831131558 0.7518963324 0.0723183472 0.1397767794
1 0.4521162921 0.3963566275 0.1282252860 0.0963456543
1 0.2323501168 0.4003937198 0.0887159271 0.0750914831
1 0.1501293410 0.4076987754 0.0754822425 0.0490787422
0 0.7493177085 0.7351315449 0.2202942432 0.2856871206
