1 0.5608204303 0.3168588251 0.0752526925 0.1608357215
1 0.6596161661 0.3129393528 0.1417531893 0.2579303335
0 0.3192048395 0.1990524231 0.0880684368 0.2263417030
0 0.6381862721 0.7702083473 0.1424542901 0.2048971482
0 0.2854266937 0.7684755997 0.1937028514 0.2040178899
0 0.7891789930 0.8766770545 0.1087122156 0.2017900043
0 0.9566813298 0.8576717466 0.0732544765 0.1495519340
0 0.5824869340 0.7822569368 0.1317473625 0.4354861264
0 0.2906737399 0.8331938244 0.1859560028 0.1316949549
0 0.5749161641 0.0979903171 0.0983023971 0.1887746750
0 0.7431869074 0.1260809486 0.0896353419 0.2521618972
1 0.9367763695 0.0977374869 0.1264472611 0.1954749739
0 0.3218807285 0.0765417292 0.0902915722 0.1530834584
