1 0.1143836103 0.6113300955 0.0305702535 0.0336388934
1 0.2817155674 0.1734995561 0.0450509197 0.1229920345
1 0.5190372762 0.1808580425 0.0563136213 0.1124798865
0 0.5514460393 0.1875085377 0.0863419380 0.2145224841
0 0.7280822339 0.1831386280 0.1064073116 0.2423309375
0 0.8797886774 0.1358642401 0.1143118733 0.2494817046
0 0.8770524626 0.7103077640 0.1246485672 0.2971533775
0 0.8874334909 0.1355684648 0.1153636836 0.1847848500
0 0.7190397945 0.1714313005 0.0725674455 0.1373729937
0 0.5511112319 0.1896666557 0.0641942817 0.1398043382
0 0.0515122016 0.1817646596 0.0437265529 0.1434514474
0 0.8534756260 0.6917466232 0.0958262509 0.2054515774
0 0.6743829832 0.6972171516 0.0334926556 0.1434514351
0 0.3915558710 0.7148447352 0.0967565941 0.1592554519
0 0.0696540665 0.6643935874 0.0818709738 0.1920790653
1 0.3989986917 0.1155095628 0.0707067592 0.1057650341
0 0.3724860415 0.8385295237 0.1301039189 0.2036172714
0 0.6679574779 0.8346207367 0.0487423968 0.2503391170
0 0.8431051536 0.7949713337 0.0844745412 0.1991925428
0 0.5309579059 0.0854671854 0.0774244717 0.1067749744
0 0.6998468202 0.0861165052 0.0649104928 0.1405729289
0 0.0815906159 0.7509073253 0.1186081508 0.1655276886
0 0.8528395636 0.0591495524 0.0884839365 0.1039219680
