1 0.3246184924 0.5776912421 0.0788220442 0.0735850050
1 0.1855633804 0.1820929894 0.0373839385 0.0424637913
0 0.7407278319 0.7599567324 0.1393130282 0.1145147725
0 0.7652682568 0.8732031577 0.2578994767 0.2396747296
0 0.4333008349 0.8551877842 0.1135594428 0.2312650240
0 0.2606491515 0.8596868305 0.0882059628 0.2597783628
0 0.2161915808 0.0882860777 0.0814970030 0.1765721554
0 0.3684378055 0.0834222188 0.0922272139 0.1668444375
0 0.5486421477 0.0805480906 0.1192594763 0.1610961812
0 0.7727065298 0.0980521311 0.0853031636 0.1828163179
