0 0.2998132691 0.8852194045 0.0661345155 0.0979473787
0 0.2990968093 0.8212870910 0.1053368496 0.2173995048
0 0.2269735628 0.1900820469 0.0361721329 0.1301689199
0 0.4129707577 0.1885907570 0.0769570823 0.1771615851
0 0.2779028491 0.7496270941 0.0955978386 0.1681858643
0 0.5835152482 0.7702860980 0.0659402208 0.1227948483
0 0.8689104867 0.7893938806 0.0248656152 0.1354807960
0 0.6835744691 0.2309209739 0.0402148033 0.1378414416
0 0.8892859879 0.8837701687 0.0939521019 0.1940914683
0 0.6012395605 0.7765717744 0.1296249540 0.4468564512
0 0.3086980329 0.8782540446 0.1560146938 0.2400486408
0 0.2519763095 0.0811918685 0.1152109534 0.1610590123
0 0.4343230901 0.0928971405 0.1611012993 0.1857942810
0 0.7082337469 0.1073237030 0.1290558193 0.1950194948
