1 0.8493592520 0.2959195139 0.0344235252 0.0436433906
0 0.7007945323 0.7677393653 0.0996470865 0.2134985608
0 0.8683827213 0.7877916820 0.1014588311 0.2394485597
0 0.4009474572 0.7364812306 0.1395058076 0.2406280468
0 0.6983544134 0.8165901689 0.0597759843 0.2026378527
0 0.7068861968 0.7833200187 0.0876998712 0.1424218395
0 0.4127466093 0.7608661559 0.1044515984 0.2540497664
0 0.8226698125 0.2553328358 0.0709482198 0.1103448575
0 0.4048634569 0.2521251192 0.0650359123 0.1372895002
0 0.6669778185 0.2585405156 0.1202178652 0.1398556390
0 0.8729248047 0.7980754895 0.0906561385 0.1796310992
