1 0.6362743189 0.2852895678 0.1809753569 0.2039354727
1 0.6593002093 0.5155053868 0.0508993168 0.1955257790
0 0.5053904127 0.4056535558 0.3700299027 0.5539896745
1 0.5993595879 0.3567945078 0.1409479651 0.2730375035
0 0.4917952849 0.2762167281 0.1012955090 0.4959232926
0 0.9364217248 0.3119643145 0.0801097757 0.3373475620
0 0.1478669266 0.2902080395 0.1844668483 0.2518786739
0 0.4989150397 0.3563718443 0.1388762068 0.2600921287
0 0.9450021498 0.3239744005 0.1024036219 0.2427526649
1 0.6167493764 0.3207802396 0.2903774752 0.2619173354
0 0.7661464804 0.3513524582 0.0462920689 0.2190249162
1 0.5660129774 0.4146781958 0.1106763405 0.1262257402
0 0.5707952858 0.4031222922 0.2158872019 0.1848940151
0 0.7682364058 0.3933442587 0.0259611677 0.0657795831
0 0.9369836939 0.3862329505 0.0573877014 0.1795605646
0 0.1929927156 0.3328981384 0.1598658326 0.1546709733
0 0.9329990349 0.3361573027 0.1027770090 0.1945104184
0 0.5625348422 0.4121379269 0.2681544464 0.1154906047
0 0.1514270140 0.2468040945 0.2083569517 0.2467850641
