1 0.5413552014 0.1027110995 0.0540637652 0.1027085902
1 0.7848994801 0.0487626186 0.0758712608 0.0595508064
1 0.3242091932 0.0890652893 0.0418140583 0.1505027768
1 0.5661310640 0.7779138302 0.1528446605 0.0768119313
0 0.4269453476 0.7879493596 0.0856441618 0.1622243024
0 0.2658829857 0.8496025769 0.0729951252 0.1617927213
0 0.7126781141 0.7194317809 0.0782636580 0.1413001799
1 0.3724981806 0.5084053391 0.4102852193 0.1726279640
0 0.6110826084 0.6828178794 0.2428151555 0.6343642413
0 0.8796991792 0.8064189230 0.2406016415 0.2497825099
0 0.0657193300 0.1560043384 0.0843540001 0.1244479126
0 0.2330667780 0.1497819422 0.0272109731 0.0622239502
0 0.4228632870 0.1275590984 0.0421769894 0.0817800526
0 0.6670817233 0.0635573216 0.0897961735 0.0782243961
0 0.2745635025 0.8680241102 0.0775512545 0.1013361921
0 0.4459926141 0.8369121167 0.0884356437 0.1280035307
0 0.7174220047 0.7551321010 0.0544219462 0.0675574450
0 0.0494921657 0.1553247558 0.0692803770 0.2120601479
0 0.2421485755 0.1429235783 0.0920574902 0.2368625028
0 0.4058590583 0.0934738824 0.0721274948 0.1869477648
0 0.4139259532 0.8206479717 0.0958536960 0.2033793870
0 0.2468937950 0.8535110683 0.0977517612 0.1748565600
