0 0.4944092349 0.7673499298 0.6945143589 0.3778789410
0 0.5483676013 0.1949746341 0.2083542777 0.1972750529
0 0.8026667474 0.1887230089 0.1378344790 0.2069999126
0 0.8080116923 0.1552242482 0.1580426987 0.3032890212
0 0.5390420603 0.1709721798 0.1419472707 0.3164608496
0 0.2768527403 0.1411675904 0.1064059156 0.2620420917
0 0.7932414052 0.1339560458 0.1224730499 0.1459422576
0 0.5496933417 0.1744490060 0.1330850291 0.1273984992
1 0.6978184426 0.3181499074 0.2357420613 0.3002755170
1 0.4087537347 0.3199734044 0.2600646500 0.2941969544
0 0.5359796253 0.2725614877 0.1234839624 0.3647069886
0 0.7988507411 0.2287966701 0.0823226416 0.3136480420
