1 0.8787832947 0.6859662819 0.0487010606 0.0630728135
1 0.9185557748 0.6539042810 0.0308438997 0.0473046204
0 0.2943715787 0.7159258653 0.2418815340 0.3794881512
1 0.1360933905 0.6376104528 0.1850637024 0.2207549496
1 0.4209940835 0.4137018973 0.0487009974 0.0462534321
0 0.9204965727 0.7624412245 0.0906459625 0.1541563017
0 0.9143691930 0.7689429628 0.0826039248 0.1483142835
0 0.6276019436 0.7276093901 0.0497501320 0.1556082917
0 0.3093890166 0.7081584764 0.1229672701 0.1191376367
0 0.0451501864 0.5410009700 0.0300378103 0.2273340564
0 0.3755660529 0.2218824268 0.0675850092 0.1629024534
0 0.9082677319 0.1823725096 0.0779105709 0.1860005758
0 0.3156402999 0.7248162846 0.1312347365 0.3283743395
0 0.6195187522 0.7107902542 0.0866404000 0.2508186325
0 0.9214860313 0.7578187427 0.1274123268 0.2590691856
0 0.9023741886 0.1819260007 0.1325088730 0.2854711838
0 0.3787093950 0.2083279656 0.1146711194 0.2590692368
0 0.6099026649 0.8596936027 0.1285513547 0.2473002894
0 0.3123107073 0.7986534932 0.1766332610 0.1383951495
0 0.9089070996 0.8364354011 0.1180471127 0.1415585800
0 0.3838588847 0.1141634800 0.0918875901 0.1743891004
0 0.9105324491 0.0839827139 0.1169533475 0.1452993333
0 0.1719888799 0.0748240307 0.1200059983 0.1496480613
0 0.9087485536 0.1103695537 0.0676661471 0.1198364913
