0 0.8840144886 0.7121980901 0.1438535515 0.2384652203
1 0.6322394196 0.7269635941 0.0410820883 0.1282480423
1 0.6096844994 0.6491737726 0.0233604329 0.0840970965
1 0.4582445210 0.6607371136 0.2247434062 0.1808087018
1 0.7550830545 0.6649419911 0.2513259209 0.2207549349
1 0.6085990582 0.6556821095 0.0280200599 0.0577979043
1 0.6253207344 0.7347119701 0.0524246547 0.0695934218
0 0.5771455025 0.1012061965 0.0875673975 0.1811378211
0 0.3344720093 0.1085003304 0.1164460207 0.1981574656
0 0.8580132596 0.7072276786 0.2002871493 0.2650204554
0 0.8767610568 0.7500997690 0.1360089244 0.1665494973
1 0.7305049166 0.6473739356 0.2198500214 0.1312944873
0 0.5912354399 0.7464526713 0.0810464822 0.1470984332
0 0.3108334783 0.6729034341 0.0493731178 0.2504321470
0 0.8511429543 0.1604901004 0.0717307626 0.1203533590
0 0.5851802727 0.1689999229 0.0558940647 0.1470985155
0 0.3434383704 0.1531959513 0.0680044306 0.2127457489
