0 0.3485056454 0.6050734096 0.3506731215 0.3933482294
1 0.6091410847 0.7811912103 0.1929994322 0.2033410522
1 0.7965401614 0.6456304952 0.1852450549 0.2211194705
0 0.4133447513 0.5217202687 0.1195351059 0.2229337048
0 0.2345018347 0.5869402321 0.1112595871 0.1612712133
0 0.6697237640 0.2671001013 0.2117346293 0.3326561153
0 0.4021147732 0.5179466426 0.1285531452 0.2817282788
0 0.4263561455 0.6053086093 0.0385884012 0.0540114591
0 0.8093972107 0.2861957767 0.3329192989 0.0937673715
0 0.4259179301 0.5329010928 0.0916697712 0.1974428923
0 0.2514026927 0.6297152822 0.0997558372 0.1745435224
1 0.1478194913 0.5130758126 0.0835790595 0.0456051421
1 0.1392881465 0.1449462074 0.0768289843 0.0794583426
0 0.6574244202 0.6027989416 0.1606940432 0.2575262676
0 0.8398311504 0.4551293619 0.2390886362 0.1513903768
