1 0.5332891966 0.2206399232 0.0428527137 0.0956604702
1 0.7770647006 0.6936861349 0.0857054274 0.1103773977
0 0.4508178979 0.7935514591 0.4228676585 0.3605663767
1 0.3408561691 0.8198318584 0.0509381660 0.0704312844
0 0.5946294812 0.7755005786 0.1185717849 0.1944779695
0 0.8495589231 0.7369607589 0.1340773683 0.2430974824
0 0.1559136788 0.2187481620 0.0474287313 0.3142479015
0 0.3132494024 0.1997747049 0.0483408231 0.2122655589
1 0.4288924160 0.2877576476 0.1916851099 0.1495298691
1 0.6584470129 0.3157185160 0.2113211496 0.1592554270
1 0.9160530928 0.2883654937 0.0869595545 0.2139614716
0 0.8468375828 0.7361192870 0.1150109585 0.2188241376
0 0.5836211969 0.7926489110 0.0804142606 0.1738436508
0 0.3138594696 0.7586095510 0.0495576088 0.2030202216
0 0.1759396745 0.6972172199 0.0448823696 0.1799221527
0 0.7692285068 0.1647450176 0.0458174996 0.1556083094
0 0.5499593920 0.2091177046 0.0374019773 0.1422357264
0 0.3175996263 0.1872352713 0.0607781894 0.1957260892
0 0.1619139211 0.1738626729 0.0710637426 0.2443537038
1 0.4503766488 0.8248646712 0.1150110849 0.1410201267
