1 0.7061178599 0.3674545721 0.0672582761 0.0420492565
1 0.3176670884 0.3648264877 0.0590226401 0.0304857227
1 0.3614593814 0.3329838344 0.1729404642 0.1929289339
0 0.2413018429 0.3366816630 0.1572168010 0.0675605353
0 0.2951060799 0.8214898899 0.1522555676 0.0468717263
0 0.8036031293 0.7752806736 0.1482679168 0.0296763065
0 0.8406184238 0.9519205708 0.1704785485 0.0336103828
0 0.7713823620 0.6039662905 0.1471117424 0.0308256184
0 0.7640973948 0.3464517579 0.1433019156 0.0298544071
0 0.7364970300 0.0634415908 0.1731820566 0.1066776647
0 0.3634550563 0.0436144372 0.2540636056 0.0710946526
1 0.3455469510 0.7394510852 0.2048403756 0.1200794143
1 0.6852313828 0.4810568783 0.1890258378 0.1907758157
1 0.6782055376 0.2365089090 0.1739550863 0.2110776857
0 0.2792791193 0.6376977678 0.1472950534 0.0703748257
1 0.3821188570 0.6057360897 0.1511900006 0.0850099797
1 0.3676090228 0.3388758753 0.1258216318 0.1551280108
1 0.8297468911 0.6777788214 0.0495586562 0.0440912429
0 0.2195723383 0.8145772099 0.3311743996 0.0536788303
0 0.2633784644 0.6334109215 0.1524453314 0.0670985694
