1 0.6239586160 0.3390657239 0.0186133752 0.0462534103
1 0.6156019679 0.3875611557 0.0808192932 0.1279200232
1 0.6417316976 0.6590710193 0.0588309996 0.1485796858
1 0.2112309335 0.5503466758 0.1684620765 0.1276474798
1 0.1199806441 0.3527970233 0.0758079169 0.1118434565
0 0.8074955337 0.8869407340 0.0966320558 0.2174541956
0 0.6139542838 0.8630635694 0.0920979994 0.2104132174
0 0.3181120917 0.8489117987 0.1058151965 0.2423914587
0 0.6155961181 0.1474188360 0.0997544660 0.2303050254
0 0.7946455508 0.1624019232 0.1174163440 0.2853843818
0 0.3530875649 0.1240552630 0.0954457702 0.1834073893
0 0.0839625635 0.0810521269 0.1024261408 0.1071643875
0 0.4529532582 0.8341897108 0.6420216809 0.2785480263
0 0.6258773425 0.2169754065 0.6317119362 0.1289348741
1 0.7200717973 0.2504255186 0.0646709130 0.1520458655
