0 0.5030019461 0.1287194145 0.0921674996 0.1268431970
0 0.5461303616 0.2274728149 0.3364654730 0.4015636752
1 0.8482073949 0.6465062055 0.0196389443 0.1105684714
1 0.2870952039 0.2713955537 0.0350695208 0.1114823558
0 0.3642481339 0.8032211365 0.0827640502 0.0657928590
0 0.6472591053 0.7977383641 0.0736459779 0.1261029045
0 0.8047212017 0.2119992232 0.0771529143 0.1261029969
0 0.5073317378 0.1621976727 0.0701390731 0.1489477350
0 0.8048792437 0.1357514829 0.1394276264 0.2262886787
0 0.0654158041 0.1445726007 0.1308316081 0.1788224314
0 0.0534862644 0.7641166184 0.1069725289 0.1271448559
0 0.3626456773 0.8139915826 0.0961612039 0.1285808661
0 0.6491416111 0.8359389376 0.0927588092 0.1570281777
0 0.8323783559 0.8219201562 0.0736366461 0.1699166997
0 0.5018252854 0.1153624793 0.1089913234 0.1530420886
0 0.2701835317 0.1426078391 0.0806682997 0.1569768821
0 0.9452340938 0.1280179749 0.0806389801 0.1419305198
0 0.5885811798 0.8536516192 0.6644089123 0.1301511865
