1 0.3856951782 0.6189439265 0.0868461165 0.1949246142
1 0.2054331294 0.6746059942 0.0911104258 0.2625718438
0 0.7107454419 0.1988219084 0.0487260961 0.0449478478
0 0.9510535742 0.1379247856 0.0863780337 0.0797462669
0 0.4410909436 0.2198459389 0.0564779379 0.0521975618
0 0.2688885668 0.2067965536 0.0664446522 0.0724965941
0 0.0928102494 0.1814227400 0.0620150092 0.0739465287
0 0.6825064886 0.7352967789 0.0764113665 0.0333483920
0 0.3934722759 0.7360217565 0.0741965411 0.0492977338
0 0.2107494863 0.7548708851 0.0919150972 0.0550974720
1 0.0928102503 0.5569551165 0.1794005498 0.0884458228
0 0.0923914868 0.1835606516 0.0787550828 0.0906691847
0 0.2587276661 0.2093391418 0.0882600086 0.0888913507
0 0.4345687733 0.2413400408 0.0461667660 0.0746687403
0 0.6993488306 0.2102280588 0.0597452820 0.0693352589
0 0.2220658220 0.7293535834 0.0801129461 0.0942247910
0 0.4013015504 0.7346870854 0.0909757118 0.1084474630
0 0.6687972638 0.7222422679 0.0638187740 0.1120030899
0 0.0346830209 0.7142420561 0.0583873961 0.0960026661
0 0.9485136259 0.1373371422 0.0393775708 0.0728909063
