1 0.3751021780 0.5065818290 0.6734094846 0.1154905917
0 0.3739356010 0.7827537327 0.0419654807 0.0551176525
0 0.4169260976 0.2314958886 0.0832504729 0.0472525092
0 0.6655749625 0.2133024690 0.0631549469 0.0451028723
0 0.2055418095 0.7536470860 0.0432015213 0.0828331807
0 0.2335898574 0.2052889644 0.0527841668 0.0382453821
0 0.6394413022 0.8040092770 0.0579092618 0.0336326226
0 0.9317891817 0.7400243748 0.0561133543 0.0297812264
1 0.3040568191 0.7945427693 0.0340776158 0.1111949202
1 0.5175913839 0.7889878742 0.1103108094 0.1130273667
1 0.7706731239 0.7681815994 0.0610318179 0.0889588835
1 0.1474540955 0.2180410292 0.0302207955 0.0935404603
1 0.5382393757 0.2724638951 0.0980952748 0.0829587101
0 0.3090002141 0.7449903277 0.4370941619 0.5100193446
0 0.2270543637 0.8592239063 0.1504751703 0.2099737913
0 0.3902639698 0.8738664900 0.1037535613 0.1905770561
0 0.6691882564 0.8891899575 0.1592559027 0.2164456465
0 0.0680750698 0.1139930895 0.1122704891 0.1861412041
0 0.2448354589 0.1019150282 0.1300097014 0.2038300563
0 0.4325281543 0.1133507700 0.1557968029 0.2211238399
0 0.6819305892 0.1160382588 0.1241672386 0.2140940360
0 0.9356558439 0.7870737200 0.1263674646 0.1276913597
