1 0.3423837136 0.1007040576 0.1133267613 0.1297504650
1 0.2517223311 0.2074533051 0.0262918023 0.0507206459
0 0.7727513846 0.1837658455 0.0647129409 0.1802478510
1 0.3405640462 0.1008015510 0.0824133066 0.1061726094
1 0.2557267977 0.2001412540 0.0226232562 0.0336388318
1 0.3140845476 0.1788379863 0.1996648897 0.2177615593
1 0.5684989759 0.1779925059 0.1038868339 0.2426857321
0 0.9399783984 0.1781179630 0.0310074496 0.0461053610
0 0.7683301978 0.2472760044 0.0642296576 0.0288158352
0 0.5822856136 0.2732102684 0.0531555630 0.0518685280
1 0.3320113625 0.0880684379 0.0974518845 0.0936515198
