0 0.2920760354 0.7884822237 0.0673748342 0.0509343785
0 0.2967808067 0.8074688504 0.1045991688 0.2557066888
1 0.2679871511 0.1125831235 0.0188539408 0.1281646753
0 0.3642776923 0.1081519745 0.0608912823 0.1940454561
0 0.9288213138 0.1420444928 0.1313185344 0.2040140241
0 0.7698390286 0.7622475985 0.0864320432 0.2548905279
1 0.9089813044 0.6807218051 0.1186641886 0.0721315639
0 0.4681622443 0.7553651229 0.1001675939 0.1703965437
1 0.6508058942 0.9296276443 0.1063346721 0.0917905847
0 0.1271279221 0.7939819729 0.0753275491 0.2910590671
0 0.6347663795 0.1288659223 0.0609748001 0.1970862175
0 0.1707917297 0.0978932419 0.0543854363 0.1673014145
1 0.0467655438 0.5468836982 0.0753646763 0.1303167420
0 0.1592550572 0.1480041111 0.0750577005 0.1155587656
0 0.3462169916 0.1924497878 0.0668696155 0.1084474450
0 0.6232481816 0.2137837126 0.0777871187 0.1262257280
0 0.1121734011 0.7177977140 0.1119042103 0.1706713985
0 0.2766180333 0.7489096723 0.0968926881 0.1582266152
0 0.4744974521 0.7595766470 0.0996220498 0.1368926658
0 0.7576696823 0.7337981637 0.0736930479 0.1031139331
