0 0.1644285614 0.7129206083 0.0584359053 0.0703401611
0 0.3799110479 0.7570322364 0.0529575515 0.0727246423
0 0.6638731305 0.7659737430 0.0675665160 0.0810700593
0 0.0644483345 0.1144331550 0.0283049003 0.0608025137
0 0.2256036594 0.1609292284 0.0493053261 0.0512648252
0 0.4086724724 0.1949070632 0.0429138845 0.0548414956
0 0.6542859523 0.2193472814 0.0246526001 0.0321896126
0 0.1669572080 0.7622403026 0.0483047619 0.2361871071
0 0.6654213900 0.8058544018 0.0524158212 0.2026377874
0 0.6698887290 0.8154611710 0.1358539331 0.1829019360
0 0.3841080255 0.8610801620 0.1032127471 0.2299848255
0 0.1676583371 0.8240679295 0.1137056867 0.2725204108
0 0.4345064444 0.0975007261 0.1048956050 0.1853280472
0 0.2498524092 0.0798175337 0.1132232524 0.1596350673
0 0.0677467192 0.0736787276 0.1086177236 0.1473574552
0 0.6534098664 0.1121026386 0.0817050786 0.2104235222
0 0.8804566815 0.0685970711 0.1425263128 0.1306905355
