0 0.8644478014 0.1050420173 0.0767087191 0.0693409485
0 0.6150973064 0.2975024689 0.2630795845 0.3760149456
0 0.2913097336 0.1613378101 0.0697022432 0.0995583207
0 0.5380009367 0.1737826053 0.0656020889 0.1244479111
0 0.7108898212 0.1613378153 0.0587685512 0.0746687405
0 0.8783118440 0.1328925778 0.0765358125 0.0817800345
0 0.0856198184 0.1026695221 0.0874694611 0.0782243978
0 0.3692122221 0.7524653521 0.1052367027 0.0942248913
0 0.6357207478 0.7373538114 0.0478348276 0.0817800447
0 0.8386772302 0.7142420855 0.0738023343 0.0924470267
1 0.1957213298 0.1742300904 0.0304049015 0.0766299262
1 0.6902761681 0.1699042083 0.0180528920 0.0828097666
1 0.5577297536 0.2415902714 0.0304048541 0.0902255689
1 0.7966933154 0.7026058315 0.0218535540 0.0803378735
1 0.6232903525 0.7403028034 0.0418067139 0.0889895864
0 0.3667489341 0.7415387653 0.0855137903 0.1730352841
0 0.8770328843 0.0873369368 0.1009408445 0.0991843828
0 0.7147900719 0.0867680136 0.1133959317 0.1422084883
0 0.5388478192 0.0754056266 0.1299032102 0.1414873424
0 0.2945529328 0.0856708962 0.1177757804 0.1667297612
0 0.3393726615 0.8137191834 0.1217490333 0.1348950064
0 0.8287763679 0.7485912626 0.1225678769 0.1144125773
0 0.6341503161 0.7646181664 0.0949122887 0.1322462613
