1 0.3928408264 0.4093656399 0.0544590695 0.0704313342
1 0.9390573625 0.7851745605 0.0658385945 0.1450674582
0 0.4867287177 0.5531081334 0.3419228412 0.4900868870
0 0.6264286091 0.1698823916 0.0753089576 0.2323260928
0 0.7864603182 0.1613678145 0.0771917671 0.2688170644
0 0.9196631328 0.1869114997 0.0969603795 0.2274605821
0 0.3426078159 0.8820556641 0.1289666834 0.1982677485
0 0.7111513289 0.8705098607 0.3332423877 0.1593440318
1 0.7073858050 0.8212373260 0.0715435921 0.2055659966
1 0.8754190743 0.8090736338 0.0498921702 0.1812386122
1 0.2564731315 0.8123473916 0.0564817816 0.2700334178
1 0.2776538035 0.2410905262 0.0818985373 0.1605604338
1 0.4894603814 0.2429150831 0.1176702384 0.1934023556
