1 0.6946191421 0.7388882764 0.0363138003 0.0473046107
1 0.4698772218 0.8377023717 0.0887669749 0.1503235799
1 0.4133891468 0.7494004614 0.0629438852 0.1103774249
1 0.4222658481 0.2132814236 0.0338928525 0.1398114319
1 0.1216685119 0.2385105629 0.0556811081 0.1713478513
1 0.6994609998 0.2668933268 0.0395417054 0.0346900626
0 0.8188929221 0.8056403677 0.1444481303 0.3279786930
0 0.4775434870 0.7641174710 0.4268885805 0.3794881776
1 0.4236204769 0.2145305877 0.0380305748 0.0483615312
0 0.8415044432 0.8373328356 0.1276742777 0.2252938160
