1 0.8068715953 0.6774098640 0.0815602784 0.0907091290
1 0.1814560096 0.6684334349 0.0793949320 0.0689767217
1 0.1847040009 0.1563049052 0.1162053119 0.2012608353
0 0.6394204588 0.0797691037 0.1797212537 0.0954335469
0 0.8238332351 0.0934699569 0.1082659062 0.1228352532
0 0.5282675464 0.8593005164 0.5507121809 0.1804733215
1 0.0973695574 0.1912657189 0.0873344271 0.1143312862
1 0.9237986987 0.6330001868 0.0584635517 0.0831499816
0 0.3712043903 0.8009883213 0.1718216977 0.2875112021
0 0.6179558205 0.8686380086 0.1614865304 0.1116220199
0 0.7865477914 0.7189630812 0.0800973913 0.3027324538
0 0.9499722068 0.6335552914 0.0788054178 0.2942762029
0 0.8375775470 0.1912953836 0.0736379000 0.3128798626
0 0.6366882701 0.1363300080 0.1653622252 0.2333914793
0 0.3292178755 0.1980603567 0.0956000200 0.2925849650
0 0.1257448185 0.2082078085 0.1227297753 0.2790550127
0 0.6456240502 0.1531379105 0.2556479721 0.2129179868
0 0.1449607868 0.2020226264 0.1434521563 0.2878688846
0 0.8101501465 0.7272453154 0.1828118829 0.3103528827
0 0.3931280623 0.6946827886 0.1384451569 0.6106344228
0 0.6071767184 0.8638769216 0.1080940143 0.1220198686
0 0.7771717829 0.8064630861 0.0701803450 0.1089860302
0 0.1303373212 0.0763640477 0.1124701071 0.0931503813
0 0.6337845470 0.0785936751 0.1556914267 0.0899669780
0 0.6404861845 0.0788367189 0.1744326816 0.1162544124
0 0.3367242778 0.1152895234 0.0760028806 0.1260881893
0 0.8308418547 0.0943827240 0.0740436973 0.1388505315
0 0.3743866099 0.8380570554 0.1615567284 0.1524390712
0 0.6033583710 0.8883603445 0.1296965461 0.1085785380
0 0.9486444099 0.6991725672 0.0729275291 0.0824065743
0 0.7901348297 0.8147796557 0.1102649392 0.1110508313
1 0.1735851180 0.6736602660 0.0497423635 0.0697551047
1 0.8020405234 0.6846870626 0.0372008148 0.0778995788
1 0.0940547854 0.1884880035 0.0694848471 0.1344546117
0 0.1224793365 0.0957915250 0.1339257519 0.1336407850
1 0.1794296810 0.1446213218 0.0394001877 0.1285851689
