0 0.5533927070 0.7647153642 0.0568704864 0.0590216370
0 0.7607740237 0.7871692516 0.0480457447 0.0603046571
0 0.4984832575 0.1854049978 0.0549094494 0.0654370581
0 0.6779195526 0.1911788349 0.0549094118 0.0872493861
0 0.8607876625 0.2033680991 0.0460847831 0.0628708576
1 0.4381808905 0.5350441632 0.2578783388 0.0795509449
1 0.6857637570 0.5767442152 0.1353126432 0.0705693604
1 0.8705929603 0.5690457494 0.1323710877 0.0449077748
1 0.3189860497 0.6621497036 0.0947935316 0.1019677577
0 0.7304468979 0.8760567020 0.1188811126 0.2163924555
0 0.9152043095 0.8697986017 0.0836327824 0.1803449837
0 0.5327697377 0.8641670486 0.1454186710 0.2596219607
0 0.2408868860 0.7624321908 0.1226785165 0.2077519381
0 0.6654588676 0.1144169706 0.1119223135 0.1961280179
0 0.8444088783 0.1145206129 0.0872671622 0.2032154696
0 0.5003491625 0.1031726597 0.1050416169 0.2063453194
0 0.2453375357 0.1143446236 0.0820610141 0.2184409467
