1 0.6452160258 0.2118355135 0.3603994463 0.2488705735
0 0.5574006014 0.3595740188 0.1231533855 0.1014745472
1 0.5880882445 0.2465588976 0.0871339919 0.2081403144
1 0.5139837057 0.2670575671 0.0285017701 0.0662264581
1 0.7354830448 0.7737426553 0.1311080156 0.2638546941
0 0.4846676107 0.3348608554 0.3118906942 0.3700272302
0 0.2657096839 0.2504632607 0.0776649071 0.2288939141
0 0.0801267693 0.2300476811 0.0856327837 0.2524687330
0 0.5510170561 0.2963699975 0.0761209807 0.2472587156
1 0.5791824040 0.2328136076 0.0566526039 0.2076007035
1 0.5047115591 0.2841240216 0.0447739456 0.1002616780
0 0.0752712182 0.2190077835 0.0542479898 0.1525851498
0 0.5581428472 0.2879669046 0.0577463881 0.1950354487
0 0.2631859230 0.2642529567 0.0482424600 0.1593791972
0 0.9114039214 0.3056444777 0.1536404460 0.1331764405
1 0.5136505317 0.2671740944 0.0280762669 0.0412028213
