1 0.5452000080 0.5975000849 0.1649579341 0.1829112615
1 0.5777892689 0.2248447822 0.2333551539 0.2049866956
0 0.7125719656 0.4540093868 0.5029205473 0.6212673449
0 0.2747586316 0.6295195374 0.0913161476 0.3870462280
0 0.2630513918 0.4755678786 0.0659610824 0.0648500262
0 0.2690241596 0.5576335195 0.0613178215 0.2170622324
0 0.0395910185 0.5770875257 0.0459153794 0.2514416040
0 0.8711682688 0.5732491940 0.1904593742 0.1486984167
1 0.1573634100 0.7335523329 0.1180634263 0.0252848373
0 0.8605395024 0.5823345015 0.2047264175 0.1787063981
0 0.5353036824 0.6030012422 0.0549039557 0.2054516384
0 0.2710204927 0.5896286467 0.0660708210 0.2200398303
