1 0.2354114747 0.1830986922 0.1180303853 0.2105305559
1 0.4845861696 0.2024944265 0.1128177678 0.1646585164
1 0.3989733034 0.7701956416 0.1058377541 0.1636824958
0 0.5586284196 0.8130734546 0.1005743495 0.1283997419
1 0.8758865007 0.6642521326 0.0289971724 0.0346900872
1 0.3897820392 0.6416510212 0.0749092362 0.0777898239
1 0.8050046790 0.3651818128 0.0161095821 0.0483558538
0 0.4675512650 0.4524923329 0.2088321079 0.5404284264
0 0.7781513995 0.2194181539 0.0524601131 0.0593201250
0 0.2716807293 0.6988151987 0.0713516452 0.2843483593
0 0.5609097077 0.7553522512 0.0917378026 0.2311369840
0 0.7214508717 0.7511951856 0.0586102072 0.2228227543
0 0.8501386483 0.8143837154 0.0509654501 0.2461027156
0 0.3525883964 0.1700270270 0.0955602189 0.2278112761
0 0.6029561927 0.2016212919 0.1121240355 0.2444398340
0 0.7756016625 0.2091041393 0.1006568243 0.2494283989
0 0.9367799210 0.2315526905 0.0917377649 0.2909997874
