1 0.5001320229 0.6176373572 0.0490733212 0.0609704265
1 0.3195261304 0.1671922759 0.0434419515 0.0578167710
0 0.7375404966 0.2015534648 0.0834908912 0.2822301894
0 0.8945395438 0.1879162854 0.0707857015 0.2383540587
0 0.7615894791 0.7571200047 0.1134386069 0.3071327979
0 0.5478711096 0.7677926101 0.0744157288 0.2146372453
0 0.2656358008 0.7393323946 0.0853058483 0.2596992203
0 0.9317474648 0.8069253572 0.0235952338 0.2312390048
0 0.5628450051 0.2223056735 0.0662481769 0.2359823700
0 0.5589181147 0.8155782113 0.0802723518 0.1742270457
0 0.7650411887 0.8120225317 0.1061227573 0.1777827007
0 0.2664002200 0.7693546963 0.0775512733 0.1280035799
0 0.2902098215 0.1071140853 0.0789118220 0.1048918040
0 0.5568773012 0.1675602172 0.0598641408 0.0906691901
0 0.7364696858 0.1746715148 0.0680273950 0.1653379205
0 0.8990552406 0.1568932522 0.0367347948 0.1226700851
0 0.9391913788 0.7835773163 0.0272109731 0.1386704957
0 0.7541913321 0.8219149315 0.0867804562 0.0953650917
0 0.7369407385 0.1404477320 0.0599280034 0.0798554871
0 0.5417278212 0.7881832046 0.0500441157 0.0659103332
0 0.2687333539 0.7730731117 0.0666938768 0.0912345043
