1 0.4599160000 0.3193340057 0.0607645818 0.1355602740
0 0.2480959051 0.7515712134 0.4450362095 0.4222368542
0 0.3810953481 0.7239734996 0.1125293273 0.0579694241
0 0.1537148290 0.7197896938 0.1173865845 0.0690135404
0 0.3491745312 0.1281423344 0.0897010392 0.0531979339
0 0.5307914607 0.1784647110 0.0963455453 0.0647002044
0 0.7727628526 0.1863725245 0.0841639982 0.0373823481
0 0.1714335477 0.0921977778 0.0730897421 0.0790780064
1 0.5032733268 0.3526078452 0.0583251067 0.1638119887
0 0.3925747218 0.7412749525 0.1035567478 0.1159046931
