0 0.6390872500 0.0712171669 0.0859427467 0.0422810658
1 0.4619944236 0.2828440471 0.0321813429 0.0779088522
1 0.4580515789 0.2768798460 0.0364219085 0.0651752763
0 0.7028878801 0.7173384456 0.4645819443 0.4267928158
0 0.2016505122 0.8571775138 0.0725166731 0.1108751902
0 0.3627475982 0.7802802028 0.0642552609 0.0882232053
0 0.0547813493 0.2682277450 0.0413069504 0.0894154744
0 0.2489240147 0.2354420796 0.0550759433 0.0786856042
0 0.4251670295 0.2384225868 0.0550759433 0.1275660258
0 0.6960509990 0.6737391951 0.2995243863 0.2090986995
0 0.6380181722 0.4093266131 0.6084088931 0.5020799016
