0 0.5374211604 0.0686802999 0.0675366845 0.0811796380
1 0.7906961347 0.1345012080 0.1450614552 0.2588978801
1 0.6592875566 0.6467412046 0.0443716521 0.1700058783
0 0.4540683444 0.8006354247 0.2551374152 0.3289002104
0 0.2317830312 0.7967464376 0.3037756268 0.3722351714
0 0.8119648848 0.2416220349 0.2957012819 0.4274110848
0 0.5517680669 0.0782152940 0.0527502759 0.0766267216
0 0.1300157084 0.7858261121 0.1189020648 0.2629856844
0 0.4224623123 0.7955030369 0.1075363915 0.2595702240
0 0.7236516971 0.7516721223 0.0874280269 0.2106161924
0 0.8775249519 0.7226412248 0.0472111466 0.2641241057
0 0.7192803185 0.1266543345 0.1066621837 0.2197239236
0 0.8617879282 0.1346235905 0.1136563745 0.2356624357
