1 0.2419648123 0.6558424316 0.0455352481 0.0536119141
1 0.1313791936 0.6348180664 0.0487877874 0.0473045898
0 0.1244783732 0.5306604492 0.1084187479 0.1648375977
0 0.2989789472 0.5333146240 0.0777969172 0.0935596191
0 0.4566520464 0.5831864014 0.0465121883 0.1215011230
0 0.7057614468 0.5966669922 0.0599703647 0.1288564453
1 0.6789308302 0.5979755371 0.0505724614 0.1098412109
0 0.1312707958 0.5206027588 0.1171407794 0.1477506348
0 0.3067880857 0.5245136719 0.1061055967 0.1652791016
0 0.4599379927 0.4893491699 0.0776938637 0.2057358398
1 0.8997612377 0.5467885742 0.0527728997 0.0875508789
0 0.9182877116 0.5130812256 0.1603910994 0.1782481934
