1 0.3489337462 0.1260635263 0.1043073725 0.1093262295
0 0.3719117730 0.6321042782 0.0884386118 0.1845736050
0 0.6501033672 0.6525637523 0.0780254696 0.1356016379
0 0.2315923485 0.0547025474 0.2049834936 0.1035886685
0 0.6592524358 0.6502148248 0.0409745972 0.0431916950
0 0.3840581332 0.6271792596 0.0620156126 0.1122983905
0 0.2179448971 0.0995208396 0.2148398166 0.1367736683
0 0.5557085093 0.0995208434 0.0819491944 0.1166175513
0 0.7162846609 0.0844037505 0.0819491944 0.1324544985
0 0.8403158544 0.6552538470 0.0398671637 0.0820641752
