1 0.6824603961 0.6731874532 0.0281113830 0.0609703712
0 0.8299039166 0.0835876727 0.0695326524 0.1076101335
1 0.2564493689 0.5620418909 0.1168397994 0.0801399496
0 0.3806021716 0.7203999475 0.0855246550 0.2053660313
0 0.7058767091 0.7318747296 0.0581227350 0.1664643345
0 0.8991784042 0.7000118370 0.0511441434 0.1665114555
0 0.3984087166 0.1316755876 0.0821653464 0.1643946470
0 0.6684116036 0.1539557356 0.0463923736 0.1577098973
0 0.8428895513 0.1278375612 0.0780639271 0.1491539723
0 0.3884799667 0.1252350742 0.0808099814 0.1665495223
0 0.6736369519 0.1477253512 0.0473713489 0.1458828185
0 0.8459387079 0.1288821468 0.0854542705 0.1689809369
0 0.7028957506 0.7294330273 0.0668772650 0.1714122775
0 0.8984187258 0.6905309605 0.0715214409 0.1932946886
0 0.3726894857 0.7367271479 0.0993869492 0.1932947379
1 0.2147849580 0.7859626098 0.1458295006 0.0899611329
