1 0.9015096530 0.6232334506 0.0152902474 0.0388902726
1 0.8547893106 0.7743497787 0.0288817456 0.0322233139
1 0.6016499699 0.7621271687 0.0322795073 0.1055591706
1 0.4806017893 0.6221222662 0.0195376094 0.0433348133
1 0.6118434807 0.6299003601 0.0254838334 0.0388902726
1 0.6203380919 0.6671238561 0.0305806076 0.0222229988
1 0.4423760392 0.5548977267 0.0348278944 0.0622243574
1 0.3795159242 0.5648980910 0.0823976867 0.2377860777
1 0.2741827818 0.6876801275 0.0433224867 0.0544463619
1 0.4437814470 0.5465738112 0.0288560446 0.0613364927
1 0.5320200891 0.7333079923 0.1133844303 0.2431380241
1 0.8057227270 0.7150726564 0.3076249392 0.2090986190
