1 0.6180213424 0.1146315887 0.0508671910 0.0662264641
1 0.6180213424 0.1913701964 0.0347188524 0.0662264590
1 0.7746597794 0.2602247021 0.0250298366 0.0777898608
0 0.3281594958 0.3590387910 0.4981749235 0.5970894532
1 0.7359611259 0.2078548860 0.1135993516 0.2320433298
0 0.4721217037 0.3972237952 0.0896743585 0.2979178515
0 0.2700616565 0.3050326493 0.4307359309 0.4340527348
0 0.7037646081 0.4308185180 0.0661424369 0.3957441544
0 0.9224269646 0.4301566026 0.0472724851 0.4083847323
1 0.6882194960 0.1176734006 0.1879615468 0.1300745786
0 0.3317699196 0.4577412608 0.1913482571 0.1201536362
