0 0.2182876903 0.0881295897 0.0781827304 0.1674330076
1 0.2809847105 0.1809958668 0.0487978762 0.0811139372
1 0.4042635903 0.5965658469 0.0145537223 0.0255564091
0 0.2293363739 0.0711095280 0.0877087213 0.1351832048
0 0.3919629665 0.1333649551 0.0694360605 0.1838017318
1 0.4076962802 0.0938550671 0.0861716473 0.1361572840
1 0.0986023799 0.8877006485 0.0730585642 0.0948237590
0 0.9073980934 0.2464241587 0.1526736561 0.2419222823
1 0.8652488906 0.6202488010 0.1002213078 0.1434513751
0 0.3973931505 0.6457782840 0.0805517009 0.1604710305
