0 0.6360444191 0.7756196913 0.2154645194 0.3213361299
0 0.6210436612 0.6963627867 0.2285184182 0.2182165695
0 0.1666353942 0.1560902499 0.0833516024 0.2245895177
0 0.1334555631 0.6637081174 0.1127290177 0.2453939359
1 0.2137269991 0.5002627807 0.0201693826 0.0283827739
1 0.3823431106 0.6610984833 0.0734165359 0.1166847592
1 0.6336537811 0.6053841811 0.0919724690 0.1103774815
1 0.1048122776 0.2626884639 0.0492133127 0.0977629017
1 0.1616899706 0.2721493926 0.0403387840 0.1166847592
1 0.2681843623 0.6742386491 0.0322710272 0.0441509926
0 0.7211888961 0.7614894378 0.4122623592 0.3973588844
0 0.4643040965 0.8083274282 0.2335907152 0.2774125068
0 0.2664507864 0.1050818579 0.0830373676 0.2101637159
1 0.7124431471 0.1822133030 0.1465901391 0.2260890226
1 0.7364948487 0.7188004610 0.1565136930 0.1428192163
0 0.6342920647 0.8230021536 0.2161906755 0.2540839454
0 0.3102748779 0.7614355341 0.0978694390 0.1539253032
0 0.1239449944 0.7156353381 0.1051794039 0.1442880930
0 0.8905304842 0.6705289314 0.2059464322 0.1498203078
0 0.1690725398 0.0668006116 0.1170149540 0.1336012232
0 0.3514113559 0.0755648684 0.0818027551 0.1417704531
0 0.8621852217 0.0830127703 0.2031246225 0.1269887276
1 0.7301364726 0.7197182015 0.0822236787 0.1009584438
1 0.5152336880 0.7659401844 0.0784862285 0.1788059084
1 0.2395975352 0.1291230053 0.0766175222 0.1374494566
1 0.4582377229 0.1285148239 0.1027795795 0.1362330939
1 0.6941635896 0.1272984519 0.0906329417 0.1143384837
