0 0.6732880220 0.1931140787 0.1600919760 0.0677274852
0 0.6980364415 0.1080025476 0.2671145597 0.2029819846
0 0.3506271936 0.1282599759 0.1133052741 0.2386671071
0 0.1854930251 0.1026668117 0.0969881336 0.1915861793
0 0.5506667108 0.8822900603 0.0937675150 0.2017445091
0 0.2576255739 0.8805458130 0.1089509613 0.2146620354
0 0.0843963977 0.8423173920 0.1085315215 0.1983045317
0 0.8658285637 0.8356558056 0.1418292258 0.1776664673
1 0.1638544899 0.7652670934 0.0346256120 0.1508295709
0 0.4862469806 0.1363436108 0.5315498930 0.1058239362
0 0.5288271307 0.8728537061 0.5886354048 0.1654258912
0 0.6887264576 0.3425117472 0.1985653814 0.3491467023
