0 0.4000941550 0.2120058821 0.0166077189 0.0444456746
0 0.6519779356 0.2395622120 0.0415192783 0.0960026727
0 0.7979875319 0.2137837129 0.0567430553 0.0693352583
0 0.9564528512 0.1906719663 0.0581270728 0.0835578931
0 0.3198235106 0.7826884017 0.0830386133 0.0764465817
0 0.5855470601 0.7933553626 0.0249115972 0.0408900129
0 0.7661560361 0.7604655643 0.0401352986 0.0782244126
0 0.6380659236 0.2102001900 0.0697652609 0.1035342315
0 0.7944402789 0.2186473125 0.0649942077 0.1051852616
0 0.9426412677 0.1575807047 0.0838947107 0.1029937453
0 0.7614219212 0.7534357990 0.0689288602 0.1097770655
0 0.3011381319 0.7911922291 0.1198540112 0.0572779524
1 0.9292260727 0.4396417615 0.0395608279 0.0483361564
