1 0.8121029129 0.6768666913 0.0314388806 0.0409974129
1 0.5077904564 0.6253572033 0.0935105399 0.0998653289
1 0.5179895744 0.6155448667 0.0681665311 0.0800022248
1 0.8124690106 0.6671018662 0.0408998960 0.0693352730
0 0.5554811646 0.5097641422 0.0995231256 0.1102252714
0 0.7218074952 0.4804300124 0.1349697549 0.1333370086
0 0.8799538503 0.4555404294 0.1104297721 0.1013361531
0 0.1792018999 0.5079863271 0.3122027108 0.1671157837
0 0.3158281618 0.6434491557 0.1392428387 0.3623613911
0 0.5617832993 0.6113361728 0.1447152614 0.2933779317
0 0.7463256987 0.6073716194 0.1258658160 0.3742550758
0 0.9028978601 0.5776373709 0.1422831029 0.3687046912
1 0.8563108993 0.7284094288 0.1399947186 0.1843980851
0 0.9209861590 0.6222508092 0.1580276820 0.3614296206
0 0.7182808182 0.4704206651 0.1078586708 0.1180484403
0 0.5647156856 0.5107729020 0.0763389385 0.0978598318
0 0.8798842091 0.4764341047 0.0743917018 0.0831061086
1 0.8816899363 0.7656636884 0.1065301653 0.1108810917
