1 0.6806766774 0.5356427332 0.0233731411 0.0336388441
1 0.6879304565 0.6097532554 0.0249850585 0.0473046107
1 0.3864961945 0.5698071742 0.0153135167 0.0220755145
1 0.3840782808 0.6496993858 0.0233732545 0.0304851640
1 0.2385999755 0.5293354222 0.0370747972 0.0525606292
1 0.7536172772 0.2255346315 0.0419106814 0.0840970856
0 0.7860900577 0.2170196730 0.0419435407 0.0972552357
0 0.5386230355 0.1677842344 0.0633813461 0.1300788368
0 0.2776408998 0.1477253554 0.0838871191 0.1264317769
0 0.0958854633 0.1331370633 0.0410114751 0.1021179680
0 0.1862971334 0.7057270730 0.0652455434 0.1653338933
0 0.4169867298 0.7045113453 0.0736342704 0.1750593209
0 0.7315634548 0.6935701409 0.0932079353 0.1799221331
1 0.3103342623 0.8307634035 0.0546260305 0.0485090082
0 0.3130107917 0.8322075820 0.0764880794 0.0596277023
0 0.7663454490 0.8562533892 0.1759543088 0.2832780027
0 0.4278116509 0.8568626077 0.1241777628 0.2697563756
0 0.1907015980 0.8271334866 0.0946075326 0.2569980575
0 0.2924440875 0.0576374601 0.1306449399 0.1117877085
0 0.5477709629 0.1010353459 0.1112294716 0.1586900623
0 0.7942453517 0.1150813761 0.1021417297 0.1637012737
0 0.1118275624 0.0600655273 0.0563953419 0.1201310546
