1 0.3720511468 0.8056403868 0.0258600243 0.0294340072
0 0.3735390348 0.6086730711 0.0473497725 0.1934018535
0 0.1879277380 0.6326943182 0.0397738453 0.1256496306
0 0.0404585704 0.6136005032 0.0809171408 0.1786195817
0 0.6453269774 0.5754128979 0.0719717632 0.1515186433
0 0.3797034531 0.4846151167 0.1023425240 0.2903007015
0 0.2058714496 0.5122255510 0.0810974840 0.2577326375
0 0.0668106032 0.4716432018 0.1336212064 0.2861003507
0 0.6594263066 0.4867200421 0.1291053237 0.2153463794
1 0.8904385647 0.5555818865 0.0580963116 0.0733085878
