0 0.5419827204 0.4052375591 0.0610805452 0.1725067458
1 0.2586078750 0.2066127768 0.0718919878 0.0967116682
1 0.7097500922 0.5519365407 0.1615549566 0.1839624200
1 0.1313833420 0.1556289206 0.0387731971 0.0641240344
0 0.6729963462 0.4594297325 0.4321595183 0.4614829064
0 0.5383629011 0.3113851862 0.0329634817 0.1257724070
0 0.2942628748 0.2551284532 0.0249472981 0.0961524047
0 0.1144222059 0.2275223282 0.0341265227 0.0844069734
0 0.1085421654 0.2261808458 0.0738337325 0.1552142221
0 0.5311929898 0.3284251530 0.0463827505 0.2537629453
0 0.2945464049 0.2378835378 0.0198783001 0.1342726714
1 0.1971639249 0.4612545533 0.0202661662 0.3795531440
1 0.3372648351 0.4463476140 0.0343643803 0.2465375213
1 0.4685543852 0.4555211217 0.0484625943 0.2878182632
1 0.6584396126 0.5667496773 0.1445066470 0.3612061776
1 0.7553647446 0.5879633901 0.0105736322 0.3164853842
