0 0.2721766953 0.8182077970 0.0197780911 0.2184963026
0 0.6008447137 0.7648312474 0.0849408820 0.1773169320
0 0.7955760767 0.7268736611 0.0695150394 0.1653951748
0 0.7092848296 0.1662337247 0.1051751316 0.1843609136
0 0.8959370981 0.1244187836 0.1277071509 0.1425159630
1 0.3494213784 0.6448046767 0.0201493443 0.0252290961
1 0.3268541204 0.6358693810 0.0088656964 0.0388949119
0 0.4421083809 0.7725271451 0.3731659238 0.3963076243
0 0.6794677394 0.2185374992 0.4626291483 0.3353372194
0 0.5945006267 0.8443918544 0.0607019557 0.0756197999
0 0.7837598820 0.7105898114 0.0727021623 0.1434514351
0 0.6001402600 0.7652958584 0.0838870813 0.2455693600
0 0.3177202905 0.7665115861 0.1193061111 0.1701966071
0 0.0450871475 0.7008642115 0.0549926781 0.2382752893
0 0.7269030656 0.2000000148 0.1323552651 0.2261183079
0 0.8932791984 0.1544116731 0.0885475083 0.1932947068
0 0.3097976009 0.2425491727 0.5378096316 0.2820400703
1 0.4635906597 0.8011587172 0.0680417731 0.1665495718
