1 0.2192525734 0.7222331732 0.1864533584 0.1797575153
0 0.1496125824 0.1596722476 0.0953956010 0.2493273088
0 0.9021195646 0.7802564888 0.0970420507 0.2445629370
0 0.7066561743 0.8054911953 0.1033064155 0.2251086594
0 0.3736001051 0.8034901353 0.1466807777 0.1665691354
0 0.8893970919 0.0969181891 0.0734008487 0.1860481611
1 0.5932150182 0.3168110273 0.6665398182 0.2212660473
1 0.3776238893 0.5957986744 0.6417170314 0.2765825622
0 0.7150579389 0.2078368820 0.0780236017 0.2075501969
1 0.7900225400 0.3222133171 0.1314466403 0.2425020136
0 0.3694162546 0.7719706579 0.1382112255 0.1601186026
0 0.7011161587 0.7723342291 0.0866451004 0.1444250676
0 0.9054508469 0.7713463181 0.0916195034 0.1079303862
0 0.0569794399 0.6861706227 0.1139588798 0.1279618087
0 0.1054591608 0.1108162900 0.1957902342 0.2145935762
0 0.4177285325 0.1184827054 0.0963502938 0.1505196339
0 0.6993959330 0.1102377106 0.0962904658 0.1410549537
0 0.8927250922 0.1109888174 0.1082357777 0.1419420913
1 0.3795039834 0.7217019404 0.0352486326 0.1556056030
0 0.6009095974 0.9392615822 0.0727003402 0.0835659610
1 0.7176707943 0.7836560039 0.0594821171 0.1008554889
