1 0.3629794735 0.5667384212 0.1984990186 0.3389006854
1 0.4728780879 0.6411854742 0.0502636976 0.1433382812
1 0.8272797991 0.4539567333 0.0434482688 0.1000034680
1 0.6458193524 0.1883919587 0.5392700422 0.2066738507
1 0.2662857358 0.3700649209 0.1550507498 0.2988992588
1 0.3404007052 0.6120068763 0.1304586996 0.0622070411
0 0.7188010830 0.4798170433 0.2307575717 0.0997141545
0 0.0945631868 0.5475128888 0.0736460450 0.0594626266
0 0.7039279749 0.4445021585 0.2699581939 0.2320508118
0 0.0807744129 0.4536239710 0.1256127086 0.2816859654
0 0.2524474399 0.4441399747 0.0932139595 0.2829211514
0 0.5150084354 0.4307189030 0.5633433502 0.3226436341
