1 0.7297687916 0.2961734841 0.0387001492 0.0866696766
1 0.7654588857 0.3233966355 0.0705201904 0.1122261144
1 0.7197054897 0.3094843298 0.0511248694 0.0802093731
0 0.4047400681 0.8461794282 0.0858166320 0.1698550756
0 0.7114890629 0.7913303669 0.1241602524 0.1993439273
0 0.4572343367 0.2440193110 0.0922073515 0.2653986426
1 0.2956433808 0.3088945617 0.0337788615 0.0979025778
0 0.1057511602 0.2463784240 0.0556895334 0.2559622722
0 0.2221514206 0.8438202742 0.1004237466 0.1840096721
0 0.2805797840 0.2593534742 0.0912943554 0.2866305577
1 0.1823620912 0.1779496639 0.0892561324 0.2192130373
1 0.3082383919 0.7697049120 0.0822102105 0.4605901760
1 0.3741919249 0.1549188929 0.0692160188 0.1708468969
1 0.8594234737 0.1779276291 0.1393229167 0.1935884101
0 0.7521064248 0.1920980209 0.0536321518 0.1714123000
0 0.4707728297 0.2303922568 0.0799777603 0.1604710839
0 0.2802375410 0.2437648530 0.0639822146 0.2042358869
0 0.1066386933 0.2540982113 0.0479866530 0.1835691704
0 0.2247235509 0.8552569053 0.0508094103 0.1653338954
0 0.4114951791 0.8479627749 0.0573957966 0.1458827719
0 0.7139994145 0.7969037801 0.0865641782 0.1410200728
0 0.2161059501 0.8364878384 0.1215980731 0.2299701668
0 0.3989436267 0.8319339535 0.0925202476 0.1935392509
0 0.7152748563 0.7983492464 0.1348153011 0.2242777493
0 0.1103684864 0.1904084294 0.0810653900 0.2242777902
0 0.2755832623 0.2234239291 0.1030940268 0.2812010707
0 0.4593020805 0.2171623654 0.1092620422 0.2755087401
0 0.7465555162 0.2046392381 0.1004506413 0.2891703233
0 0.2244299082 0.8742844210 0.1097854448 0.1620043929
0 0.4129785644 0.8928611842 0.1114108658 0.1339022208
0 0.7326819626 0.8608202209 0.1568090301 0.1485331613
0 0.7444134639 0.1081606896 0.1177981047 0.1982051392
0 0.4621554504 0.1194647647 0.1304165300 0.2336273391
0 0.2898709864 0.1061658160 0.0959816908 0.2018737058
0 0.1057679991 0.1187577960 0.1169212939 0.2375155920
1 0.7418027159 0.2951117054 0.0399296485 0.0713849282
1 0.4567825215 0.9422894406 0.0772131746 0.1009084059
