1 0.2511593131 0.5702680567 0.0587847885 0.1206019822
1 0.3132200098 0.5478382316 0.0705571769 0.0493639874
0 0.8194750093 0.7584138275 0.1202790016 0.2155402399
0 0.8630911105 0.1161343833 0.1322077630 0.1690212655
1 0.8594554339 0.6726618531 0.0339518229 0.0452021937
0 0.1928217925 0.2395622089 0.0833952517 0.0675574272
0 0.7000289562 0.1986721869 0.0560525426 0.0853357110
0 0.8770730189 0.1391149798 0.0847624076 0.0657796039
0 0.2796348867 0.7489096939 0.0628882278 0.0551126952
0 0.5667333007 0.7400205469 0.0765595665 0.0231117331
0 0.8422110309 0.7177977203 0.0396469234 0.0853356802
