1 0.2162370859 0.6421173096 0.0454236712 0.0519001622
0 0.2248675518 0.7435585760 0.1299116431 0.2146780691
0 0.1429095535 0.2454573293 0.0722583084 0.3883680405
0 0.3815299846 0.2181843019 0.0840212615 0.3752770024
0 0.5201651058 0.3240036934 0.0688974700 0.2661848622
0 0.2349128486 0.7674632657 0.1251917110 0.2520028883
1 0.5617524520 0.6500332248 0.1451276507 0.1154905258
0 0.8112785008 0.2549339971 0.1161021357 0.1057650289
0 0.7831690439 0.2644517837 0.0657244001 0.0533348083
0 0.5284869840 0.2822300696 0.0547703334 0.0675574272
0 0.2601123928 0.2155615468 0.2409894576 0.2293397104
0 0.2491583214 0.8004666728 0.0465547739 0.0800022248
0 0.4340081825 0.7977999287 0.0520318262 0.0995582827
0 0.7468836814 0.7969110058 0.0807862086 0.1013361285
