1 0.4886092350 0.6595194266 0.0256392516 0.0355568394
1 0.4659611799 0.6600750067 0.0230753328 0.0455571171
1 0.5172397463 0.6550748473 0.0213660325 0.1044480746
1 0.4941643820 0.2911733163 0.0589702598 0.0722247364
1 0.6048405491 0.2883954260 0.0649528424 0.0933365957
1 0.3279365239 0.3050626547 0.0222206511 0.0488905772
1 0.9573803382 0.6539636871 0.0709352355 0.0533351975
0 0.7509950436 0.7197074839 0.0598432016 0.1252160875
0 0.4859085083 0.7367271331 0.0850894841 0.1495298486
0 0.2914182770 0.7367271536 0.0570380169 0.1203533599
0 0.1151614693 0.7494918392 0.0317916712 0.0972552088
0 0.7659558282 0.1744705164 0.0710637505 0.1847848751
0 0.5237780111 0.2297844149 0.0710637189 0.0984708804
0 0.3545340939 0.2176274984 0.0673235781 0.1057650231
0 0.1899654159 0.2060784485 0.0504926599 0.1069807050
1 0.6570225749 0.1683920684 0.0682585975 0.0948237936
