0 0.5518698313 0.7809086855 0.0750484052 0.0735935178
0 0.7647407792 0.7740946193 0.0827636719 0.1671753338
1 0.9435945213 0.5892023085 0.0392776694 0.0427024111
0 0.8131365140 0.2126034521 0.1080136067 0.1090274001
0 0.6213071206 0.2098777653 0.0876734358 0.1235643861
0 0.7578124369 0.7726722917 0.0897009770 0.0946788136
0 0.5606917625 0.7611960470 0.0874861014 0.0688573041
0 0.1492854494 0.7260501195 0.2812845458 0.1248038944
0 0.3558191656 0.1629981611 0.0697673809 0.1032859664
0 0.0717660920 0.0855336799 0.1306754983 0.1205002797
0 0.6210461274 0.1959922826 0.0819490072 0.1176312313
0 0.8054314725 0.1959922826 0.0919157894 0.1004169053
1 0.8984546997 0.5718384402 0.1672203593 0.0745953856
1 0.6797393515 0.5345407066 0.1085271352 0.0315596318
