1 0.7590772736 0.5489600230 0.0272111239 0.0811139492
1 0.2522695210 0.1511684415 0.1938795027 0.1988957908
1 0.5099251307 0.2361713868 0.1530627509 0.1955623303
0 0.1901645201 0.5401764778 0.0373131208 0.0667200958
0 0.0252012397 0.5048917535 0.0392769677 0.0603047541
0 0.1921283753 0.5446672416 0.0706985502 0.0936648759
0 0.3531639660 0.5594226508 0.0667708776 0.0667200958
0 0.5318741684 0.5703288302 0.0589154381 0.0628708908
0 0.3624937872 0.5260776523 0.0848687250 0.1594730405
0 0.4248444131 0.5042502316 0.3613481245 0.6774659238
1 0.3503728611 0.7430891356 0.3413842185 0.2341079035
1 0.7599447720 0.6720413565 0.4189309868 0.2667199875
0 0.0303450703 0.5044584728 0.0326531595 0.0782244100
0 0.1881686818 0.5675713121 0.0625852193 0.1297813828
0 0.3534753056 0.5649045832 0.0666668652 0.1137809107
0 0.5283057794 0.5817939321 0.0517008489 0.1155587628
