1 0.6740484910 0.6332413264 0.0275660471 0.0525607101
0 0.2613098730 0.7731977923 0.0581324249 0.1543925939
0 0.0803492297 0.8029822918 0.0375047897 0.1045493233
0 0.4802440627 0.7403742182 0.0721967705 0.1470985028
0 0.7840329245 0.7257859539 0.0984500869 0.1592554581
1 0.6307320812 0.7634723512 0.1575201517 0.1203533652
0 0.1562964174 0.2000000164 0.0337542934 0.1312945429
0 0.3466332780 0.2395099468 0.0562571925 0.1616867876
0 0.5299379024 0.2553139169 0.0815729165 0.1860005957
0 0.8088798681 0.2115490675 0.0712590514 0.1276474461
1 0.6738626314 0.1860195999 0.1143896332 0.1081964509
