0 0.7949782734 0.6902967884 0.0700542282 0.0641540199
0 0.4886146723 0.7762631242 0.0434138493 0.0615878362
0 0.7397242662 0.0936648128 0.0345337229 0.0538893515
0 0.5483087426 0.1712911103 0.0187468457 0.0423416117
1 0.7987573116 0.6238652916 0.0189374268 0.0164175136
1 0.2832390679 0.3762345365 0.0329650721 0.2362296607
0 0.7924448255 0.6931836528 0.1283534954 0.0638458908
1 0.7195007167 0.1801365370 0.1325617985 0.2271088426
1 0.2074894553 0.7100572073 0.0161318599 0.0209779637
1 0.3129226882 0.8233954727 0.0656603594 0.1081542148
0 0.2126812050 0.8085954317 0.0945509169 0.2015084708
0 0.4849528310 0.7488259551 0.0875471248 0.2276931681
0 0.5099752737 0.7542328783 0.0731887857 0.1467758507
