1 0.3709286230 0.6054170215 0.0528221328 0.0672777191
1 0.6561681243 0.6232876611 0.0772015033 0.0946092375
0 0.5695083381 0.5357583790 0.5009122068 0.3805109183
0 0.3897714091 0.5998922558 0.0637092867 0.2119704341
0 0.9101890762 0.6168722403 0.1796218477 0.1547104986
0 0.4073151742 0.5953846336 0.0819481410 0.0945452979
0 0.2351133040 0.5345032106 0.0741962967 0.1188978343
0 0.0728780954 0.4528504645 0.0819481568 0.1017078062
1 0.6813985716 0.9019405989 0.0719815111 0.0630302531
1 0.3358873911 0.8460729359 0.0631222107 0.0429751317
0 0.8896368630 0.5303350454 0.2020653285 0.1947762742
0 0.2233887114 0.5308376650 0.0852137274 0.1324904291
0 0.4019253904 0.5843686469 0.0718856891 0.1330417909
0 0.0747471439 0.4676248791 0.1003312877 0.2072008148
0 0.2292045158 0.5461789660 0.0959307893 0.1616621248
0 0.0857556358 0.4476382176 0.0406180584 0.1066295634
0 0.2398652783 0.5442229775 0.0645110135 0.1359913598
0 0.4017401661 0.6168547316 0.0442019764 0.1359913598
