1 0.9059600120 0.7048881219 0.0648673936 0.0441509326
1 0.8672529557 0.1974271215 0.0509506833 0.0566183867
0 0.6385180083 0.1931034654 0.0287010481 0.0782678657
0 0.8052808324 0.8442662813 0.0356288067 0.0872494079
0 0.6291159419 0.8307939679 0.0376082024 0.0782678657
0 0.8423942175 0.1931034654 0.0504742113 0.0987971285
0 0.4133634691 0.1943865596 0.0336494426 0.0885324868
0 0.1860125641 0.2159925137 0.1118798096 0.3137409561
0 0.4085561217 0.2297876615 0.0693168344 0.2640784486
0 0.6548133215 0.2518598786 0.1094476233 0.3003399527
0 0.8274974083 0.2364881530 0.1313371732 0.3452727064
0 0.6295795628 0.7894762782 0.0893822446 0.2246637376
0 0.8059118659 0.8194314405 0.1088396083 0.2577721374
