0 0.3191774038 0.4488881566 0.3568744196 0.2068614576
1 0.6440977900 0.6763242786 0.1380590631 0.1604188650
1 0.2131172042 0.5147259808 0.0663046982 0.1155959161
1 0.8035015885 0.5695749987 0.0663047455 0.1073390474
0 0.3307116289 0.3369687688 0.2568811067 0.2694466610
0 0.6265813941 0.5215046518 0.0420813272 0.0575255119
0 0.3220455042 0.4416879948 0.2148362113 0.1625095854
0 0.0878297515 0.4035773565 0.0409739176 0.0604017834
0 0.3110932027 0.4375933961 0.1665949858 0.1019935147
1 0.1070143392 0.6176273832 0.1154265411 0.2086230387
1 0.6561828140 0.6701694975 0.0713978218 0.1560809859
1 0.8007634599 0.5728120535 0.0892473403 0.1251738068
0 0.3252627272 0.4889267889 0.2287880752 0.3441104761
