1 0.4441870509 0.7842676777 0.1708778473 0.3416501493
1 0.4365128973 0.8551396352 0.1119303385 0.1689320423
1 0.2451321338 0.7907294874 0.1309184614 0.0894800272
1 0.1401975088 0.6264257307 0.0369769361 0.0910227954
1 0.1497598487 0.6038370115 0.1138237643 0.1957260613
1 0.2944108220 0.7485041297 0.1027575635 0.1325102271
1 0.0438405317 0.4184442889 0.0632354200 0.1677652492
0 0.5789701776 0.7205432423 0.1059192826 0.1519612530
1 0.7765808351 0.8257004830 0.0932723080 0.2042359228
1 0.5645841913 0.7937049418 0.0300812135 0.2943686002
1 0.7791106320 0.7665213384 0.0823274543 0.2444962047
