1 0.8838480971 0.2595348358 0.0395002017 0.0893531799
1 0.8092814807 0.8166781026 0.2547357544 0.2533424624
1 0.2365292117 0.7251650410 0.3635626553 0.5496699179
1 0.3941267647 0.3394270743 0.0128980081 0.0283827505
1 0.2752232124 0.4124864640 0.0991534231 0.1156335646
0 0.8269810343 0.2449921700 0.1445500475 0.1135396527
0 0.4275664811 0.3816807039 0.1115824570 0.0892885024
0 0.4288944770 0.4350523672 0.1295084107 0.2572568340
0 0.7136329741 0.4204116944 0.1207391648 0.1854557899
0 0.1052451196 0.3428466797 0.1886520905 0.1865721672
0 0.9020644679 0.4509398060 0.1327855494 0.3291034083
