0 0.8715841814 0.7618481485 0.0772221474 0.1981915298
0 0.8585111526 0.2735042710 0.1337706539 0.2742970457
0 0.8617171958 0.7786684490 0.0792565269 0.1653339100
0 0.6840893494 0.7975116395 0.0652700455 0.1762749905
0 0.4010969051 0.7598252339 0.0773916728 0.1884319050
1 0.2542392273 0.8674138121 0.0764592457 0.2431379467
0 0.8472645386 0.2613923582 0.0801890294 0.1495298744
0 0.6864204171 0.2613923459 0.0326350982 0.1470984767
0 0.2920026367 0.1696077634 0.0400944770 0.1434514232
0 0.1451449400 0.7361192972 0.0242431792 0.1920790630
