1 0.6739086854 0.6628395681 0.0186767578 0.0357412764
1 0.6028556469 0.2991195973 0.0324813360 0.0336388210
1 0.5715922895 0.6055483994 0.0397897379 0.0325876790
1 0.3856362936 0.5997667389 0.0203008681 0.0420485691
0 0.8284781563 0.2554451038 0.1537074109 0.2473437583
0 0.6132089954 0.2426914809 0.1259660810 0.2021375139
0 0.8464241572 0.7804684708 0.1147320931 0.1860165910
1 0.5994600035 0.2941502162 0.0246016330 0.0495410999
0 0.8072069692 0.2428397765 0.1211857000 0.2017029813
0 0.8203895034 0.2638101164 0.1465649732 0.2549558367
0 0.6110763975 0.2626242783 0.0888549653 0.1838053769
0 0.3492322852 0.4530914699 0.1803050032 0.3027067965
0 0.7538473528 0.5206192531 0.4667269854 0.1701965822
