1 0.4335781802 0.2242746215 0.2932169621 0.3314835430
1 0.8390219808 0.2124359143 0.0557890734 0.1420643756
1 0.3830170092 0.2091435787 0.3261576435 0.2987332183
0 0.6917584745 0.4307845602 0.4770979054 0.2161345305
1 0.8495596873 0.2352999873 0.1636066401 0.0619493076
1 0.3836034029 0.2364081323 0.1967685033 0.3542590487
1 0.5247283804 0.2206399184 0.1403185424 0.3059032090
1 0.8315743346 0.1707072604 0.0395150423 0.0378436889
1 0.8440740254 0.2416641923 0.0322570989 0.0578167803
1 0.9464904144 0.1297099287 0.0564499420 0.0946092345
0 0.6694822447 0.3651818169 0.4717606279 0.5256069017
1 0.4364664173 0.2085004244 0.2067033792 0.2758620380
0 0.7996737579 0.3066560066 0.0846499183 0.2027265023
1 0.4139335024 0.2413566393 0.2235852925 0.3061191356
0 0.6877982768 0.2624147234 0.3422050830 0.4052424469
1 0.3584996790 0.2105941465 0.1999293440 0.2585449587
1 0.4172036711 0.2276571338 0.2798527322 0.2578285574
1 0.8422431969 0.2121142942 0.0357706731 0.1023999888
0 0.6854835590 0.4045714103 0.3577065424 0.1563428304
