1 0.0892893340 0.8193390360 0.1078411717 0.1103774324
0 0.5036792226 0.7430334837 0.1237836269 0.1750593531
0 0.4862884954 0.7466413204 0.0565849365 0.1416637780
0 0.7805302671 0.7410979167 0.0697881474 0.1404319105
0 0.2858834287 0.7386342063 0.0726173961 0.1428955963
0 0.5296702776 0.1879932364 0.0697880721 0.0886938447
0 0.3509561208 0.1812180143 0.0858205128 0.0899257122
0 0.7781725253 0.1879932364 0.0820481938 0.0665203774
0 0.3402300487 0.2185254523 0.0292820022 0.0909013279
0 0.5226553011 0.2162225125 0.0558155773 0.0638617824
0 0.1714797964 0.1835561440 0.0095891464 0.0832725728
0 0.2927328083 0.7404899259 0.1036412535 0.1146063178
0 0.4997923637 0.7696462135 0.0608705759 0.1193425181
