1 0.6899244110 0.8388408408 0.1534727280 0.1000029895
1 0.5940710627 0.6508115298 0.1171623273 0.0987224213
0 0.3556929397 0.7864157559 0.1332301401 0.2270038253
1 0.6885309227 0.9031102942 0.0942908434 0.1602761310
1 0.1867302193 0.9550131643 0.1051288325 0.0282352332
0 0.6322407942 0.8413637028 0.0441380732 0.1937854510
0 0.3553136990 0.7969006672 0.1102790494 0.1931783456
0 0.0514317098 0.7083352772 0.0865992438 0.1744182070
0 0.3531796238 0.7472882952 0.0920215327 0.2005888515
1 0.7133203095 0.8669715556 0.1145235790 0.1248300679
1 0.6004097533 0.6574794979 0.1242016168 0.1038190267
0 0.3737821171 0.7106250015 0.1451707398 0.1062909317
