0 0.3576236424 0.5770013825 0.3846129111 0.4846095476
0 0.6558633390 0.5908520573 0.0805865097 0.1632896607
0 0.8085978463 0.5549908554 0.0550170961 0.1664351394
0 0.2294796465 0.5611301044 0.0590401858 0.1701368889
0 0.2303560855 0.5590705156 0.0768525257 0.1800044165
0 0.6569533380 0.5784482982 0.0916265311 0.1728279175
0 0.8090104717 0.5448377267 0.0817962473 0.1607376385
0 0.4813033120 0.5803533968 0.0733335354 0.1710893155
0 0.0510472350 0.3774714636 0.1020944701 0.1786612953
0 0.4794874610 0.4892787780 0.1088378150 0.1963743563
0 0.2426066637 0.5014979385 0.0852712179 0.1963932150
0 0.6540708212 0.4607226088 0.1037930403 0.2419060510
0 0.8043507511 0.4478135096 0.1090264347 0.2027434075
