1 0.2487277233 0.5839612674 0.0188457508 0.0622243668
1 0.3412432553 0.1556130370 0.0445445018 0.1855619754
0 0.2173698688 0.7549624702 0.0506098329 0.2176084671
0 0.5083763987 0.8145312958 0.0721658791 0.1762750400
1 0.6700467265 0.2072941533 0.0393631658 0.0680786352
0 0.5650781152 0.1920980447 0.0468609063 0.2151771887
1 0.0922511141 0.7470605137 0.1152779551 0.1799221831
1 0.4633898993 0.1610979257 0.0534215091 0.0534903797
0 0.3810163319 0.7730472796 0.3992078621 0.2571417470
0 0.2155803906 0.8983503104 0.0625846938 0.1779859744
0 0.5074873112 0.9065731158 0.1132110821 0.1513016673
0 0.8300495617 0.1112897708 0.1678806549 0.2225795417
1 0.5923130618 0.1267269275 0.0724685368 0.1272954667
0 0.8309233341 0.8345092432 0.1843115144 0.1940207679
