1 0.1277281121 0.7010445541 0.0490640138 0.1166847734
0 0.5077730705 0.7735783788 0.3973380562 0.3458493037
0 0.7887541555 0.2176275053 0.0651122142 0.1714123062
0 0.6101604598 0.2334314941 0.0762744805 0.1641181613
0 0.3538970381 0.1507645732 0.0288354522 0.1130592026
0 0.1641412035 0.1355684339 0.0399975394 0.1483141787
0 0.0915875075 0.6619622103 0.0548803709 0.1118434234
0 0.3673846006 0.7294330258 0.0948779055 0.1373729798
0 0.6682964650 0.7282173021 0.0772046064 0.1641181120
0 0.8710747001 0.7130211998 0.0586010682 0.1312945586
1 0.4762151692 0.1647450042 0.0613915970 0.1142748708
0 0.6532827974 0.7351929105 0.0919645519 0.5296141789
0 0.8548363307 0.7178186962 0.0813133890 0.5643626076
0 0.3585543355 0.7429005464 0.1320803988 0.5141989072
0 0.0720561078 0.8097607146 0.0786606349 0.2299199266
0 0.6057328459 0.1205922583 0.1053755752 0.1931304639
0 0.7771992725 0.1214777541 0.1105145241 0.2090064220
