0 0.8736840934 0.0737540300 0.0741353047 0.0879446113
1 0.3784657759 0.6568938490 0.0501219376 0.1103776206
1 0.3230891887 0.6500609530 0.0250609846 0.0336388790
1 0.5514671290 0.2826612376 0.0436545500 0.0872508656
0 0.6424141108 0.7294277204 0.2109969864 0.3185182308
1 0.6460520400 0.6395487467 0.0307198697 0.0462534278
0 0.3349237348 0.7039035168 0.0654432790 0.0790198946
0 0.6247439747 0.7288251369 0.0972300470 0.1434514004
0 0.8112572977 0.6923544527 0.0570291512 0.1361573088
0 0.3176280278 0.1562351728 0.0383310896 0.1215690227
0 0.5672474036 0.2054706150 0.0532895389 0.1081963947
0 0.7514235004 0.2237059879 0.0813366314 0.1422357219
0 0.0885765317 0.1300978510 0.0289820193 0.1033336755
0 0.8710911897 0.0899800773 0.0514197959 0.0960395274
