0 0.7009021980 0.3020410467 0.1272888184 0.3413186639
1 0.3559558332 0.2066053804 0.2857323639 0.2594811525
1 0.2847890933 0.2117045995 0.1497735268 0.1618869201
1 0.4584454308 0.1728096878 0.2509718335 0.1808087651
0 0.6892897235 0.3645023215 0.0940981148 0.1019188045
1 0.7781512363 0.1128944765 0.0817489624 0.1656444455
0 0.7078670155 0.2741196426 0.0933050991 0.1329868248
1 0.6339237119 0.0838481531 0.1701662048 0.1423491063
1 0.3678119360 0.1677569588 0.2986389822 0.1743186372
0 0.7153108140 0.2353499046 0.0858472714 0.2810442980
0 0.7268478141 0.3340407333 0.1304591155 0.1772189329
