0 0.0966293941 0.8273845601 0.1305952775 0.1767139588
1 0.4826128971 0.7228549415 0.0170998851 0.0688912645
1 0.7096140853 0.2111705289 0.0453147790 0.0988923040
0 0.2624516519 0.8111913645 0.4642622792 0.2744539481
0 0.2600138262 0.0639838118 0.1975694472 0.1021001639
0 0.2866832542 0.7762058248 0.0976313669 0.1958656209
0 0.5942693497 0.1886091795 0.0758302166 0.2254302150
0 0.2590615960 0.1840051365 0.2465941187 0.2345448256
0 0.0943132748 0.7934413838 0.0980823983 0.2296934972
0 0.2910281688 0.7795704696 0.0881912050 0.1804287581
