1 0.2924541289 0.3998718877 0.1843398463 0.2712131651
1 0.2320808156 0.6737130498 0.0668131448 0.0977628522
0 0.3814041930 0.1943595615 0.2431032725 0.3542590261
0 0.5657440487 0.1880522875 0.1561656900 0.3416444780
1 0.2665652686 0.3810882692 0.2268676852 0.1702285286
1 0.2813420903 0.7139381489 0.1505443634 0.1363623421
1 0.6045717067 0.1960054387 0.0735149973 0.1297813828
0 0.6760446291 0.8804689027 0.5622537469 0.1866718628
0 0.8251167741 0.0635573223 0.1388616951 0.0960026696
1 0.4323559397 0.8404677717 0.0503713940 0.1102253049
0 0.5608370749 0.0484180119 0.1402231035 0.0906691857
0 0.3756881450 0.0715297656 0.1402230846 0.1191144209
