1 0.0540606574 0.2002381729 0.0613509890 0.1812557338
0 0.0338130632 0.1942276195 0.0289904085 0.1191144277
0 0.2001627964 0.2048945752 0.0496978443 0.0942248302
0 0.3637515443 0.2235617682 0.0510783681 0.0995583081
0 0.6053383048 0.2146726350 0.0648832896 0.0782243966
0 0.8220761115 0.1826717372 0.0704052582 0.0711130860
0 0.1497747060 0.7177977453 0.0731662742 0.0853357277
0 0.3416636223 0.7266868785 0.0510783364 0.0995583490
0 0.6011967966 0.7115753256 0.0345123989 0.0551126626
0 0.8731544479 0.7222422813 0.0317514146 0.0622239119
0 0.1496984081 0.7469071027 0.0894406214 0.0954043224
1 0.6876973491 0.1715726125 0.0451720430 0.0732984224
