1 0.1406284649 0.6987357032 0.0876199280 0.1250321965
1 0.3736794057 0.5394965113 0.0442616440 0.0778503418
1 0.5696951146 0.5678056884 0.0370351798 0.0802094296
0 0.5358532760 0.4404326380 0.1116644612 0.2885103442
0 0.9208748781 0.4548714277 0.0674716803 0.3062054532
0 0.3437362349 0.4124765118 0.1349941854 0.3010266992
0 0.0592291708 0.4251928607 0.1146505570 0.3677540258
1 0.4506297626 0.5796294228 0.0756717573 0.0883020197
1 0.1459301520 0.7010446197 0.0716466703 0.1208896081
0 0.5387736230 0.4548516875 0.0530593664 0.0603046602
0 0.3619089989 0.4696070847 0.0412684255 0.0538893518
0 0.0704801422 0.5335715457 0.0766141270 0.3271301911
0 0.3480543493 0.4974443010 0.1088407155 0.2913999588
0 0.5359413875 0.5188824428 0.1234338848 0.2993399858
0 0.7359893685 0.5597737136 0.0601968493 0.3287181669
0 0.9281327674 0.5780358299 0.0687094763 0.3541263469
