1 0.6838450616 0.8539966680 0.1300868606 0.1219409091
1 0.7387254458 0.9375682734 0.2642388745 0.0893533194
1 0.4738090525 0.8744953458 0.0704637026 0.0536119411
1 0.7604065553 0.3473109952 0.2344272751 0.1429652605
1 0.2929070731 0.9438755346 0.1558332456 0.0704313463
1 0.7290660823 0.8849410813 0.2027113625 0.1644859847
1 0.7448807883 0.9198913100 0.1951684277 0.1303850645
0 0.4900321604 0.5638698299 0.2210076489 0.3734214937
0 0.7738127155 0.5208529883 0.1319165300 0.3618506378
1 0.7070258514 0.8538464665 0.0988325010 0.1214937183
