1 0.4054559437 0.3418159793 0.0299127150 0.0625759863
1 0.1381924139 0.3181385738 0.1170497135 0.1133132442
1 0.5959868517 0.3587283986 0.0312132212 0.0591934983
1 0.4023105986 0.3411750383 0.0205071816 0.0655578285
1 0.5971287296 0.3495086547 0.0273428668 0.0466683090
1 0.6377158153 0.6767422461 0.0264884377 0.0411125511
1 0.6577958139 0.6778534100 0.0187982604 0.0344456498
1 0.3924842223 0.6417410451 0.0487045406 0.1222264690
1 0.4015265413 0.3316613679 0.0336372789 0.0560253102
1 0.4104286529 0.6447248766 0.0896746810 0.1013967453
1 0.6593963229 0.6657799341 0.0757898296 0.0592083675
1 0.4078230826 0.3402462006 0.0712935731 0.0945025618
1 0.6115593331 0.3633594000 0.0862077580 0.0554336015
1 0.8838953615 0.3744539548 0.0686018754 0.0637783133
1 0.6464459875 0.6794451027 0.0503370655 0.0412083698
