1 0.7031589790 0.4276710838 0.0266675999 0.0344456498
1 0.6334791233 0.3715580561 0.0610774553 0.0377790800
1 0.6949866510 0.6443452733 0.0481737595 0.1122260965
1 0.8364969466 0.6782353514 0.0817232797 0.1288933293
1 0.7582146270 0.6726796140 0.0455930077 0.0777804467
1 0.6954168187 0.7643494965 0.0610773918 0.1033369495
0 0.5130728127 0.8248178215 0.0675529297 0.0371910013
0 0.4438587709 0.2369138554 0.0442969792 0.0143042329
0 0.6885995855 0.2154575163 0.0398673257 0.0314693041
1 0.4554867303 0.5923740633 0.1517171393 0.0786732909
1 0.8840600052 0.5809306688 0.1650062902 0.0414822896
1 0.9709928356 0.7532966983 0.0398672622 0.1344598339
