0 0.2517552973 0.1616986440 0.0809229781 0.1792717193
0 0.6850848377 0.7096612261 0.0939750883 0.1725067212
1 0.0676607559 0.5722793591 0.1353215118 0.2189546702
0 0.1949985323 0.7095260559 0.1059128645 0.2474533557
0 0.3941915466 0.7548234362 0.1099967980 0.1880010640
0 0.7168100158 0.7440164812 0.1333382081 0.1897308813
1 0.1824343174 0.6215667115 0.0188655300 0.0711135193
1 0.4431219554 0.5998993042 0.0720320648 0.0388902257
1 0.4152523843 0.7354595816 0.0180080821 0.0455571090
1 0.6596471091 0.6287891806 0.0403036862 0.0300010480
1 0.6081955455 0.2843327877 0.1243411140 0.0922254384
1 0.1777179254 0.3387791232 0.1003304540 0.1366713758
1 0.0941092322 0.5793430441 0.1560695938 0.2177852932
1 0.0790275395 0.6117098021 0.1081366989 0.1853188348
0 0.2486504020 0.1231145272 0.0631134203 0.0835578729
0 0.4379906345 0.1728936919 0.0686015200 0.0764465576
0 0.7185709234 0.1844495656 0.0260685256 0.0640017649
0 0.1827929319 0.7337981422 0.0576252828 0.0711130802
0 0.3927136374 0.7337981422 0.0795777949 0.0675574287
0 0.7007345380 0.7586877519 0.0864379054 0.0960026412
