1 0.7176178243 0.5550901645 0.0629438852 0.0367924257
1 0.8681182672 0.6087020862 0.0363138003 0.0977628522
1 0.7615978142 0.3154134065 0.0427695349 0.0473046107
1 0.4928759607 0.3127853726 0.0266301227 0.0315364071
1 0.8051744199 0.3054268801 0.0169464452 0.0609704018
0 0.5689567935 0.7713501124 0.1110591014 0.2857877348
0 0.4979518243 0.1369251254 0.1092384461 0.0509911661
1 0.8553327634 0.6231845859 0.1187697249 0.2523134738
1 0.6382650685 0.5960816267 0.1631110096 0.1426680275
1 0.8081035401 0.2918094761 0.1177988348 0.2031395814
1 0.6225621296 0.7577988053 0.0846153363 0.1120031078
1 0.8224999334 0.1542265109 0.0504962680 0.1066696376
1 0.2841008599 0.8031334434 0.0791562824 0.1066696500
1 0.5092867789 0.7355759985 0.0300247968 0.0995583400
1 0.9576115000 0.1480041085 0.0450371384 0.1048917978
