0 0.5475500141 0.7783487983 0.0791829427 0.2063416800
0 0.2428211459 0.7752615153 0.1389895417 0.1915501977
0 0.7319927679 0.8016191597 0.0419391957 0.1059324037
0 0.6974666152 0.2130146142 0.0538287811 0.1489414813
0 0.4954965044 0.2048565339 0.0438622605 0.1086027329
1 0.2653266848 0.6654571348 0.0350095448 0.0344456235
1 0.8037051021 0.6965693235 0.0375712235 0.0788915720
1 0.7332591133 0.3643355636 0.0298861560 0.0833362407
1 0.6986764676 0.3582242287 0.0187855802 0.0822250890
1 0.9662961028 0.7169088275 0.0396203014 0.0764465948
1 0.2818216250 0.6520181129 0.0505500261 0.0746687355
1 0.8856893219 0.8760243399 0.0396203014 0.0462235205
1 0.7209061970 0.3454599695 0.0357710806 0.0538497545
1 0.9320256354 0.7958814650 0.1059104742 0.2792886248
1 0.5793729166 0.5460917429 0.6343407604 0.2480007805
0 0.5293916924 0.7843670207 0.0784751242 0.1434514162
