0 0.0815742073 0.1960502385 0.0756191185 0.2584796420
0 0.2933077420 0.2086456486 0.0991450705 0.3318615820
0 0.5705778465 0.1894787283 0.1125884501 0.2694321784
0 0.7293779963 0.1495020048 0.0991449951 0.2486223814
0 0.8936395486 0.0920012347 0.1268720715 0.1840024693
0 0.2512971196 0.7863914748 0.1361144303 0.2453366094
0 0.5794000655 0.7332717478 0.0882223034 0.2530034015
0 0.7814711441 0.7267002222 0.1025058871 0.2946230386
0 0.9457326963 0.6221035821 0.1033461290 0.2803846964
0 0.7282137668 0.1198235357 0.0986900400 0.1628006399
0 0.7924060126 0.7562259791 0.1606987428 0.2948627073
0 0.3994403295 0.8637962894 0.4343503937 0.2234000238
0 0.7823398866 0.7907094418 0.1242137435 0.2035824688
0 0.9483404696 0.6897175615 0.0503372277 0.1722194899
0 0.0697127637 0.0922173747 0.1200936761 0.1197494808
0 0.3002770502 0.1045656642 0.1247855099 0.1792151978
0 0.5474607716 0.1131770960 0.0934427508 0.1884874645
0 0.7165189558 0.1042755076 0.0912543068 0.1712315463
0 0.3077132924 0.1597052097 0.1207485564 0.1911148034
