0 0.5571740421 0.3587283936 0.0809082031 0.1133132324
1 0.3107424512 0.2255346375 0.0438005612 0.0651752563
1 0.5281230974 0.2796721436 0.0632674983 0.0578167480
1 0.3955046854 0.3679741211 0.1192348904 0.0851483398
1 0.4900003692 0.6696724365 0.1979137279 0.2218061035
1 0.3987491749 0.4799283691 0.0835454870 0.1261457031
1 0.3237204187 0.6912223389 0.1378906815 0.1913209473
1 0.8395938073 0.7763706299 0.3049818251 0.3090567871
1 0.3044536732 0.2310442871 0.0409565678 0.0483615723
1 0.4121489348 0.4838641113 0.0784528567 0.1129011719
1 0.3100738620 0.2325538452 0.0376942387 0.0733182373
