0 0.1269709822 0.1308171001 0.0448156163 0.1886449021
0 0.2880243495 0.1717304984 0.0387791541 0.1222331790
0 0.4441050338 0.1713312953 0.0624449673 0.1138963147
0 0.6967786074 0.1430415157 0.0494939516 0.1764289373
0 0.9356625006 0.1755875065 0.0240795696 0.0737821802
1 0.5746675416 0.3358753559 0.1567070687 0.0879477171
1 0.8108147726 0.2839785713 0.0947935369 0.0910717231
0 0.0634828275 0.7096975129 0.0377801101 0.1395989440
0 0.2204506916 0.7121816766 0.0865190399 0.2002071827
0 0.4182951396 0.7132242852 0.0644015989 0.1903623681
0 0.7095633560 0.6869651415 0.0408727674 0.1704364433
1 0.5297227469 0.5514863580 0.1329588011 0.0556634875
1 0.8125661214 0.5355475568 0.1443555370 0.0680026110
1 0.6651980635 0.3460125827 0.4101184031 0.0596277127
0 0.7158363927 0.7748150010 0.1073258994 0.1785701788
0 0.4147960276 0.8418298159 0.1304496939 0.2435769329
0 0.2315402140 0.7876543376 0.1108931073 0.2556278850
0 0.1294100151 0.0839450052 0.0875443721 0.1635333730
0 0.2930781757 0.0986463071 0.0902602707 0.1897640883
0 0.4548092323 0.0929166217 0.0918200949 0.1819359801
0 0.7017735073 0.0858566315 0.0911301639 0.1383114862
0 0.4087333758 0.7717483746 0.0864865953 0.1659782071
0 0.2258278351 0.7467970508 0.0766182657 0.1443129857
0 0.1259353116 0.1234401559 0.0595940853 0.1426483965
0 0.2879186516 0.1571986967 0.0470891443 0.1429998210
0 0.4510851558 0.1532960124 0.0558146285 0.1147993763
0 0.7042379123 0.1037910944 0.0642650912 0.1147192317
