1 0.8858273279 0.6391684402 0.0563309433 0.0719525539
0 0.1458021173 0.7193778603 0.0517881568 0.1733938427
0 0.2689125010 0.1490655853 0.0835878828 0.1698551127
0 0.5487501531 0.1467064942 0.0944906460 0.1958052658
0 0.0740255603 0.1290132405 0.1190218022 0.1627778675
0 0.1416613333 0.7329913183 0.0907202757 0.2212804227
0 0.3361601192 0.7428061559 0.0948439063 0.2551862701
0 0.5492153690 0.1521302781 0.1058403492 0.2730314490
0 0.2736181004 0.1209011845 0.1209603675 0.2177113592
0 0.0804938679 0.1423154146 0.1058403216 0.2034352024
0 0.8234379916 0.1985277784 0.1127130590 0.3087218543
1 0.6877720901 0.1683128449 0.1085910905 0.0727634481
1 0.4180458396 0.1478481190 0.1296087057 0.0773111604
0 0.5399138254 0.1584946016 0.0997029286 0.2183455296
0 0.2758295850 0.1477846064 0.1280427617 0.2022185083
0 0.3138044729 0.6993859421 0.0496245440 0.2278667378
