0 0.4581532273 0.5527782030 0.1086678745 0.1803850974
0 0.1886141376 0.3744095218 0.2351018040 0.1983373088
0 0.2836265147 0.5470288800 0.0738445724 0.1043595755
0 0.4638702028 0.5483599837 0.0723215501 0.0960260207
1 0.3980075025 0.6667481084 0.6634529538 0.4160763730
0 0.0828408704 0.5511751072 0.0465115504 0.1846195344
0 0.2849446265 0.5568997578 0.0609079759 0.0958876661
0 0.4671148736 0.5604776362 0.0642302499 0.0915941628
0 0.7063171418 0.5318544654 0.0487263680 0.0372101568
1 0.3668935600 0.8188018389 0.1694349268 0.1359601585
1 0.1814010588 0.8166551077 0.1882610430 0.1144926830
1 0.5269154406 0.8044902843 0.1439642864 0.0987499606
