0 0.8702792542 0.8425712893 0.0528494828 0.2826432429
0 0.7053301362 0.8281929888 0.0932780654 0.2596465524
0 0.5218115545 0.8279495608 0.1115468753 0.2788614712
0 0.0979617048 0.1452128219 0.0922121165 0.2654693891
0 0.3595817457 0.1574640689 0.1047442933 0.2560279342
0 0.5580548773 0.1577088837 0.0846085002 0.2516421289
0 0.7340188544 0.1519548413 0.0954924345 0.2496942714
0 0.2462997673 0.8322454628 0.1312701609 0.2529172053
0 0.3540310467 0.7320554183 0.4581362966 0.3742320971
1 0.6564350353 0.6049019142 0.0645076139 0.1388931643
