0 0.8491974979 0.7435445478 0.0472871920 0.0449077647
0 0.6083281116 0.7589415273 0.0403912272 0.0782678255
0 0.3236195473 0.7698477058 0.0522130252 0.0461908976
0 0.5772958604 0.2283881505 0.0591090530 0.0718524687
0 0.7570858730 0.2495589615 0.0285693662 0.0757017033
0 0.9137248540 0.2598235838 0.0305396868 0.0885324786
1 0.8310532073 0.6274596594 0.0508488359 0.1082750546
1 0.3479896128 0.6994678128 0.0242136984 0.0336389029
0 0.6292722562 0.7714759047 0.4786244994 0.3185177465
1 0.6155086553 0.6465988364 0.1475522068 0.1997338982
1 0.3571466342 0.6312971423 0.1623072511 0.1529980321
1 0.2256402645 0.4032633074 0.1091334419 0.1585603734
1 0.5879952162 0.3748577590 0.0971243182 0.1769828181
1 0.7420844205 0.3639621222 0.0764478245 0.1231662996
0 0.3227510561 0.2635182411 0.0619670919 0.0937950380
0 0.5764179997 0.2686329093 0.0939167286 0.1581464378
0 0.7574553278 0.2723688823 0.0327167964 0.1440646469
0 0.9141698627 0.3190545215 0.0783383396 0.1973957144
0 0.8552977067 0.7048149929 0.0528534849 0.1254174838
0 0.6013978185 0.7272091937 0.0533184607 0.1306849654
0 0.3275739199 0.7172428459 0.0498407165 0.1310618001
1 0.2292209385 0.3759741834 0.0967071344 0.0956382341
1 0.6768689544 0.6351761151 0.1122484394 0.1023281877
1 0.3844930454 0.6356900533 0.0947644182 0.1129812425
1 0.4535994397 0.4018006376 0.1621553246 0.1270719754
0 0.6077723075 0.4980719782 0.4331017525 0.4096874934
