0 0.0740614632 0.7582244265 0.0630312059 0.0941842980
0 0.2881821616 0.7772996961 0.0574696097 0.0917998741
0 0.4782026820 0.7802802057 0.0741543748 0.0977608933
0 0.7840894109 0.7445140499 0.0500540588 0.0715323926
0 0.5078644287 0.2497485441 0.0593235250 0.0786855427
0 0.3308208980 0.2336537740 0.0519080214 0.0774933915
0 0.1296772245 0.2050408342 0.0482003168 0.0846466125
0 0.4765280279 0.7785814344 0.0852708713 0.0797632225
0 0.2882676802 0.7878396894 0.0741967087 0.0413059675
0 0.7910335228 0.7700354182 0.0786263895 0.0598223966
0 0.5042133637 0.2294972535 0.0520484306 0.0384572550
0 0.3309031079 0.2081321119 0.0708744835 0.0470033116
0 0.1299075165 0.1654018235 0.0874856881 0.0299112084
1 0.1531632108 0.5813099328 0.1627898209 0.0555493683
1 0.3569273390 0.5791734186 0.1472860247 0.0512763400
1 0.5894842350 0.5741882324 0.2159456914 0.0470033116
