0 0.1776636769 0.1540317366 0.0866297602 0.1276474430
0 0.3457999339 0.1917181007 0.0801092465 0.1932946945
0 0.7370310296 0.2281888172 0.1341363250 0.2492164569
0 0.4291694183 0.7497198245 0.1648759624 0.1519612335
0 0.6913874525 0.7023078974 0.0838352031 0.1787064054
0 0.1656408505 0.2110849308 0.1051920630 0.2634593788
0 0.3170444769 0.2376689403 0.0966794233 0.2896466197
0 0.4568951948 0.2579045269 0.1027599139 0.2872659654
0 0.6995058077 0.2682206998 0.1331622537 0.2983756939
0 0.9147543073 0.2729820147 0.0711414005 0.3126596323
0 0.2285736782 0.7015002776 0.0753977816 0.2777433111
0 0.4347014985 0.7296714259 0.1264737140 0.3071048173
0 0.7037621512 0.6860260428 0.1197851744 0.2071171623
