0 0.7560619423 0.2064112037 0.0858099413 0.1081792761
1 0.5643684486 0.3698390460 0.1790515042 0.2254842739
1 0.7881373206 0.3923732359 0.1598494655 0.1990417686
1 0.3300169400 0.6835387773 0.1743770156 0.2584722140
1 0.8232958732 0.6998617769 0.1220136618 0.1951800722
0 0.6178736487 0.8380616878 0.0473746997 0.2053217724
0 0.8094324393 0.8575202711 0.0576736490 0.2227673874
0 0.3222964738 0.8118932653 0.0329563348 0.1476169573
1 0.0406904521 0.7866354380 0.0417345762 0.1099988327
0 0.3238215957 0.7730400933 0.0350949940 0.1273019091
0 0.6107468243 0.7773659035 0.0588077989 0.1483129636
0 0.8137285888 0.7687142831 0.0607048409 0.1408973360
0 0.7473326848 0.2613603894 0.1024393875 0.1520207774
0 0.9621709148 0.2873151477 0.0692414986 0.1544926396
0 0.5528875149 0.2805174856 0.0948512824 0.1458410809
