1 0.3123922254 0.7404979939 0.1043902482 0.1335041009
1 0.1604135391 0.2133862535 0.0229440727 0.0321895931
0 0.4270235572 0.2467680437 0.0403815543 0.0703401474
0 0.5880909155 0.2586901134 0.0523124921 0.0727245417
0 0.7817388100 0.2366342882 0.0688322464 0.0834544265
0 0.2420944271 0.8011438057 0.0468058633 0.1156440073
1 0.4990679297 0.8255840436 0.0229440821 0.0381506034
0 0.5366961602 0.8023360274 0.0651611102 0.0894154245
0 0.7271319474 0.8088931363 0.0330394329 0.0763012067
0 0.9005890648 0.8363138426 0.0513946231 0.0953765084
0 0.5011971729 0.2632142585 0.2578375033 0.1730317732
0 0.7875776008 0.2347876067 0.0903858902 0.1408972909
1 0.1591580882 0.2088328420 0.0456686398 0.0469657677
