1 0.3365031442 0.7690121566 0.0267326795 0.0483559005
1 0.3766021066 0.7695377807 0.0226822609 0.0620216376
1 0.6090949686 0.6917479339 0.0486047583 0.0641239869
1 0.2769622708 0.2717880654 0.1117910159 0.0904043847
0 0.1999219503 0.8475170918 0.1553092148 0.1000302868
1 0.4041126627 0.8773774495 0.1920929806 0.1364145563
0 0.7434446047 0.7558533844 0.1983717500 0.1458283576
0 0.4050193829 0.8525850230 0.1146525544 0.1670126144
0 0.1965898442 0.8613431751 0.1410669751 0.1707080648
0 0.1735930044 0.1941421153 0.0713507882 0.1507187074
0 0.4199522980 0.1623608565 0.0881422579 0.1377210916
0 0.6378740475 0.0516875882 0.0710647876 0.0667283924
0 0.0184832465 0.1804792937 0.0369664929 0.1066523680
0 0.1723754419 0.2109479283 0.0457252933 0.1736046691
0 0.4281552073 0.1856351992 0.0572817401 0.1390325127
0 0.1803661945 0.8436327663 0.0887698926 0.1307255690
0 0.4035354113 0.8480962629 0.1226825182 0.1049689786
0 0.1898158311 0.8820788014 0.1184959246 0.1602856858
0 0.4061264918 0.8760110083 0.1302451638 0.1206153385
0 0.4162557546 0.1068491157 0.1073868356 0.1865132409
0 0.1729773789 0.1342160094 0.0892679081 0.2067693924
0 0.7772841906 0.8070007472 0.2069685877 0.1560005562
