1 0.3844265723 0.3436319368 0.0276071788 0.0388949343
1 0.4396409865 0.4266778046 0.0682060511 0.0935579763
1 0.4644062936 0.6768667375 0.1534635583 0.3290299232
0 0.4879535871 0.4897506506 0.4327834772 0.4551755418
0 0.6436670194 0.4445870661 0.0346875966 0.1270248621
0 0.8270156473 0.4574178386 0.0307233689 0.1321571906
0 0.3706261913 0.4522855345 0.0455894494 0.1218925824
0 0.0817281998 0.3772253765 0.0247768527 0.1488372094
0 0.6405531884 0.6948037434 0.0962113738 0.4333463841
0 0.8065331246 0.6798056854 0.1102987182 0.3855636755
0 0.3306249785 0.6165158201 0.1122073974 0.3537289793
