1 0.7667786174 0.6309116065 0.0226737664 0.0554389062
1 0.7373026832 0.6403480056 0.0253946335 0.0648752070
1 0.5726908479 0.6704265093 0.0226738042 0.0754911437
1 0.2992446786 0.6692469472 0.0181390320 0.0471819955
1 0.2838265231 0.6721958403 0.0253946335 0.0483616315
0 0.2502692789 0.7541745637 0.1142760209 0.2146779567
1 0.7890973664 0.6032817389 0.0210151531 0.0515094914
1 0.8727538382 0.6048585460 0.0606206164 0.0588679902
1 0.1036799264 0.5854110779 0.0436468680 0.0388949361
1 0.2148177798 0.6095890165 0.0735530546 0.0494070491
1 0.7009953495 0.3047370265 0.0533462392 0.0473046560
