1 0.7402592118 0.5160139702 0.1066058082 0.1539031172
1 0.7465900711 0.5258956013 0.0920860843 0.1439784473
0 0.6114729750 0.8609655231 0.2912436481 0.0990480774
1 0.7571070665 0.4944811305 0.1624231946 0.2018330483
1 0.5150882907 0.1675536262 0.1195952369 0.1135310989
0 0.6411481585 0.7530798202 0.5268655092 0.3700272797
0 0.1686791053 0.6783465679 0.3115956537 0.1657166362
0 0.6278243198 0.7737231327 0.2566082164 0.1943295541
0 0.6329528205 0.4566398860 0.5586048096 0.5844427279
0 0.6198101433 0.7795566059 0.2258041467 0.2628803821
0 0.6195589064 0.7628644727 0.3317510620 0.2382752594
1 0.5611519988 0.3398043570 0.0953200416 0.0778041849
1 0.7583336202 0.5337069228 0.1196172805 0.1276474429
