1 0.3587484191 0.2395617789 0.2378435120 0.1545284307
1 0.2596469824 0.5034164381 0.0560435665 0.0283827838
1 0.9082488522 0.6211523853 0.1749654331 0.4089221305
0 0.5077422997 0.5890903721 0.5276297110 0.3994612655
0 0.4343219456 0.5181407444 0.1928598892 0.0778056520
1 0.3514327143 0.2604651389 0.2652782495 0.1488371763
1 0.9136891142 0.3182037259 0.1117837755 0.1539695527
1 0.3297433285 0.3618284054 0.1251312354 0.0384923976
0 0.4440298772 0.5157979392 0.1334733702 0.0615878362
0 0.5741663394 0.8590217142 0.1735153321 0.1116278964
1 0.2994320020 0.3597058370 0.1532057364 0.0849810432
1 0.2672640544 0.5070366544 0.1087869101 0.0466716755
0 0.5929399328 0.5061758697 0.2965318861 0.1773734172
1 0.5503270737 0.7809706744 0.1565892808 0.0565335206
0 0.6747551271 0.8059787242 0.3227494343 0.2170388992
0 0.5834758347 0.1733683111 0.3926055712 0.0913009785
0 0.2924512412 0.7106588169 0.1401597912 0.2408041372
