1 0.1800984553 0.2551757197 0.1225273505 0.1306105829
1 0.5082453633 0.2818046324 0.1256689363 0.1410046977
1 0.3893167403 0.6024816944 0.1395728504 0.2093816450
1 0.7303228537 0.5597065095 0.0211069297 0.0705489620
1 0.1698685588 0.2879330912 0.1069673158 0.1952787092
0 0.1741283198 0.1420920310 0.1003410146 0.1161784818
0 0.4661585694 0.1748444711 0.0823553508 0.1717958266
0 0.6464884465 0.1797882388 0.0908749011 0.1396613706
0 0.8315513380 0.1723725965 0.0861418302 0.1989865457
0 0.3672374704 0.7192766005 0.0927681219 0.1161785003
1 0.6994987804 0.7130968894 0.0473307091 0.0568533128
0 0.8613696696 0.6791085028 0.0321847917 0.1693239274
0 0.1718330972 0.1444322709 0.0884708925 0.1246213728
0 0.4548507229 0.1239726836 0.0784062367 0.1801469003
0 0.6323283657 0.1414986026 0.0622442480 0.1531769537
0 0.8085908849 0.1329204467 0.0815212540 0.1446822566
0 0.8551472504 0.7174282197 0.0392556712 0.1690895819
1 0.6754789771 0.6177772276 0.0281040694 0.2109902659
