1 0.7498253883 0.6537900571 0.0324377385 0.0422236690
1 0.6128185764 0.6704572992 0.0879234002 0.0533351911
1 0.9060388240 0.6682350030 0.0290233061 0.0511128538
1 0.7003151725 0.2532206012 0.0204869728 0.0366679490
1 0.6862303235 0.2926664205 0.0196333647 0.0422236895
1 0.5415409126 0.2887773918 0.0307305223 0.0255564474
1 0.7348869943 0.4048925329 0.0281695718 0.0466683025
0 0.3891688237 0.7515712340 0.3559616728 0.2933435511
1 0.6042268914 0.6902413827 0.0696553538 0.0622239238
1 0.2375121060 0.2600072174 0.0327789733 0.1297813749
0 0.6581636242 0.4737469092 0.3337598742 0.4763070977
0 0.2813326011 0.1267111550 0.1004495320 0.1773496840
0 0.5132732046 0.1266081800 0.1348513837 0.2001818390
0 0.6747073091 0.1371046574 0.1142482136 0.2067762407
0 0.8517881690 0.1384507382 0.1061116873 0.1907082965
0 0.5436386527 0.8194998898 0.1060270022 0.2131747981
0 0.7201110871 0.8358463788 0.0929554378 0.1754082985
0 0.8837741589 0.8370145547 0.0880008861 0.1199148878
0 0.2730726231 0.8340382997 0.1087883773 0.1989026002
1 0.5694638019 0.2351726853 0.1757974482 0.1816506228
