1 0.6915372430 0.3814368694 0.0491007424 0.0542592688
1 0.5692398443 0.6539128912 0.0300060725 0.0519002415
0 0.5383245093 0.7400199721 0.0900181542 0.1792914487
1 0.8547519587 0.2581739188 0.0900181542 0.1049799146
1 0.6310036572 0.3283893249 0.0632068561 0.0925068243
1 0.5167450378 0.3657074282 0.0162069065 0.0409973186
1 0.3781760746 0.6821227699 0.0388965755 0.0409973596
0 0.5400229099 0.8638698473 0.1068679390 0.2243159794
1 0.7109947699 0.7867424663 0.0252286240 0.0463631584
1 0.7571411133 0.7776947740 0.0202775306 0.0344650381
0 0.7412832052 0.8145875912 0.1255676364 0.1079989794
1 0.5692790473 0.6504011533 0.0404836794 0.0599379600
0 0.2691382314 0.7935059168 0.1304562867 0.1546860716
1 0.8571778293 0.2548757218 0.1023963624 0.1118739730
1 0.7021441027 0.2474678311 0.0444130272 0.0734014659
0 0.6666889735 0.2384185073 0.0924897458 0.1077056249
1 0.4526002211 0.2118502824 0.0395858076 0.1095055565
1 0.5151289351 0.2702746722 0.0295600001 0.0562724849
0 0.4821624993 0.1885106972 0.1504475468 0.2347071737
0 0.2514810913 0.1830073205 0.1580363462 0.2153155052
1 0.8742441639 0.8469631090 0.0346353154 0.1139823949
0 0.9178805670 0.8613592788 0.1413317928 0.1007185155
