1 0.1664792520 0.7621792590 0.0508962655 0.0809434515
0 0.1592939306 0.5515639094 0.1184699353 0.3815576025
0 0.3315374398 0.6625326746 0.0781397502 0.3323596633
0 0.5920032266 0.6494132046 0.0882222493 0.3214267715
0 0.7873526114 0.5783494819 0.0823407962 0.2623892053
0 0.3579909619 0.6535859257 0.0861473743 0.1475299636
0 0.6042066033 0.6777321689 0.0641467436 0.1691325850
1 0.0421476591 0.5062588979 0.0742811951 0.1507307060
1 0.8157602946 0.6248894504 0.0522006565 0.1113983277
0 0.7855339898 0.4811115066 0.0937921971 0.2521100025
0 0.5928848455 0.5451648145 0.0998234502 0.2594782940
0 0.3813294022 0.4914747001 0.1181252939 0.3187340916
0 0.2235876389 0.4073074280 0.1211415985 0.3220675181
