1 0.7930175970 0.7316947482 0.0326780907 0.0283828028
1 0.2509701307 0.6234193916 0.0432984435 0.0388949969
0 0.1310775048 0.6033339545 0.2438937220 0.2486338230
0 0.5062789092 0.7071303210 0.0649315112 0.1341736244
0 0.8206196548 0.7231682986 0.0405956981 0.1327106400
0 0.8433252669 0.1067101940 0.0518898093 0.1374561739
0 0.5694580706 0.1066376503 0.0455286455 0.1447225280
1 0.3644078717 0.7438105097 0.0935712609 0.0929463570
0 0.3552388394 0.1287403006 0.0478242962 0.1427218254
0 0.1725922691 0.6324057067 0.2154080111 0.3306676195
0 0.4983949293 0.8192740939 0.0604889497 0.2080057106
0 0.5211455089 0.7213533919 0.0815165505 0.1600044705
0 0.2019875645 0.6644629068 0.1478350802 0.1457818644
0 0.8347769211 0.7640212305 0.0870431065 0.1280034956
0 0.3422236342 0.1160032209 0.0635552517 0.1084474576
0 0.5715752335 0.1382260607 0.0525021713 0.0782243842
0 0.8534290198 0.1497819408 0.0690818076 0.0800022353
0 0.8206910562 0.7203153092 0.0755817533 0.1726279960
0 0.4942723391 0.7014721195 0.0765265260 0.1568239730
0 0.8561200011 0.1355684344 0.0557415894 0.1434514229
0 0.5693817374 0.1373919607 0.0321222719 0.1033336412
0 0.3402744986 0.1513724220 0.0349565585 0.1580397044
1 0.4659291580 0.1331370524 0.0519624358 0.0680786234
1 0.3686176640 0.7318644340 0.1162069795 0.0863139778
