1 0.5860540274 0.2304420190 0.0273555917 0.0377790834
1 0.6022964021 0.3376679859 0.0170972133 0.0233341578
1 0.6228130959 0.3537796399 0.0239361742 0.0844473989
1 0.3159173546 0.3043334879 0.0324847809 0.0455571564
1 0.5676744774 0.7443487422 0.0641146917 0.1055592998
0 0.1803261173 0.1943109565 0.0293511705 0.0631869218
0 0.3550572036 0.2217316963 0.0265994549 0.0536492474
0 0.6091281509 0.2390186865 0.0376062226 0.0572258830
0 0.1395096676 0.6926530701 0.0394405999 0.0941842461
0 0.3247888209 0.7170932701 0.0504472888 0.1025296882
0 0.6160072665 0.7361685576 0.0366889316 0.0906076105
0 0.9361183001 0.6837116449 0.0898878414 0.1049141529
1 0.6007349351 0.6342796771 0.2220404185 0.2188609358
0 0.1910620218 0.1082288472 0.0939372312 0.1580110009
0 0.3594216739 0.1250034501 0.0997675373 0.2071284902
0 0.6095619477 0.1447291819 0.0941533737 0.2174512171
0 0.8620837264 0.1120666955 0.1096980013 0.1823489191
0 0.1391319535 0.8033643348 0.1191723079 0.2029367776
0 0.3304782312 0.7280203437 0.1453762783 0.5439593125
0 0.6189900527 0.7092729718 0.1100141370 0.5814540564
