1 0.3857599120 0.2150595470 0.0964549256 0.1577832622
1 0.3541773302 0.8150803761 0.3252152427 0.2555643717
1 0.7933459265 0.8406368379 0.3004613590 0.3000103530
0 0.3393343097 0.2877576069 0.0775129784 0.1689808753
1 0.5793442537 0.1710513894 0.2829689416 0.1057650351
1 0.6278357715 0.1929501487 0.3611993430 0.2477217387
0 0.7838349980 0.3144427371 0.0664447554 0.0562212749
0 0.6055416015 0.3266960985 0.0442964616 0.0634291249
0 0.3292421608 0.3202090212 0.0454039172 0.0533381431
0 0.0385463781 0.2870528826 0.0686595751 0.0533381431
1 0.6221528061 0.1183890476 0.0354371945 0.0389224227
1 0.3491755906 0.1767726765 0.0232556549 0.0691954192
1 0.7832813332 0.1320839749 0.0343298018 0.0836111499
