1 0.5025639487 0.7401037901 0.0282916678 0.1356066084
1 0.5983235918 0.7642341476 0.2170581080 0.3130713398
1 0.5104157328 0.7406964574 0.0539038955 0.1153419541
0 0.5143649026 0.5906356105 0.1202543986 0.2356577617
0 0.7086137887 0.6160788175 0.0936028735 0.2732064179
0 0.8721260909 0.4196208030 0.1325381408 0.2619550105
0 0.6847424952 0.4499961091 0.1411734665 0.2939160230
0 0.5048343527 0.4357419542 0.1319217770 0.3436632572
0 0.2381651998 0.4081539407 0.1164892471 0.3071167483
1 0.5040059712 0.7300982408 0.0416546212 0.1144812397
