1 0.7023526249 0.6795192988 0.5667494551 0.6409614023
1 0.8279840583 0.6801342824 0.2026094556 0.1873588976
0 0.4288842798 0.2684820172 0.3045939619 0.2145730936
0 0.7661133222 0.1927981359 0.2094083872 0.2093395810
0 0.8319591213 0.3612876581 0.1675515332 0.3086515554
0 0.4999250058 0.3198021380 0.2000427860 0.2981098669
0 0.7943880732 0.2070870427 0.1744374122 0.2451398984
1 0.3030828608 0.3943296323 0.0784168307 0.0726796999
0 0.8089528791 0.3023364255 0.1732858905 0.2053609758
0 0.5104847018 0.3650933513 0.1635850258 0.1075826083
