1 0.5952875927 0.8587408915 0.1367661807 0.1250965442
1 0.4783524741 0.5396922173 0.2092523132 0.2985496758
1 0.8517243151 0.8303576167 0.1545458656 0.1797606032
0 0.4533224703 0.7123688250 0.1107885085 0.2634509227
0 0.7661441071 0.7154711927 0.0732607652 0.2704675647
1 0.2059776024 0.8239324661 0.1105788106 0.2874362859
1 0.4663404882 0.8610210221 0.1246525312 0.2379848567
1 0.7417822430 0.7605212984 0.0643367266 0.4789574033
1 0.2471706917 0.6402376858 0.0975130332 0.1643901691
1 0.1554094205 0.7049124581 0.0789839722 0.1166028009
0 0.4872862536 0.5797182008 0.2393213959 0.3752016182
1 0.7746554494 0.6305029891 0.0525772865 0.0763415224
0 0.7609155931 0.5794857965 0.0955803971 0.4182407861
