1 0.7089939603 0.7464110542 0.0697533710 0.0746361264
1 0.3971315901 0.7490390768 0.0656979239 0.0588679908
0 0.4410862038 0.2391764763 0.1027595241 0.3128601651
0 0.7302113491 0.2766093640 0.1118802071 0.3010392377
0 0.8870868174 0.2864601338 0.1106641261 0.2876422419
0 0.6608942601 0.8018519186 0.1045836076 0.2734570921
0 0.8426995588 0.7679653030 0.1094480452 0.2498152741
0 0.0650106722 0.6533024635 0.0753975128 0.2316898951
0 0.3422789618 0.7766339892 0.0839101553 0.2466630023
1 0.4095568666 0.6580779121 0.0922535968 0.2384750108
1 0.3884158759 0.7357497641 0.0465716049 0.0752445629
1 0.7077915563 0.7404497903 0.0553927951 0.0670202352
1 0.7217105082 0.4016039197 0.2306668585 0.5979151093
0 0.8702366058 0.7878881748 0.0119072732 0.0507070552
