0 0.4571991360 0.7578634242 0.1544441015 0.1784607672
0 0.7645672460 0.7396207625 0.0273621140 0.1895649818
0 0.6830888657 0.2236708364 0.0772220193 0.2204981978
0 0.8427013965 0.1947205349 0.1033681470 0.2609493092
0 0.4623675496 0.2157392502 0.0808703242 0.2252571557
0 0.2413422134 0.2129631914 0.0912071672 0.2482587650
1 0.1600586676 0.2868663931 0.0475467169 0.0620216247
0 0.2303013436 0.2052623636 0.0523913864 0.1437855280
0 0.4359786964 0.1884385232 0.0676940258 0.1637105532
0 0.6746364242 0.1524634233 0.0906016425 0.2275117802
0 0.8178449942 0.1321726563 0.0753500229 0.1723612714
0 0.1849170982 0.7424071937 0.0516869822 0.2107967254
0 0.4566780417 0.7913220723 0.0450552341 0.2025329426
0 0.7355897914 0.7904455123 0.0367828479 0.1947466943
0 0.9025679544 0.7780558678 0.0296135912 0.1745496360
1 0.5466749141 0.1980413519 0.0413059901 0.1072179938
1 0.3391276010 0.2065016326 0.0339141956 0.0618123495
0 0.6115299089 0.6263395125 0.6143042885 0.4647375538
1 0.6523401024 0.7181118586 0.2441752147 0.2808243536
1 0.8783419657 0.7454648992 0.1686858895 0.2844714913
0 0.4971677140 0.7831512779 0.0829449535 0.1507455149
