0 0.1990351488 0.4865229156 0.1884525290 0.0826669383
0 0.1808233500 0.7904454341 0.1615307479 0.0802355912
0 0.2045779163 0.9223477767 0.1741998656 0.0595687999
0 0.2005150389 0.4715843910 0.1760246640 0.0961209171
0 0.1951624368 0.7562050896 0.1833997823 0.0705688930
0 0.2180260388 0.9319820286 0.1607445077 0.0568939927
0 0.7615497826 0.5379552262 0.1416855043 0.0354344629
0 0.7633953941 0.8022802417 0.1249830047 0.0458172842
0 0.7577773765 0.9691735023 0.1964158619 0.0325421755
1 0.1824708127 0.3219794896 0.0478466240 0.0826753713
0 0.1685266564 0.4699138088 0.0665693676 0.0864811818
0 0.1668197349 0.7634256545 0.0836384352 0.0838605651
0 0.1992509794 0.9337673636 0.0768108229 0.0707572928
0 0.7906942668 0.5380504849 0.0512072153 0.0393096281
