1 0.7757461335 0.2223809939 0.0518027626 0.1240432341
1 0.8170263911 0.6807102170 0.0372332081 0.0861995465
0 0.4342670726 0.7133652316 0.3314396906 0.1684631225
0 0.0800320201 0.6508007420 0.0884714623 0.1547725649
0 0.3025453124 0.8375706095 0.1026388624 0.2865254325
0 0.5788547463 0.8519798120 0.1236803941 0.2480511266
0 0.0663095428 0.8206817361 0.1326190856 0.3003248558
0 0.5347341977 0.0838672139 0.0905387764 0.1555828170
0 0.1409454739 0.0553363154 0.0928809022 0.1106726307
0 0.7492066059 0.1000942734 0.0784234710 0.2001885467
