1 0.7016803293 0.8555515403 0.0925271837 0.0586682310
1 0.7826415966 0.7737714937 0.0832744113 0.0657796576
1 0.2644894365 0.8848856935 0.0925271837 0.0711131332
0 0.4645794486 0.5835440041 0.1688620894 0.1120030998
0 0.6473206107 0.5728770152 0.1179721605 0.0728908954
1 0.7658248877 0.6789113791 0.1787898114 0.2143259332
1 0.3292419016 0.8058000697 0.0992454001 0.1555800485
0 0.4394907928 0.6242033892 0.1075719075 0.1995246434
0 0.6575032110 0.6512108605 0.0674117575 0.1763753608
1 0.8023667389 0.7774294863 0.1276520316 0.1201557122
0 0.4501116103 0.7223805154 0.1581797577 0.3185168351
1 0.5924733971 0.6707127260 0.1423617500 0.3173011553
1 0.5320549564 0.8182401752 0.0910820462 0.0622244353
1 0.7908436012 0.7793499786 0.0592756041 0.0666689731
