1 0.4567430871 0.3024070494 0.0171757004 0.0684139129
0 0.3026143134 0.7211471065 0.1120936485 0.2099597562
0 0.5311675573 0.3108557301 0.1863356922 0.1908633571
0 0.2977821246 0.7083863535 0.0624224235 0.1179219400
0 0.6005776385 0.7418178189 0.1034163391 0.1604711225
0 0.1142415069 0.7004843681 0.0698758798 0.1215689874
0 0.1162041474 0.1675602144 0.0776618231 0.0906691890
0 0.2946900697 0.1666712976 0.0885617099 0.0675574272
0 0.5195006193 0.1506708514 0.1321613326 0.0675574395
0 0.8137980344 0.1995610945 0.0395121533 0.0764465701
0 0.1298290201 0.7009083656 0.0967366486 0.0906691520
0 0.3096774541 0.7426872992 0.0994616345 0.1280035204
0 0.6032936087 0.7720214598 0.0953741463 0.1120031049
