1 0.7722873678 0.5656023944 0.0573382508 0.0872508450
1 0.9281505381 0.2334184024 0.0298805138 0.0620216858
1 0.5296092342 0.2097660566 0.0549155688 0.0861996429
0 0.6882989196 0.1834856926 0.2996125831 0.3384912818
0 0.5824565700 0.1792706024 0.0693171186 0.2952226709
0 0.8949914923 0.6874018300 0.0668849323 0.2208233458
0 0.6992011310 0.6355598013 0.1155285310 0.2960141371
0 0.7995284979 0.2315083899 0.0863423592 0.3680389764
0 0.9469793313 0.2837461735 0.0601964517 0.3332137702
0 0.6887158721 0.2353914049 0.2380647062 0.3942223854
1 0.9037944480 0.5926059094 0.1116937676 0.2359001802
0 0.6753449576 0.2104504877 0.3266799540 0.3302270035
0 0.9449572773 0.3086554530 0.0995597385 0.3442824033
0 0.8925719047 0.7249024054 0.0857604886 0.1966964979
1 0.8206204860 0.5779911337 0.1289243111 0.1048244489
0 0.7113958478 0.3175621726 0.4317400242 0.3887730762
