1 0.3017073469 0.5724351808 0.0161655053 0.0504582702
1 0.8202159555 0.5766400407 0.0185903102 0.0399461081
1 0.8982145364 0.5950362876 0.0678951448 0.0515094914
0 0.1359112348 0.7244411472 0.0521341392 0.1305223291
0 0.5376699795 0.7159656706 0.0905830922 0.0627185167
0 0.8110483541 0.6422290541 0.0834146379 0.0728891082
0 0.3757282999 0.1180209791 0.0508307891 0.1178090897
0 0.2056406581 0.1353956986 0.0508307891 0.1305223045
0 0.7732511423 0.1396334369 0.0534374516 0.0830596506
0 0.5177938090 0.1400572157 0.0430106880 0.1347600428
0 0.3747692841 0.1030786839 0.0448888994 0.1331813053
1 0.0801860899 0.5263398176 0.0911805107 0.1514253701
0 0.5241650625 0.1505131257 0.0631249864 0.1167617048
1 0.8173454502 0.5847207069 0.0140278000 0.0255416637
1 0.8887553351 0.2471773453 0.1895400264 0.1048454881
1 0.1995091870 0.6850593069 0.1082953698 0.2214682531
0 0.5276008426 0.7014853380 0.0731797531 0.1651228198
