1 0.4351753093 0.2638661169 0.2942663789 0.2447453571
0 0.7052056133 0.1205319846 0.3617024550 0.1739538459
0 0.1506360530 0.1181439533 0.1922540921 0.0579493533
0 0.3132590853 0.0969171191 0.1846521350 0.1396725408
0 0.1991899818 0.7464050785 0.2189014901 0.1053913075
0 0.3321820530 0.7611047068 0.2040246999 0.1848856608
0 0.6961713202 0.0418688866 0.2592704568 0.0837377733
0 0.1193383969 0.0515097694 0.0878220236 0.0731618853
0 0.6473278101 0.7643846902 0.0919693657 0.0552373086
0 0.6393955934 0.7252225363 0.2550335365 0.4047173531
