1 0.2778012851 0.3089418840 0.0460845222 0.0557143171
0 0.6266693399 0.7204920639 0.5788865208 0.4709437404
0 0.1452071849 0.7289017984 0.2773157378 0.3511054537
1 0.2236317564 0.2411385992 0.0218295263 0.0588679573
0 0.4655710331 0.6960354325 0.1377159308 0.3154275150
0 0.2398445981 0.7126368516 0.0784342427 0.2347918754
0 0.0597194502 0.6823985226 0.0574576441 0.3189849341
0 0.2273461602 0.8255384867 0.0756980171 0.1555549616
0 0.4780222207 0.7727997666 0.1298752146 0.1204000233
0 0.6019670155 0.1111383124 0.4194731279 0.1437371474
0 0.4809349470 0.7724005787 0.1678125366 0.2823177668
0 0.2418812838 0.7752206571 0.0877908754 0.2667634348
0 0.0581630222 0.7497612087 0.0521295997 0.2494921662
0 0.8015213013 0.6588079018 0.1603966075 0.2338411371
0 0.2537048356 0.1459527217 0.0463921886 0.2267500811
0 0.0705654266 0.1650828201 0.0278269437 0.1649377335
1 0.8779814539 0.1423709324 0.0902829761 0.1226816581
