0 0.6502388883 0.7417948405 0.0830246476 0.2130965827
0 0.4562985444 0.2293483387 0.1958862179 0.2807462545
0 0.8357470804 0.1929866316 0.1245369399 0.2452301693
0 0.4506387632 0.1669287222 0.3161563085 0.1515178745
0 0.8375010215 0.1432128778 0.1363614926 0.1462476994
0 0.5110240180 0.7656945842 0.3628483607 0.3721300735
0 0.4626442460 0.1827958720 0.2935040056 0.2785719798
0 0.8617774396 0.2437663505 0.2128709525 0.4026153616
1 0.8766945137 0.2637394863 0.0201583106 0.0367925676
0 0.4610533438 0.1204531840 0.1791637515 0.0987103806
0 0.8231442664 0.1131232316 0.0886631485 0.0735183767
0 0.3473231970 0.8451114744 0.1825243895 0.2272961549
0 0.6358229267 0.8812138310 0.1394037294 0.1985432121
0 0.7951787208 0.7591660830 0.0806199381 0.4816678339
0 0.1263867656 0.1421039909 0.2187609141 0.2500242330
0 0.5194620180 0.1206725650 0.1141439391 0.1893382089
0 0.6737704316 0.1085241472 0.1311045245 0.1956761588
1 0.7933008809 0.1539204530 0.0933880136 0.1694925687
0 0.8275129775 0.1275289491 0.1508454252 0.2167474355
