0 0.9308651380 0.2091176765 0.0952420826 0.2176085051
0 0.6610127599 0.2079019861 0.0466872286 0.1106277804
0 0.3841572123 0.1993921635 0.0476210098 0.1130591612
0 0.2160830537 0.1908823358 0.0420185436 0.1641181684
0 0.3351355939 0.7525311530 0.0653621579 0.1446671528
0 0.6507415141 0.7409820454 0.0728320918 0.1629024216
0 0.1250428759 0.7349036293 0.0410847940 0.1337259340
0 0.9621644769 0.6066483252 0.0756710462 0.2054516421
0 0.6596434412 0.7315622931 0.1071296881 0.1395707788
0 0.6625019736 0.7850224816 0.1635383417 0.0971649314
0 0.3325882273 0.8599695489 0.0931117160 0.2406866180
0 0.2307728145 0.1053663355 0.0884912822 0.1212807240
1 0.4037172932 0.1946080098 0.0462771960 0.0855496579
