1 0.6160265463 0.3390657117 0.1453722797 0.1681941617
1 0.9460025679 0.3513583522 0.0770287874 0.0837480114
1 0.8540211126 0.7612518064 0.0308115603 0.0519002115
1 0.6551054585 0.2039146362 0.0335301585 0.0601570499
1 0.6005201375 0.3303730011 0.1313872875 0.1541540577
0 0.3948887821 0.8086670906 0.0720782463 0.0383714245
0 0.7186077737 0.7932119800 0.0439721619 0.0629246373
0 0.8806028307 0.7691743420 0.0514076356 0.0905447683
0 0.7172071795 0.8117678735 0.0565185547 0.1262978831
0 0.4032477056 0.8128899851 0.1006932595 0.1443254040
