1 0.3070932490 0.6838638478 0.0201081982 0.0357413099
1 0.6622040587 0.6828126183 0.0402165096 0.0504582271
1 0.7100615437 0.3017476256 0.5316607990 0.4383561315
0 0.6318739996 0.6756848904 0.0570295449 0.1020550705
1 0.7115786521 0.7977395743 0.2548681384 0.2674518641
1 0.4678726291 0.7612688746 0.2604491961 0.2990597431
1 0.2432352073 0.7740335788 0.1739428771 0.2394908603
1 0.0599934610 0.7600531755 0.1199869220 0.3185107797
0 0.6627443971 0.6257194063 0.1311548184 0.2151771262
0 0.3399734874 0.6220723585 0.1032495110 0.2419223077
0 0.1660306150 0.6415234198 0.1032495015 0.2589419955
0 0.6343450558 0.6880995546 0.1004589633 0.1519612696
0 0.3306426436 0.6887074164 0.0716235110 0.1167062689
0 0.1557696263 0.7178839466 0.0660424816 0.1653338357
