1 0.9243919991 0.5514108964 0.0289542337 0.0651752920
1 0.6014717823 0.6460201454 0.0345842148 0.0672776278
1 0.3601864651 0.5866265754 0.0297585302 0.0788410717
0 0.3535277407 0.7148551581 0.1076238866 0.2153704974
0 0.6338363277 0.7204182119 0.0942469781 0.2026548398
0 0.0870553540 0.1111557275 0.1741107080 0.1233635824
0 0.8026923090 0.1180092661 0.1127383302 0.1233635927
0 0.3566550125 0.7318287591 0.0832428152 0.1190801252
0 0.6162152859 0.7284020181 0.1002847005 0.1053730788
0 0.9164138187 0.7151232885 0.0635792226 0.0788156198
0 0.0767755937 0.6697186304 0.1265028765 0.1165100180
0 0.3363358828 0.1621288758 0.0701337114 0.0848124680
0 0.5575520560 0.1347147546 0.0865201226 0.1002329210
0 0.3776521934 0.7114255753 0.1581212931 0.2504321882
