0 0.3183849920 0.3142025377 0.1008712278 0.1745733422
0 0.5955536342 0.3206900417 0.0954185712 0.2394485045
0 0.8477315997 0.2782262657 0.0763349628 0.2111393695
0 0.5843072268 0.3750156265 0.0852179197 0.0914492197
0 0.2913712605 0.3633421381 0.1220255181 0.1062404893
1 0.4384443359 0.1662593305 0.2908522540 0.1154723753
1 0.1538954064 0.3568899867 0.1429511722 0.2062664231
0 0.4464070348 0.4973341241 0.1384297361 0.4091129900
0 0.7061609891 0.4988992346 0.1597247360 0.3686358226
0 0.9265866799 0.3770464794 0.0747448761 0.1797584626
