1 0.6927372591 0.2113432469 0.5924205088 0.3921027337
0 0.3090781335 0.5714829473 0.1365573863 0.2624945756
0 0.1215594395 0.5711820669 0.0778167804 0.2555040866
1 0.1084918758 0.5347783188 0.0364743643 0.0542592312
1 0.7094070039 0.6845811123 0.0310032029 0.0566183709
0 0.1303733391 0.5804738717 0.1076244927 0.3020351706
0 0.3012348155 0.6107560636 0.1246498385 0.3216989635
0 0.4854733482 0.6571625001 0.1027601173 0.3358568289
0 0.7320368159 0.6768262930 0.0668852969 0.2619211642
0 0.3143588368 0.5752711360 0.0906973251 0.2769815072
0 0.1424768833 0.5515688162 0.0749348774 0.2027689343
0 0.4972120058 0.6018118973 0.0638861938 0.1807563107
0 0.7481901653 0.6143810282 0.0596680320 0.1866734891
0 0.3260819074 0.5111353979 0.4733663371 0.2866715746
