1 0.3078545394 0.6306133360 0.0211384986 0.0662264923
1 0.2798053961 0.6390230211 0.0154473571 0.0515095076
1 0.6155820512 0.6101146481 0.0219515008 0.0231267310
1 0.5363127446 0.5712197396 0.0373988263 0.0483558476
1 0.9058296373 0.6500607698 0.0300816488 0.0315363957
1 0.8285929151 0.6563680489 0.1065054951 0.0546631268
1 0.5184263337 0.3152491541 0.0243905073 0.0557143604
1 0.4598890246 0.4009230802 0.0276426107 0.0378437565
1 0.2915564240 0.6422563125 0.0886256834 0.2029427927
1 0.5105852264 0.3159053024 0.1226460575 0.1463870658
1 0.2612230801 0.3069819830 0.1517078856 0.1609762645
0 0.2386861171 0.2097335560 0.0538103209 0.1021510504
0 0.4923465766 0.2275300909 0.0523413882 0.0944693371
0 0.6662412940 0.2401791780 0.0852642503 0.1285199118
0 0.8478772775 0.2145211567 0.0758163365 0.1494002326
0 0.0188479692 0.6811441581 0.0376959385 0.1295647356
0 0.2785489891 0.7359513605 0.0896152550 0.0957884109
0 0.5666655784 0.7333480784 0.0349107832 0.1447830251
0 0.7371969840 0.7457985562 0.0573619955 0.1437709438
0 0.9011493807 0.7661370829 0.0458317504 0.0693151161
1 0.6826219870 0.5886318245 0.1307233484 0.0744681980
1 0.8202296779 0.6402355385 0.0890983822 0.0965641902
