1 0.3200616846 0.1608849878 0.0809336586 0.0914556172
1 0.3969486872 0.2554942298 0.0647469080 0.0998653209
1 0.3997813662 0.7747938619 0.6596094820 0.3374396043
0 0.1592710469 0.2518947645 0.0645817990 0.0583531141
0 0.3613579167 0.2749072934 0.0343295929 0.0503427520
0 0.1664544059 0.2727497477 0.0431888426 0.0834251183
0 0.6443002379 0.2547701905 0.0420814364 0.0359590939
1 0.2113043658 0.0512417127 0.0753036389 0.0604112803
1 0.1232655633 0.0649061703 0.0852702791 0.1021238356
1 0.4455207896 0.0699404453 0.0609073422 0.0517811003
