1 0.5738915408 0.5248967037 0.0403057431 0.0377791620
1 0.1395334307 0.6843466605 0.0222967551 0.0233341750
1 0.6999540210 0.5421195081 0.0883293943 0.0411125101
1 0.1322441220 0.1887739089 0.0986203158 0.1211153153
0 0.2968971482 0.7387930142 0.4159204238 0.4411264645
1 0.1374978821 0.7035750933 0.0439071655 0.0497791741
1 0.0750673816 0.1142253953 0.0425350696 0.0835578724
1 0.5724532575 0.1053362611 0.0493956127 0.1155587678
0 0.4981658587 0.4608647849 0.3075928431 0.5872593336
1 0.6528981949 0.2397378696 0.1304168068 0.1118434373
1 0.6181829144 0.5892487393 0.3161903793 0.3051382085
1 0.1176263534 0.5612878492 0.2251800818 0.2832557514
0 0.4507052315 0.6719156696 0.0487890283 0.1641181618
1 0.3615714584 0.2184633183 0.1951560816 0.2443536840
1 0.1800200078 0.2415614538 0.2092298215 0.2054515654
0 0.7181065666 0.0908158479 0.0694304660 0.1470984669
0 0.5281108999 0.1509925127 0.1172812687 0.2334124939
