1 0.1997129169 0.7713915533 0.0719707683 0.1031657832
0 0.4477603493 0.6592208006 0.1247287372 0.1663166133
0 0.2287246254 0.6226547781 0.1095178517 0.1545209667
0 0.4522376585 0.6675746545 0.1208204827 0.2353616504
0 0.4742128101 0.6633976800 0.0604780673 0.1280240319
1 0.2079151757 0.7725956336 0.0969810179 0.0741464214
1 0.1859782989 0.7896906165 0.1134958855 0.1256740515
0 0.2756335486 0.5730912016 0.1482745010 0.1878335679
0 0.5189443798 0.5545058379 0.1700629268 0.2261456908
1 0.7484235994 0.5931029131 0.0850240181 0.0996176230
