1 0.7882898547 0.7910685682 0.1382746357 0.1280703101
1 0.8912040961 0.1500291138 0.0928866534 0.1184304807
1 0.7582072419 0.1693085075 0.0696651414 0.1707602943
1 0.7951966278 0.6726618453 0.0233790001 0.0557142919
1 0.5005416539 0.6821227633 0.0161233844 0.0893531497
1 0.3372923253 0.5838343035 0.0298282555 0.0609703712
1 0.7851195078 0.7693735306 0.0290220844 0.0220754341
1 0.4429005518 0.5806806313 0.0362776244 0.0420485352
1 0.7899378418 0.7662171940 0.0328067938 0.0578515586
1 0.8294068140 0.1350849309 0.1659144421 0.1029444874
