1 0.4014630659 0.3977694358 0.0113701271 0.0925068189
0 0.4672474292 0.8287671407 0.1900437336 0.2438816358
0 0.1878668804 0.8886862724 0.1656791315 0.2144475957
0 0.3606197876 0.2629681249 0.1098406545 0.1329006482
0 0.4453881443 0.8648844893 0.0835744317 0.0911760228
0 0.7337198386 0.7598002034 0.0799925617 0.1159017419
0 0.9104199751 0.6948952213 0.0656655887 0.1591717300
0 0.1194992937 0.1716777073 0.0866944500 0.2466299303
0 0.3341245879 0.1334275981 0.1164464267 0.2013832651
0 0.6062226261 0.1177922090 0.1155628747 0.1832716388
0 0.7897677001 0.0834549104 0.1129811446 0.1616098773
0 0.4560378125 0.9098413529 0.1131275213 0.1456734442
0 0.7411824798 0.8619874113 0.0896936656 0.1858065205
0 0.9067266827 0.8140550429 0.0876577661 0.2113037930
1 0.6896934628 0.5495227075 0.4893697420 0.4045855204
