1 0.1619774812 0.7001692194 0.2905098986 0.5350766850
0 0.7163700950 0.0573349247 0.1706885924 0.0373343689
0 0.7255964862 0.1951165371 0.1891413747 0.0533348187
0 0.6598583356 0.3888996791 0.1499291325 0.0924470091
0 0.6886908724 0.6822411444 0.1568489688 0.0782243807
0 0.7424682421 0.1943394308 0.2097768508 0.0729414078
0 0.6904183783 0.3864184336 0.1971587153 0.0729415118
0 0.7219637659 0.6727134582 0.1687678984 0.0741570342
0 0.7289241043 0.0493974603 0.1603577543 0.0494386656
0 0.7144919147 0.2020393381 0.1667720881 0.0580904179
0 0.7257169374 0.3800185344 0.2180864635 0.0729220366
0 0.6960507850 0.6692347190 0.1683756347 0.0556184563
0 0.7802386023 0.9621587704 0.1731863727 0.0729220366
1 0.5877037907 0.1366386934 0.0641612945 0.0633612235
0 0.6117642271 0.3584030132 0.1483729813 0.0896329632
