0 0.1542568983 0.8077532939 0.1132110615 0.3010411385
0 0.3409900971 0.8390412697 0.0806791444 0.2283177009
0 0.5173130812 0.8390412697 0.0611599735 0.2283177009
0 0.0943981787 0.1836847892 0.1106085160 0.1792716980
0 0.2785288273 0.2927699334 0.1223200035 0.2790550085
0 0.4730696860 0.2758575036 0.0871855222 0.2993499193
0 0.6630560408 0.3003805295 0.0949931680 0.2469214048
1 0.3860882854 0.1512598151 0.1269855993 0.2133964117
0 0.6800963452 0.2958017022 0.1763239436 0.5045826221
1 0.7286258796 0.9454518832 0.1019120034 0.0904044127
0 0.3090455964 0.1792627145 0.1140340107 0.2612909354
0 0.6761954951 0.2306641982 0.1245804680 0.2253098732
0 0.4791078391 0.2405161552 0.1127156776 0.1559178646
0 0.0836142326 0.1338580618 0.1654481695 0.1739083956
0 0.3360709815 0.8928867731 0.0718479933 0.1310738784
0 0.1574397011 0.8504805687 0.0942593068 0.1627714206
0 0.5272262329 0.9207292703 0.0903044111 0.1285037505
0 0.3404756069 0.1308852220 0.0785771945 0.1061779169
1 0.3629217748 0.8524659964 0.0374479658 0.0500525450
0 0.3280335319 0.8534944241 0.0495619580 0.1610367115
0 0.5185373403 0.9078442500 0.0505945321 0.1516428238
