1 0.7091628058 0.6418153066 0.0392694691 0.0420485239
1 0.4563650092 0.6475969829 0.0294521584 0.0367925250
1 0.9327114734 0.3395913139 0.1345770531 0.2827764844
0 0.3810983602 0.7632304600 0.2388897731 0.3942051963
1 0.2739252252 0.5698071677 0.1488971109 0.1419139075
0 0.4221673015 0.7433464414 0.1314083144 0.1394365583
0 0.8394448915 0.1755022897 0.1216842717 0.1707029131
1 0.2940777878 0.5756965758 0.0996012320 0.1161139594
1 0.9306021226 0.3532153902 0.1325817049 0.2169721331
1 0.2894605103 0.3659286015 0.0653014722 0.0813645620
1 0.9628275164 0.5146731664 0.0743449672 0.0923826672
0 0.8280326367 0.1633647616 0.0910263014 0.0949253143
0 0.6601617164 0.1476851388 0.0481515735 0.0330543518
0 0.7073238719 0.8036868383 0.0448535639 0.0466151162
0 0.8811313000 0.7871596563 0.0428747280 0.0508528452
0 0.4323154424 0.7460727510 0.0737974227 0.1665495857
0 0.7185169053 0.7776806544 0.0293298242 0.1787063841
0 0.8930761704 0.7606610253 0.0662285355 0.1884319487
0 0.8301591785 0.1795612123 0.1031271715 0.2297653985
0 0.6693186298 0.1886788747 0.0747434865 0.1653338236
0 0.1132706047 0.2198457536 0.1334416918 0.2685657259
0 0.4094696705 0.1523543343 0.0332364512 0.1085442437
1 0.2973030472 0.1805717166 0.0306902974 0.0687784710
1 0.2983125212 0.7215518043 0.0882165542 0.0450243753
1 0.7394616526 0.1884496114 0.0314440006 0.0978012206
1 0.9332314975 0.3285029093 0.0789574758 0.1734339638
0 0.8240894037 0.2041150714 0.0875682960 0.1660628667
0 0.6551970964 0.1940544552 0.0377859265 0.1274662442
1 0.2942765668 0.5586852543 0.0955464279 0.0745991056
0 0.7119696690 0.7595513238 0.0383794642 0.1209933811
1 0.7952207927 0.7797503517 0.0435537676 0.1425446525
0 0.8881078936 0.7436374967 0.0394143098 0.1113943433
0 0.1058606442 0.5903950040 0.1802913473 0.2160648406
0 0.4141694906 0.7830320086 0.1213397002 0.2109167190
1 0.5927249939 0.7324604095 0.1202267416 0.0845844087
0 0.7865497667 0.3708099729 0.2965744612 0.5414595589
0 0.8371666478 0.2215971205 0.0785327556 0.1410424127
