1 0.1455188891 0.5682315505 0.1905555547 0.0622243759
0 0.3561554192 0.8199069964 0.3708570373 0.3566790956
0 0.8962052126 0.7060140796 0.1828649947 0.3289003314
0 0.2489448362 0.8341466422 0.0735731713 0.2292914497
0 0.4383501619 0.8416579121 0.0997189917 0.1699919935
0 0.1358488884 0.2079436691 0.0735731713 0.2308728253
0 0.3209979049 0.1462721622 0.0401308207 0.1201803753
0 0.5289485384 0.2561739501 0.0595881711 0.3494718764
0 0.7885828161 0.2107109840 0.0632364677 0.3028229222
0 0.9153597262 0.7242448698 0.1088396227 0.2356167880
0 0.6274514576 0.8167521159 0.0705329978 0.1391562927
1 0.4812059131 0.6113873723 0.1233410828 0.0654370446
1 0.6366157077 0.6036889073 0.0888056150 0.0397754399
0 0.1427579985 0.2033681131 0.0384824132 0.1090617684
0 0.2414308743 0.8667201803 0.0404558937 0.1193264020
1 0.9563158017 0.6935044619 0.0631505570 0.0910986493
1 0.3666546988 0.3438834861 0.1541654803 0.2926543470
1 0.5800269990 0.7064117123 0.1323521287 0.3100066008
