1 0.4503920917 0.6812358249 0.1133458179 0.1040701869
1 0.9094834439 0.6623139505 0.0252785853 0.0367925289
1 0.9368006980 0.2865050314 0.0848054950 0.1030189468
0 0.6293806525 0.8121119124 0.1353626655 0.2375743645
1 0.3019208647 0.4178364631 0.1159918891 0.1689808723
1 0.5273035173 0.4348561327 0.1725733242 0.1081964237
1 0.8540611878 0.3971697295 0.2791349978 0.0838825955
0 0.6133366075 0.8650588735 0.1067070540 0.1056040764
0 0.8862654181 0.7866473214 0.0872056434 0.0764375670
0 0.3458247064 0.8183656371 0.1036827699 0.1136076925
0 0.1585258504 0.1499471239 0.2685345396 0.2447267617
0 0.4154557102 0.1799167224 0.1431193349 0.2635647992
