1 0.3087815056 0.2817745760 0.0363336673 0.0557143231
0 0.2688144652 0.1840116774 0.2535282482 0.3353371662
0 0.5725809365 0.1889455394 0.1454976295 0.2146589052
0 0.2933564147 0.1801654787 0.1149267717 0.1660227259
0 0.2486466889 0.8479047825 0.1815444852 0.2766572174
0 0.5592517065 0.8812164738 0.1108409787 0.2260761890
0 0.7332956614 0.7943857343 0.0717127776 0.4112285314
0 0.9080909225 0.8809839902 0.0559769938 0.1537530998
0 0.2757674682 0.0884027555 0.0859458072 0.1580741147
0 0.5873179790 0.0834861995 0.1882206940 0.1540872584
0 0.9375544777 0.1628978142 0.0579595645 0.1548532308
1 0.8503645274 0.6183505543 0.1144968458 0.0607743921
0 0.2731934145 0.7724173058 0.0949088010 0.1380058653
0 0.5709803400 0.1544119470 0.1556084058 0.1354780576
0 0.2837275355 0.1331136405 0.1025566542 0.1402562288
