1 0.7020151617 0.3139518652 0.1371345071 0.0755581956
0 0.6101879769 0.2114811467 0.1032473349 0.2103677728
0 0.7794181895 0.2089216759 0.0979930582 0.2112490110
0 0.8585750426 0.6607535367 0.0801967184 0.2303117743
0 0.6825847992 0.6740147555 0.0850958573 0.1997910902
0 0.4040940984 0.6770431445 0.1091881153 0.2454244832
0 0.3458145000 0.1973857602 0.0619046899 0.1583237409
0 0.7863917301 0.2118502788 0.0879008290 0.1261354856
0 0.8545899571 0.6519312450 0.0464248893 0.1841590401
0 0.6854706850 0.6834483848 0.0568468218 0.1557317928
0 0.4007629017 0.7069317351 0.0502147001 0.1680914612
0 0.6115698280 0.2032753077 0.0625314813 0.1544958309
0 0.7783205015 0.2038932887 0.0530570488 0.1680914612
0 0.3543380123 0.2001853906 0.0634789434 0.1062931437
0 0.6894479096 0.7278786260 0.0696446280 0.0882266142
0 0.3940679497 0.7507583298 0.0761950797 0.0896569469
0 0.8611869694 0.6977021644 0.0490668991 0.1419455385
0 0.6107337975 0.1636322712 0.0585003265 0.0696133073
0 0.7741642530 0.1572880968 0.0598803635 0.0840896212
