0 0.6690148642 0.8172942396 0.5267095521 0.2119215429
1 0.2914775523 0.6279627122 0.0343989409 0.0613365507
0 0.8278296971 0.1166279674 0.0678926690 0.0931844127
0 0.6526666212 0.1355007647 0.0796607518 0.0861071140
0 0.4014636924 0.1685281465 0.0660822117 0.1262118047
0 0.2475736160 0.7299937239 0.0769450343 0.1474436339
0 0.9369106874 0.7052232530 0.0525035454 0.0837480436
0 0.6418037829 0.8402816413 0.3168325183 0.1533415207
1 0.2895780972 0.6264084530 0.0298495665 0.0515094796
0 0.6292179236 0.7672711202 0.3283453574 0.4215367789
0 0.6345448891 0.7465382175 0.3607577065 0.4585189460
0 0.6575142794 0.8367331354 0.2981117584 0.1418157815
