0 0.6218502945 0.5860987245 0.3431525755 0.3081370325
1 0.0700982169 0.4914495801 0.1401964338 0.1839424651
0 0.6232619896 0.5938111019 0.1953955147 0.2756725620
1 0.4614015043 0.7825136859 0.0955412104 0.0756873778
1 0.0630434229 0.5275943904 0.0825864042 0.0515094871
0 0.6841396203 0.7240167641 0.3406410817 0.4944864018
0 0.6134633096 0.5064762486 0.1849017197 0.1271671265
1 0.0735034525 0.5557376297 0.0816122569 0.1186175746
0 0.6080488912 0.5728293432 0.3198626229 0.2434854431
0 0.3691038667 0.6754145939 0.1618352654 0.1693274611
0 0.9488549050 0.5419301729 0.0990051270 0.1446080893
1 0.1054076109 0.5567617827 0.1675470952 0.1174168159
0 0.0682806937 0.5685034598 0.1047169289 0.2323617302
