0 0.3730870422 0.7520161304 0.1133177887 0.1224659123
0 0.6415852104 0.7987588396 0.1768334885 0.2066027315
1 0.9346234885 0.7043385611 0.0772293107 0.1149869507
0 0.8059437277 0.1025051503 0.0744278414 0.1691242480
0 0.6719155633 0.7645229604 0.0889047086 0.0944452343
0 0.2389714250 0.8522436967 0.2920141884 0.2722046473
0 0.9518196526 0.8170143030 0.0784907673 0.1966328624
0 0.1957431231 0.0771722877 0.2667957872 0.1311798147
0 0.4782999579 0.0911477864 0.0902734996 0.1384821612
0 0.8045276551 0.0892609614 0.0736730463 0.1541621202
0 0.6481965284 0.7603781109 0.1373321438 0.4792437781
