1 0.7462803010 0.2528659553 0.0253852485 0.0849275627
1 0.7150021309 0.7028641351 0.0281050235 0.0342069292
1 0.6374944493 0.5643868435 0.0363588546 0.0304852132
1 0.7962612786 0.5843598964 0.0274710454 0.0620216696
1 0.4783236028 0.2821359334 0.0315109897 0.0336388195
1 0.4472165924 0.2968529185 0.0226232183 0.0399460812
1 0.5265254548 0.6044667685 0.1740543186 0.1848980994
1 0.9131824882 0.6221391556 0.0717232754 0.2055235979
1 0.2537483045 0.3270251603 0.0957663183 0.1673579058
0 0.7258470786 0.6528741253 0.1036935054 0.3581877455
1 0.2979439056 0.5783619977 0.2966936457 0.2104432088
