1 0.3724154872 0.6684897059 0.0848795070 0.1219408395
1 0.6791943178 0.7058079486 0.0598198818 0.0956604739
1 0.5716802492 0.1833546834 0.0953884490 0.1482211561
1 0.2915778723 0.2028021326 0.0573946863 0.0714825488
1 0.6230121916 0.6648106096 0.0703287861 0.1124799001
1 0.2906033644 0.1965540445 0.0154305093 0.0611096118
1 0.0843958157 0.2125155039 0.0490970341 0.1076258893
1 0.3726655466 0.6393706908 0.0336665247 0.0620216707
1 0.6953032260 0.6982000757 0.0561108745 0.0319229065
1 0.7636883496 0.3096524281 0.0722427792 0.1012412933
1 0.8913406457 0.2649603296 0.1017010072 0.1249554860
