1 0.1318943875 0.2770440958 0.0185330919 0.0588679764
1 0.7068225135 0.4152787201 0.0451239594 0.0325875912
1 0.6492088255 0.6449689222 0.0765496877 0.1450674463
1 0.6456688495 0.2022034113 0.1325449037 0.2306423856
1 0.4444951144 0.2037461864 0.0659779320 0.2398989336
1 0.2548086229 0.2076030639 0.0447706900 0.2152147730
0 0.2459722945 0.7980938935 0.1943992110 0.2437558238
0 0.4659968605 0.7718358207 0.1384358051 0.2645830427
0 0.4440519475 0.7709943663 0.1817130097 0.2820400022
0 0.2222134220 0.7776729450 0.0606909665 0.1623786865
