1 0.8613031704 0.3627179950 0.2082279414 0.1965769634
1 0.5065891411 0.7196051472 0.1622241852 0.2354719135
1 0.3944042610 0.6481225815 0.0556888600 0.1156334983
1 0.6086854159 0.9503465290 0.1452753006 0.0830459646
1 0.8680487494 0.3740859361 0.1556834605 0.2217479069
1 0.8489256995 0.3533009888 0.1319815796 0.1478247946
1 0.8590318265 0.3714514975 0.2462759755 0.1526864434
1 0.3778086543 0.6543705388 0.0719125514 0.1514034156
1 0.5467539511 0.7319968394 0.1812590453 0.3117882916
1 0.3989883721 0.3669607366 0.0650168673 0.1000801767
1 0.1985197765 0.6877306318 0.0147765579 0.0436247040
