0 0.6106490513 0.4864172013 0.1124468533 0.1048570578
1 0.1109799259 0.2160737164 0.0942739739 0.0273315541
1 0.1621805227 0.1692947053 0.0731436531 0.0788410459
0 0.6254236329 0.4515455896 0.6062796827 0.3574126769
0 0.6233056986 0.3408830281 0.1008448187 0.4185936156
0 0.4234495631 0.3290248356 0.0935106961 0.3830190569
0 0.2089251032 0.3059013930 0.0971777430 0.3486303454
0 0.8772513336 0.4458278728 0.0586733260 0.1304399492
0 0.2245428553 0.3456524144 0.1579363265 0.2454932110
0 0.4299261993 0.3853480099 0.1447567922 0.2877612856
0 0.6604164555 0.4130413249 0.0881625193 0.3327002906
0 0.6330643564 0.3867806230 0.1330643564 0.4321998471
0 0.4218404230 0.3287577556 0.0885419162 0.4289318688
0 0.6245110278 0.3370110242 0.1269219165 0.3981361040
0 0.1957232133 0.2995823830 0.1438560774 0.3629596238
1 0.1439944483 0.1778879544 0.1680237860 0.1294176475
1 0.9263554699 0.3095687205 0.1472107509 0.2349895037
0 0.6120611227 0.5177901281 0.0830497310 0.0752320304
0 0.4604375587 0.3540127413 0.2048908162 0.2796086980
0 0.2175811192 0.3772713997 0.0852223522 0.2083397819
0 0.4195580824 0.4252226145 0.1176068576 0.2447165861
0 0.6292050632 0.4610482310 0.1039712582 0.2656607869
0 0.8797587845 0.4356947335 0.1414691277 0.1113350143
