0 0.3319077122 0.2115817118 0.0638262049 0.1840097383
0 0.5142683248 0.2180692590 0.0583553216 0.2158575970
0 0.2635225140 0.7754064656 0.1677717428 0.2830919145
0 0.6236846514 0.7754064451 0.1002983085 0.2099598352
0 0.2817142569 0.8597647268 0.1423297712 0.0790096219
0 0.4656628566 0.4348561163 0.4548340633 0.4194130582
0 0.6239729115 0.7749099374 0.0745222847 0.1507879455
0 0.9325715847 0.7365949446 0.0745222847 0.1409002094
0 0.2891004024 0.7699660285 0.1041401150 0.2175301542
0 0.1572532930 0.1025440216 0.0429936185 0.1211247396
0 0.5136226429 0.1791739524 0.0735668668 0.1137089350
0 0.3297054918 0.2020393397 0.0477706767 0.1273045773
