0 0.5382059850 0.6795699531 0.0674490401 0.1252023453
0 0.2429872883 0.6769691636 0.0745429913 0.1030293905
0 0.1085228492 0.1467218226 0.0983855819 0.1202794567
0 0.8868672285 0.2753727668 0.1844758291 0.2650203999
0 0.5770423268 0.1562351736 0.0605459193 0.1483141760
0 0.0997701358 0.2072941545 0.0898728620 0.2042358828
0 0.5444043026 0.6874917105 0.0785204862 0.1726279307
0 0.8220641389 0.6583151456 0.0605459193 0.1604710866
0 0.2506619256 0.6747269301 0.0870347949 0.1519612057
0 0.3183031022 0.1270586368 0.0425713525 0.1240003907
