0 0.1330315247 0.6823985296 0.0782639614 0.4541681463
0 0.7172811188 0.5685600306 0.0746237585 0.4185936514
0 0.4538227722 0.6497885348 0.0318516142 0.3770899917
0 0.3054852784 0.5916834976 0.0518726280 0.2585083008
1 0.3933047272 0.5584805781 0.1638082972 0.2039606268
0 0.6940323389 0.3631857618 0.0475991577 0.1157969054
1 0.3830804554 0.5235221272 0.0964414138 0.1091736867
0 0.9454282302 0.4321968156 0.0895652278 0.2796087297
0 0.7014562326 0.5130401714 0.0457156790 0.1908633454
0 0.3861118681 0.6613543681 0.2341757762 0.3683540730
0 0.1309442052 0.6534523704 0.0653079720 0.2990596887
