0 0.4997566322 0.7417948199 0.1220054291 0.2469213621
0 0.2187547235 0.1752285800 0.1103240730 0.3179535914
0 0.0701417070 0.2056709855 0.0986427031 0.4058982207
1 0.3339490787 0.2796721487 0.0960027177 0.0641240284
0 0.6811716163 0.1053444936 0.1435061748 0.1143593066
1 0.1433198717 0.6624597620 0.0877640993 0.1869928944
1 0.3407891325 0.6740501943 0.0391380448 0.1823566886
0 0.5186893907 0.8092723705 0.0913221887 0.1066323226
0 0.7896907678 0.7397295711 0.0782761527 0.1004507970
0 0.1993137803 0.8972736397 0.0831108783 0.1799064045
0 0.3587353137 0.7797583994 0.1178461119 0.4404832012
0 0.5493186931 0.7703972505 0.1358194987 0.4592054990
0 0.8331652422 0.8363386058 0.1895548818 0.2813650009
0 0.2232641412 0.0841818607 0.0999851749 0.1683637214
0 0.3944096528 0.1190848521 0.0809022100 0.2118691364
0 0.3321748482 0.7634830976 0.0743155546 0.1551255557
