1 0.5122281254 0.6186886003 0.0233732545 0.0399461551
1 0.5513178570 0.6097533047 0.0402987263 0.0430997367
1 0.2772867278 0.6686212449 0.0290150595 0.0620216203
1 0.7697368282 0.6475969735 0.0725376394 0.0262803393
1 0.6677811122 0.3159390281 0.0265971269 0.0420485428
1 0.1906445286 0.3248743361 0.0330449284 0.0851483041
1 0.2345701067 0.3222463021 0.0161194943 0.0399461304
1 0.3804513912 0.6223678281 0.0789854597 0.0998652892
0 0.2416658496 0.2188860052 0.0864598114 0.1976722920
1 0.1561073265 0.5541805732 0.1177449746 0.1100365344
1 0.1229683716 0.3226733389 0.1877792283 0.2062439999
1 0.3771051652 0.6009051528 0.1070229936 0.1629540149
1 0.2290212329 0.3249623419 0.1139000052 0.1356778272
1 0.2406831213 0.6213744674 0.1010478369 0.1922200028
0 0.0945527365 0.1940955839 0.0581331206 0.2559831818
1 0.9023116461 0.6887742998 0.1356119590 0.1359480026
