1 0.7040683050 0.6926348848 0.0387679692 0.0557142761
1 0.4767102063 0.2369337319 0.0331143122 0.0546630900
0 0.4454465222 0.2152523966 0.0653567791 0.1285614567
0 0.7189238148 0.7648640076 0.1031696331 0.1223793004
0 0.2723793368 0.2175639699 0.0462077075 0.1109558167
1 0.7021393358 0.3069092063 0.0249831571 0.0458015150
1 0.2743670343 0.2911111743 0.0220041659 0.0332222267
0 0.3962779168 0.7716710467 0.0442457957 0.0741721846
0 0.1063801123 0.2047024452 0.0501985973 0.1457907713
1 0.1808416250 0.6014709473 0.0324951109 0.0466011411
