0 0.7654745728 0.7942233207 0.0979347722 0.1826542008
1 0.5179954982 0.6274596678 0.0917147378 0.0725337875
1 0.6291895036 0.7635918430 0.1387895924 0.1324529073
1 0.4510356262 0.2327288790 0.0308421211 0.0504582825
0 0.2710251761 0.1017528110 0.0686324088 0.1333370694
0 0.2547205410 0.2047571542 0.0535078970 0.2661842949
0 0.4225408194 0.2311393375 0.0985032035 0.2921727243
0 0.6195472737 0.2587027901 0.0790457950 0.2764221559
0 0.8545564400 0.2905976527 0.0528998481 0.2551589006
0 0.0975410363 0.6930242127 0.0723572960 0.2346831989
0 0.2805624319 0.7103498630 0.0735733860 0.2378333320
0 0.4778728791 0.7198001805 0.0960710392 0.2157825638
0 0.7551411789 0.7894963235 0.1155284162 0.1992444877
0 0.7695990353 0.8159513869 0.0826331481 0.0327929557
0 0.4237515235 0.1843498312 0.0519520841 0.0676554587
0 0.6167037294 0.2084941634 0.0578480171 0.0443896558
1 0.7707716673 0.7254562684 0.0629812788 0.0840440211
1 0.5236179086 0.6204012624 0.0629812472 0.0766283314
0 0.4720878029 0.7297820636 0.0477130584 0.1347176221
0 0.2845754145 0.7254562480 0.0772951900 0.1211222249
0 0.1008800576 0.7371977126 0.0534386450 0.1396613881
0 0.2554704296 0.1581592687 0.0496215978 0.1235941079
0 0.4229433360 0.2255180645 0.0333991630 0.1767395816
1 0.4558653681 0.2378774743 0.0190852360 0.0358423031
0 0.6114100099 0.2477650062 0.0572557080 0.1371894642
0 0.8638121770 0.2712478842 0.0563014777 0.1099987719
