1 0.5126860213 0.3001708126 0.0421135780 0.0546631104
1 0.8151750848 0.2554942365 0.0429235024 0.1187871726
1 0.8045289446 0.2365215746 0.0464590847 0.1350506028
1 0.5079545503 0.2075476773 0.0293117561 0.1231994751
1 0.8453709064 0.2115920469 0.0380249023 0.0647197187
1 0.6904483078 0.1826457564 0.0358751505 0.1169557380
0 0.6699561506 0.1318022165 0.1094205120 0.2338604755
0 0.5660357145 0.8197368331 0.0854938998 0.1924154136
0 0.7403568985 0.8611604867 0.0916873441 0.2201273355
1 0.9200045520 0.8034950593 0.0290606659 0.0674729680
