1 0.2090487183 0.3867316937 0.0477064457 0.0809434414
1 0.4390908870 0.6763411436 0.0210231607 0.0546631353
1 0.6007344733 0.6054530899 0.0313723236 0.0782652203
1 0.3246323439 0.2200540811 0.1309301764 0.1571454944
1 0.5823917785 0.2679873908 0.1569522525 0.2734299169
0 0.8505958779 0.2717257170 0.0738726731 0.1701966361
0 0.6925643984 0.2553139170 0.0476899840 0.1252160101
0 0.4190483093 0.2577453017 0.0654568178 0.1616868002
0 0.1834036958 0.2194510452 0.0598462370 0.1167062462
0 0.1459997897 0.7045113376 0.0486250913 0.2018044923
0 0.4382178121 0.7646880301 0.0944448447 0.1300788823
0 0.7140716299 0.7841390660 0.1094064040 0.1738436822
0 0.9043639883 0.7507075839 0.0748078279 0.1458827898
1 0.3049664003 0.1975686298 0.0822885600 0.0972552000
1 0.5541699675 0.2322157990 0.1000554888 0.1446671180
1 0.2979531664 0.7950802865 0.1355891248 0.0765884615
1 0.5883010136 0.8120999172 0.1178223226 0.1300788000
