1 0.0690963302 0.3075293082 0.0129028565 0.0189218567
1 0.0493388420 0.2970171697 0.0185478545 0.0357412440
1 0.3646523168 0.3763838075 0.0395150046 0.0767385879
1 0.4049737470 0.3148878162 0.0282249710 0.0693801167
1 0.3332016151 0.2560198380 0.0701592335 0.0672776718
1 0.2763484227 0.3070037031 0.0806428416 0.1103774361
1 0.6585954992 0.2849282159 0.0709657534 0.0557143108
1 0.6339994246 0.3727045720 0.0346764134 0.0904044184
1 0.3674748252 0.6633651660 0.0661270867 0.0683289066
1 0.2178823696 0.6276238974 0.0233864175 0.0746361184
1 0.2440912860 0.6302519229 0.0387085602 0.0546631253
1 0.8073815292 0.3432705890 0.0314506356 0.2039355095
0 0.5352119319 0.7774218622 0.4016013001 0.3574126853
0 0.5386031341 0.8253562792 0.3696013858 0.1297814312
0 0.3775205371 0.1177532684 0.0872859283 0.1724492287
0 0.2363628084 0.1017528271 0.0886497757 0.1724492363
0 0.0842943504 0.1186421943 0.0845582478 0.1386705021
0 0.8263739432 0.9284702369 0.0804667293 0.1120031483
0 0.9218429179 0.8191338875 0.1268373882 0.1102253151
0 0.5030559801 0.7169760982 0.2733251561 0.3205846519
1 0.6328426594 0.3710843146 0.2738749626 0.1873727206
1 0.8864447515 0.3562567399 0.1261513364 0.1129671548
1 0.8812034188 0.6125853165 0.0970880462 0.1659717406
1 0.1598408530 0.3187494938 0.1082245401 0.1253429665
0 0.8958324034 0.6874917195 0.0391694152 0.1774907749
0 0.5344481253 0.7519232708 0.3180182341 0.1677652503
0 0.2280874458 0.7379428538 0.0391694340 0.1495298426
1 0.3129544838 0.6224522491 0.1007213157 0.0765884080
0 0.8310164227 0.2449805403 0.0624845433 0.1434514020
0 0.6216466478 0.2589609880 0.0764736201 0.1398043179
0 0.3773041997 0.2492354573 0.0783387927 0.1738436664
0 0.2294863630 0.2121569254 0.0643497535 0.1507455823
0 0.0714098675 0.2285687420 0.0522258728 0.1519612360
1 0.1497486579 0.1854117327 0.0298433357 0.1434514388
1 0.6692094714 0.3002944430 0.0690127038 0.0911766949
1 0.5008743032 0.2613923692 0.0699453466 0.0717256948
