1 0.4365398322 0.3462730756 0.3186547821 0.2368989674
1 0.4859220159 0.7040266246 0.5031391267 0.2116458303
0 0.4405659943 0.4903455846 0.4846094477 0.6534058546
0 0.2097386628 0.9157454870 0.0826160440 0.1678501004
0 0.4043989726 0.8724217655 0.1290249505 0.1886112406
0 0.7123444512 0.8050242929 0.1390422509 0.1668760790
0 0.1006768253 0.1208263700 0.0640082016 0.1662197006
0 0.2814847033 0.1172243207 0.0587368911 0.1858321634
0 0.5544945123 0.0848211780 0.0780915291 0.1274698210
0 0.8191569591 0.0404391445 0.1395488578 0.0808782891
