0 0.8432994701 0.2243138221 0.0679285120 0.1288631316
0 0.6544022548 0.2407256280 0.0493179886 0.1106277589
0 0.3636121962 0.2285687477 0.0483874662 0.0960395321
0 0.3189468478 0.7476683340 0.0930527864 0.1252160349
0 0.6567285797 0.7604330986 0.0707201169 0.1045493341
0 0.8540005531 0.7160604169 0.0707200792 0.1106277958
0 0.1072516830 0.1677842294 0.0977054360 0.0522746425
1 0.1612223307 0.7349036186 0.1367876218 0.1021179691
0 0.3275940601 0.7507930879 0.0567617346 0.1124706145
0 0.6605963059 0.7569727990 0.0491935824 0.0951674431
0 0.8668306327 0.7409055648 0.0624379099 0.1396613336
0 0.3682733041 0.2187203930 0.0605458577 0.0766283589
0 0.1090613424 0.1927656174 0.0624379193 0.1038190657
0 0.8412878343 0.1878218559 0.0586538056 0.1285378856
