0 0.7573915559 0.8045891701 0.2572592448 0.3405932584
0 0.7943334545 0.8369121320 0.1827609998 0.3022305680
0 0.1401999360 0.0653073730 0.0845610580 0.1173365922
0 0.7682704029 0.0875302073 0.1322971200 0.1688935766
0 0.7997829455 0.9099204473 0.1715341862 0.1714282029
0 0.2965949536 0.1076226472 0.0536947098 0.1046956757
0 0.4767581150 0.1886855494 0.0840666795 0.1636036171
0 0.2933867873 0.1914905173 0.0718316830 0.1391568190
0 0.1359602614 0.1383429536 0.0781330824 0.1440262210
0 0.0984531475 0.7320240170 0.0701601366 0.1908573854
0 0.2708272624 0.7202766182 0.0807679452 0.2111305452
0 0.4542488882 0.7078993375 0.0909164500 0.1796332009
0 0.7703338450 0.8587364720 0.1085429430 0.2109816950
0 0.1348935601 0.1204477878 0.0422805290 0.0817800447
0 0.3067434426 0.1595599918 0.0613749617 0.0533348176
0 0.4813211310 0.1666712960 0.0941082704 0.0817800550
0 0.1042060793 0.7222422912 0.0572832981 0.0906692033
0 0.2869670831 0.7284646734 0.1091110552 0.1137809086
0 0.4554072485 0.7177977324 0.0368249644 0.0888913798
