1 0.4984333679 0.6339629685 0.0505604185 0.0911142527
1 0.8197919038 0.5645161472 0.0317074042 0.0322233734
0 0.7102098837 0.1693380301 0.0589581446 0.0764465577
0 0.8795432406 0.1266701873 0.0438758391 0.0800022236
0 0.4867172667 0.7915775508 0.0754116032 0.1013361204
0 0.4911829173 0.7952869820 0.0686303438 0.2014584557
1 0.8114579751 0.7297820800 0.0400343704 0.0580892287
0 0.7046996162 0.1958554565 0.0934136066 0.1396613535
0 0.8996289153 0.1970914062 0.0848347048 0.1742677229
1 0.6128251702 0.8052331121 0.0396828412 0.1405209360
1 0.8881982755 0.7665275991 0.0374920083 0.1213606071
1 0.3253688729 0.7653293426 0.1044674594 0.1220428369
0 0.7098864693 0.1798299348 0.0944286897 0.2165401189
1 0.2308736802 0.3898155360 0.0649165646 0.0242733235
0 0.5287851143 0.7394740605 0.1161436967 0.1950627171
