0 0.7988118364 0.1331059825 0.0792755174 0.0925954697
1 0.4209880249 0.3816807089 0.0556615469 0.0981071087
1 0.4800229827 0.5718320904 0.0371076770 0.0551163490
0 0.8061488848 0.1224535438 0.1036407769 0.2061677477
0 0.6095150255 0.1266996262 0.0814161188 0.1804144708
0 0.3272368929 0.1359080562 0.0960457520 0.2097714100
0 0.0803869209 0.1216639445 0.1118126564 0.1818556275
0 0.0706793192 0.7159963691 0.1360944780 0.1748718056
0 0.3580457952 0.7549851337 0.1089543574 0.1427100185
0 0.6714288553 0.7449527214 0.0713747193 0.1149448176
0 0.8585584622 0.7474670616 0.0848340875 0.1244730015
