1 0.1796012567 0.5501954318 0.0346308813 0.0714825736
1 0.3982591526 0.6290364844 0.0370469849 0.0441509154
0 0.5017491756 0.7273249870 0.3938258323 0.4005124485
0 0.6543667488 0.1717584885 0.6539602521 0.3153641565
1 0.7181625878 0.5771479440 0.0719132155 0.1749836801
0 0.8323933961 0.8263984536 0.0518207698 0.0531671324
0 0.5551293826 0.0971218055 0.1423622490 0.1219197939
0 0.8040824106 0.1022221264 0.0949018219 0.0861894294
0 0.9115788071 0.0980443080 0.0920891631 0.0790095831
0 0.5563205134 0.0971479313 0.1500866781 0.1450270321
0 0.0625452102 0.0857276075 0.0875131000 0.1486243315
0 0.2669560044 0.1288384877 0.0453576919 0.1408158840
0 0.5580052507 0.2520908037 0.1448749942 0.2768508212
1 0.7090351063 0.6296708757 0.0587075647 0.1001112288
1 0.1934504393 0.5703456910 0.0842737012 0.0877518564
