0 0.9036301227 0.1329475221 0.0871505737 0.2130965649
1 0.2747154709 0.4314518218 0.1378799628 0.1234607171
1 0.2660780268 0.4345619504 0.1714021194 0.0946092471
1 0.3857361502 0.3115699107 0.0242550117 0.0273315553
0 0.6646688792 0.1460037360 0.2716562571 0.2701619381
0 0.6611198551 0.1160814837 0.2574945245 0.1166600009
0 0.8085138305 0.7179439793 0.0809315453 0.0755697626
0 0.0789556622 0.7822078707 0.1129123830 0.1607170028
0 0.6565916834 0.1563385604 0.1699628594 0.0989028183
1 0.9186672810 0.4854994570 0.0784443627 0.1607170848
1 0.3968375813 0.3329591360 0.0631571683 0.0526062791
0 0.3583257060 0.2938819409 0.1038078749 0.2171331627
0 0.6676922633 0.1354108443 0.2435843728 0.1017925706
0 0.8905756296 0.1239991608 0.0504796052 0.1158517975
0 0.8083706690 0.6654071385 0.0625920572 0.1432520531
0 0.0870197085 0.7341989449 0.1368143992 0.2096529334
