1 0.6331242288 0.3420879743 0.1668366158 0.2407279519
1 0.2825255536 0.2890016619 0.1410454287 0.1471699491
1 0.1531667379 0.3263197584 0.1128363373 0.1356065702
1 0.6281189494 0.3392791379 0.0726145376 0.1961841845
0 0.4014905797 0.2271339472 0.4829257927 0.1280167082
1 0.5361399509 0.6420153848 0.1285426074 0.2151053785
1 0.6470514619 0.3408867911 0.1941444850 0.2103732081
1 0.1537398820 0.3500743678 0.0756178563 0.1291997261
1 0.6714581782 0.3353388481 0.1388726565 0.1807719947
0 0.8971903961 0.1138152553 0.2056192077 0.1025164083
1 0.2048797135 0.6159251708 0.0346516713 0.0507070620
0 0.5544127851 0.7575658470 0.0557943287 0.1182182503
0 0.3540977063 0.1185624536 0.1032990937 0.2371249072
0 0.8237363608 0.1160575861 0.1615945042 0.1948602536
0 0.5550263660 0.8096370374 0.1095676233 0.1548769307
0 0.2017562035 0.1213158295 0.1009604954 0.2279361443
0 0.0997199210 0.8382084610 0.0751437858 0.1838304029
0 0.2744575349 0.8652414440 0.0774407717 0.2301137215
0 0.8556200160 0.7482335766 0.1555965159 0.1995645666
