0 0.7326124256 0.6598810530 0.0942343508 0.1672036062
0 0.4709520275 0.7085005269 0.1161918900 0.2075222254
0 0.1758978734 0.6278633375 0.0768513210 0.2478407956
1 0.1313605412 0.5792148400 0.1272683584 0.2024445511
1 0.6505409831 0.2900342375 0.1038929092 0.2009659426
1 0.4332924480 0.7039790758 0.0202357431 0.0309972870
1 0.4636460815 0.6992102021 0.0202357431 0.0238441235
1 0.1840246714 0.6413882579 0.0257545873 0.0298051911
1 0.7050954718 0.6545024645 0.0229952502 0.0298051421
0 0.1959821860 0.1120487476 0.0441507534 0.1204127990
0 0.3698257305 0.1507954452 0.0607072671 0.1239894236
0 0.6140345712 0.1788122933 0.0432309555 0.0727246010
0 0.1835647630 0.6843077046 0.0634666986 0.1132595987
0 0.4539881089 0.7325919750 0.0837024417 0.0858387955
0 0.7317699893 0.6896725528 0.0873817090 0.0786856319
