1 0.5082695267 0.7835977278 0.1357680377 0.1986793536
1 0.5272220009 0.7654721922 0.0810938029 0.1488293174
0 0.2473176938 0.1870672827 0.1517238180 0.3585434227
1 0.5513739524 0.7816805935 0.1878854096 0.1529434974
0 0.3006840284 0.0815393526 0.2311625100 0.1630787052
0 0.6030952572 0.8144542245 0.1667747285 0.2430711659
0 0.2991007235 0.8458622122 0.2681063153 0.2430710682
0 0.2848509703 0.1231891275 0.2649396489 0.2463782549
0 0.8780740555 0.7407134936 0.2438518890 0.1638681551
0 0.8442968599 0.1259202552 0.3114062802 0.2518405105
1 0.5233257471 0.7586590024 0.0768915230 0.1349598722
0 0.3421806312 0.9393966345 0.1325056802 0.0859455142
0 0.2799133773 0.0637086444 0.1073878805 0.0950829282
1 0.3307301997 0.2476398599 0.1344462770 0.2492164630
1 0.0942739965 0.3078165169 0.1523097720 0.1215690326
0 0.6109050172 0.7770728546 0.1532499803 0.1604711015
