1 0.5305677141 0.7346834657 0.0308403821 0.0788410214
1 0.3081922638 0.3010577864 0.0162317880 0.0357412889
0 0.7018131043 0.7914490335 0.4236496066 0.3311324177
0 0.7158434376 0.2661817862 0.3002932720 0.1458584455
0 0.1798016424 0.2039251351 0.0503540513 0.1565310171
0 0.3340681562 0.2478012613 0.0567627711 0.1897345840
0 0.5592880912 0.7932881411 0.1300049965 0.2158230132
0 0.8453906705 0.7677925582 0.0778199000 0.1956637836
0 0.2791364587 0.7660138229 0.0549316785 0.1494159775
0 0.1106792616 0.7434828398 0.0622559257 0.2015929832
0 0.6073869409 0.3181806949 0.0413472241 0.2662006725
0 0.0525433274 0.1736605024 0.0480357768 0.1724791339
0 0.1625999782 0.2327287049 0.0905991264 0.3095173609
0 0.3361976292 0.2752578072 0.0912071655 0.2827397759
0 0.1008831261 0.7226009845 0.0826945003 0.2638379908
0 0.5642155428 0.7954517466 0.1362027186 0.2630503279
0 0.8420934073 0.8119908254 0.0972876128 0.2425734013
0 0.7331667503 0.1551475034 0.1973342801 0.2572058987
0 0.5671821357 0.8448252843 0.1184957374 0.0860717970
0 0.8585023110 0.8514750474 0.0666664645 0.0773062549
0 0.3412705700 0.2421774830 0.0429990022 0.1687341201
0 0.0986060385 0.7435648666 0.0570799644 0.1394208446
0 0.2721678645 0.7766805635 0.0484596205 0.1047092232
0 0.1737014297 0.1916364392 0.0411461113 0.1124954653
0 0.0556630472 0.1749939585 0.0999249405 0.1662374667
