0 0.2412410691 0.1701548541 0.0660867850 0.1657417654
0 0.0980530162 0.1248216491 0.0673826054 0.2496432982
0 0.3818374624 0.2166640240 0.0570160609 0.2621425930
0 0.5956476813 0.1600074031 0.0570160609 0.1488293511
0 0.8159369834 0.1405581123 0.0570160232 0.2418476879
1 0.2194386317 0.2108176411 0.0306064763 0.0546631253
1 0.0704334572 0.6680956609 0.0386608060 0.0546631744
1 0.0613159848 0.6698389222 0.0454545771 0.0642689384
0 0.2386370029 0.1591452139 0.0346760453 0.1320673502
0 0.4682547906 0.8094792020 0.1985051545 0.1942783423
0 0.2305789314 0.8146994033 0.0774751695 0.2816459422
0 0.0502352376 0.7697701078 0.0530636015 0.2306980987
0 0.7917791481 0.7747940088 0.1398074828 0.2032345389
0 0.8147357091 0.0835921319 0.0796964011 0.1424480421
0 0.6143728982 0.0786838965 0.0880634889 0.1370200980
0 0.3973955911 0.0738399893 0.0770751275 0.1476799785
0 0.2565316089 0.0765105415 0.1051799532 0.1530210830
