0 0.5612253448 0.1566249150 0.1255778748 0.2739812938
1 0.6840650017 0.7428556474 0.0232045115 0.0733358592
1 0.6385153311 0.6106288511 0.0266421471 0.1044481038
1 0.3617801054 0.6245181730 0.0214856183 0.0500017244
1 0.6127325741 0.1806139143 0.0300798581 0.0888919815
0 0.2113805106 0.7923017960 0.3876012414 0.3811243640
0 0.5044448664 0.7928573718 0.3996331862 0.3244557301
0 0.7412168150 0.7678565340 0.1976680049 0.3589013808
0 0.5603075946 0.2095038231 0.1710258578 0.3800132292
0 0.1941919698 0.2056147734 0.3497864676 0.3366783550
0 0.6538597766 0.7399253267 0.0935540470 0.2608850575
0 0.8253755923 0.7061288503 0.0605350447 0.1838054002
0 0.3603567806 0.7660138129 0.0972228627 0.2442832514
0 0.5593884880 0.1659782407 0.1522546839 0.2608850545
1 0.2277511408 0.6062683934 0.2501154393 0.2662361309
0 0.5522620872 0.1002028390 0.1791345290 0.1351882862
0 0.3587047436 0.8116199344 0.1275424533 0.1510210456
0 0.6570962035 0.8031116677 0.1069943275 0.1714530147
0 0.8290920681 0.7553515362 0.0693791896 0.1310882690
0 0.9735465344 0.7248174937 0.0449684426 0.1249414004
0 0.7298229453 0.1187174767 0.0638380263 0.1340168727
0 0.8826130431 0.1340939338 0.0700229974 0.1343621256
1 0.6514668029 0.6012232020 0.0386070722 0.0911489671
