0 0.5566957979 0.1684636138 0.1449600795 0.2976586909
0 0.5682900648 0.2051109733 0.1134386446 0.2774868242
0 0.7366329992 0.2703322317 0.0907508704 0.2561416688
0 0.9004383900 0.3047216260 0.0408379105 0.2087080419
1 0.4157227580 0.5709110534 0.5204488885 0.5757410821
0 0.5883737980 0.0940353495 0.0867656404 0.1208628330
1 0.6632331909 0.3594833078 0.5507684322 0.5580016622
0 0.3885360350 0.6647607343 0.3890889988 0.2070777530
1 0.8255220900 0.6323083072 0.0756890224 0.1638078174
1 0.3430043362 0.1300674820 0.1608392293 0.1514449470
1 0.1874870032 0.1764281537 0.0768717058 0.0958120917
1 0.5860371581 0.3440993142 0.1265426928 0.1437181376
1 0.9230900105 0.2714675768 0.0508535572 0.0942667545
0 0.7352688502 0.2285028539 0.0761854467 0.1640079920
0 0.9051191720 0.2631368075 0.0810421713 0.1316975370
0 0.5887044396 0.1446064078 0.1014530967 0.1821497254
0 0.7596204073 0.7447698191 0.0791157374 0.1230889937
0 0.1923707199 0.0826913179 0.3809044457 0.1561501486
0 0.3680069790 0.6396413685 0.5408033591 0.2445941768
0 0.7465447843 0.2101447757 0.0997678628 0.1931280055
0 0.5769148150 0.1566698815 0.1012815649 0.2020378944
0 0.9106915423 0.2621150290 0.0330297836 0.1214393326
