1 0.6903654649 0.7864248393 0.5841202235 0.4271503213
0 0.3701123986 0.4036181078 0.6591155625 0.2109637663
1 0.7998217354 0.3254880268 0.2528862143 0.1261408770
0 0.9427887127 0.2888063167 0.1144225745 0.2517394545
0 0.7751298272 0.6375278530 0.4215037713 0.1956494419
0 0.3586519452 0.7909884421 0.2406448611 0.1311793750
1 0.2999705002 0.6486627074 0.5577648772 0.2045217600
0 0.3868324056 0.2931606109 0.6979299864 0.0744633331
0 0.3493453383 0.7749240585 0.2338712338 0.1301519235
0 0.6488680158 0.2250656610 0.1274878407 0.2099435057
0 0.9253864134 0.2223774274 0.1217041016 0.1782517515
0 0.7580719817 0.6501420276 0.4613788121 0.1158466230
0 0.4590402382 0.8429751601 0.2908869535 0.1108993933
0 0.7143537002 0.7221750490 0.2444271283 0.1276052624
0 0.6387742857 0.1343591977 0.3040208842 0.2085678026
0 0.8990172517 0.1312873718 0.1621437587 0.2266391969
