1 0.1562976707 0.5128773597 0.0895907375 0.0935580838
1 0.7333911813 0.6143194629 0.0153353570 0.1051213911
1 0.7192665880 0.6873788649 0.0371277422 0.0473046087
1 0.8919910915 0.6863276328 0.0435846949 0.0998653289
1 0.8367031038 0.2138070260 0.0201781093 0.0693801142
1 0.6438005099 0.2479714917 0.0395490806 0.0599191973
0 0.4219273051 0.1631156429 0.0709809767 0.1173365931
0 0.6526155171 0.1542265123 0.0573307947 0.1137809507
0 0.8157352790 0.1364482326 0.0477756748 0.0924470102
0 0.2110318777 0.6324620155 0.0969163641 0.2026723062
0 0.4867657074 0.6751298720 0.0914562497 0.1742270685
0 0.7399767424 0.7257979362 0.0573307947 0.1546709614
0 0.9344919305 0.7257979362 0.0641559235 0.1653379379
