1 0.6553000861 0.7048987358 0.0656815283 0.0790623326
1 0.4026788017 0.7543126752 0.1003267363 0.1063575991
0 0.3486641227 0.7468685519 0.1076454441 0.2333914480
0 0.5449710013 0.2586600365 0.2518707257 0.3133676160
0 0.8081972668 0.2629023029 0.1530159294 0.2616436620
0 0.1192483955 0.2463293106 0.1988379196 0.3477536417
0 0.8191663828 0.2415852947 0.1004651505 0.1643801781
0 0.5642123815 0.2168664748 0.2236770507 0.1594364289
0 0.1978937832 0.2088328577 0.1772356570 0.2076381314
1 0.6570952444 0.7093890775 0.0379113249 0.0593251874
0 0.0907941593 0.6723108107 0.0691882471 0.1186503749
0 0.3618604557 0.7625345046 0.0635015503 0.1458410448
0 0.6632558508 0.7767478697 0.0653971128 0.1717958512
0 0.8158491202 0.8268034904 0.0653970750 0.1285378733
