1 0.6641426679 0.2223809966 0.0534550958 0.0798922695
1 0.8601444857 0.5871521899 0.0615543029 0.0693801439
1 0.3685200904 0.2528661999 0.1247284094 0.0967116827
1 0.8488055135 0.6859662608 0.0453556990 0.0883019453
0 0.7390606974 0.6949015901 0.3992929409 0.2806741269
0 0.4367344041 0.1808939140 0.0739668298 0.0924470102
0 0.6894543584 0.1817828334 0.0780761086 0.1120031135
0 0.8551948192 0.1826717477 0.0725970491 0.1173365990
0 0.1888085677 0.1177810510 0.1205385277 0.0977805009
0 0.2983890435 0.7702436415 0.0684877860 0.1226700742
0 0.5942563388 0.7089085633 0.0246556099 0.0746686944
0 0.8750563231 0.7133531500 0.0383531640 0.0906692228
0 0.8707675440 0.7080648252 0.0498337187 0.0574931470
0 0.5911454117 0.7130954027 0.0442965967 0.0905517906
0 0.8519415188 0.1532553318 0.0586929875 0.0632425294
0 0.6758626197 0.1590046527 0.0609078363 0.0747411711
0 0.4383222036 0.1604419803 0.0509410799 0.0632425397
