1 0.1896754205 0.5607404331 0.1256420940 0.1524259773
0 0.1750290257 0.1109613639 0.0808555884 0.2130965559
0 0.2290008561 0.7591374425 0.1030214330 0.0653691032
0 0.5725398881 0.7590435738 0.0951942985 0.0746003734
0 0.3670682013 0.4049604940 0.6985696667 0.5205535171
1 0.6658871066 0.4774053713 0.2877886953 0.1762749830
1 0.3893475446 0.6044448022 0.2840388736 0.2188241112
1 0.1578042906 0.5308956354 0.1752979707 0.2005888232
0 0.0354706832 0.6287586630 0.0637447169 0.2285497703
0 0.2210802802 0.6311900265 0.0974919355 0.4181972732
0 0.5318357605 0.6111311442 0.1321765459 0.3245892650
0 0.5477719576 0.2573653785 0.3065370454 0.3197264867
1 0.2899808405 0.2518947594 0.2521666058 0.2844714491
1 0.0781990735 0.1631494289 0.1563981470 0.3087853060
0 0.4329377248 0.0950707691 0.0693692524 0.1629024477
0 0.1859269461 0.1120904265 0.0478085439 0.1969417626
0 0.2426203644 0.7800866839 0.2071352563 0.1257707892
0 0.0362566489 0.7580937577 0.0725132978 0.1518046813
0 0.5611723510 0.7360264334 0.1284729352 0.1294543777
0 0.1837897516 0.0556924639 0.0709436813 0.1113849279
0 0.7337013059 0.0996863293 0.1702923214 0.1598096851
