1 0.3866955188 0.3510017728 0.0547960385 0.0566686046
0 0.1634347487 0.8520236818 0.0890429514 0.1368926449
0 0.0927140938 0.1479763361 0.0616451214 0.1511153151
0 0.2947731117 0.1541987163 0.0684945829 0.0817800582
0 0.9399920639 0.1399761126 0.0876731064 0.0568904659
0 0.0841650162 0.2095087820 0.0747893025 0.2911817012
0 0.2854272808 0.2623791736 0.0978949337 0.3574669708
0 0.4754407621 0.2552771667 0.0766134415 0.2974945621
0 0.7320349405 0.2821069176 0.0936386542 0.3290589689
0 0.9320811190 0.2024067828 0.0705329836 0.2217399858
0 0.1355446552 0.7926612818 0.1191764496 0.2832906456
0 0.3152213952 0.7867429389 0.0991110316 0.2398894916
0 0.4906418438 0.7776681860 0.0924225563 0.2059577927
0 0.7849346940 0.7536002964 0.1471463935 0.2872361120
0 0.3252771028 0.8735802674 0.0567309633 0.0694656219
1 0.7026925967 0.5254504935 0.5946148067 0.4413295774
