0 0.8097772081 0.1683392435 0.1300029292 0.3082787785
0 0.6151449807 0.1578042214 0.1207837532 0.3086459685
0 0.3277382917 0.1550287622 0.0941626254 0.3070895316
0 0.0627653292 0.1602280316 0.0920215778 0.3007550810
0 0.8305294133 0.8221676734 0.0967318683 0.3556646532
0 0.6362945289 0.9141693115 0.1041828209 0.1657042144
0 0.6284989183 0.8803696991 0.0940356710 0.2392606017
0 0.8292312268 0.9275580786 0.0869359305 0.1229477749
0 0.7981827657 0.1008631343 0.1558829068 0.1791593580
0 0.6048136225 0.1160178646 0.1106734071 0.1886043754
0 0.3370831775 0.1251893652 0.1349877085 0.2106484354
0 0.0496470840 0.1520414865 0.0967634052 0.1826316669
0 0.3472079394 0.8936568229 0.1177084573 0.2126863541
