1 0.9286411668 0.6733516912 0.0185603599 0.0525607278
1 0.5634860543 0.3190926466 0.0355068051 0.0462533922
1 0.7603873970 0.2901842858 0.0726276005 0.1524260169
1 0.8342253769 0.3947800335 0.0363138003 0.0315364317
0 0.6135183568 0.8026510243 0.4276955001 0.2901350242
0 0.7654432181 0.7954587775 0.0661007717 0.1840098137
0 0.4725169923 0.7989973141 0.0887381212 0.2028823865
1 0.6450741944 0.5333270180 0.3210325560 0.0620001915
0 0.5088219814 0.8554848832 0.0746587401 0.2565106630
0 0.7937206093 0.2336445363 0.0668665473 0.1049367983
0 0.9616207988 0.2120267485 0.0767584024 0.0974715189
0 0.5353511541 0.2306204389 0.0678311600 0.0969681882
0 0.1870043564 0.2619499902 0.3108654897 0.1891517300
0 0.4719104980 0.8080387439 0.0899654800 0.1633914089
0 0.7681198782 0.8065417077 0.0580830816 0.1761183966
0 0.9340723503 0.7929288727 0.0534616539 0.1761167709
0 0.1618430552 0.7529939000 0.1324917062 0.1498413086
