1 0.1462404401 0.6912223441 0.0389167184 0.0546630777
1 0.5487852769 0.6087020535 0.2634986149 0.5014289697
1 0.5443260225 0.1495598060 0.4021393709 0.2991196120
0 0.3733554223 0.6960015570 0.1359548292 0.2163928608
0 0.1366064103 0.6309620922 0.0487562393 0.1349415885
1 0.5777565731 0.5574128613 0.0440681426 0.1507455894
1 0.6480780321 0.7525311324 0.1115767610 0.0863139724
1 0.6355281529 0.4683240366 0.2107837091 0.2771451497
0 0.9205998464 0.5705855779 0.1549769991 0.2421874179
0 0.3906238603 0.5621777286 0.1794808415 0.1910711929
0 0.1536235809 0.5016910063 0.0928974864 0.2515468533
0 0.6748697748 0.6340773274 0.0919707366 0.2704808043
1 0.5357253364 0.7966624236 0.1170781876 0.0737382675
