0 0.4087669736 0.7288251340 0.0673235465 0.1531769251
0 0.1151614574 0.7172760996 0.0411421576 0.1033336285
1 0.7781114598 0.7361192870 0.1720490702 0.3306676523
0 0.4372859505 0.1428625946 0.0364668947 0.1945103457
0 0.1806149137 0.2054706024 0.0710637347 0.1130591658
0 0.6673081360 0.1337449188 0.0645183934 0.1398042907
1 0.3928147468 0.7433927184 0.0294699975 0.0432588107
0 0.4179219627 0.7417853703 0.0791637350 0.1373245424
0 0.4097748750 0.8518514518 0.0664554699 0.1685450106
0 0.4423100726 0.0884575080 0.0686205435 0.1526655451
1 0.2089028210 0.1633407367 0.0518684466 0.1023387883
0 0.1913986206 0.0867164421 0.0881878081 0.1564456855
0 0.1198112654 0.8529494274 0.0974630747 0.2467447643
