0 0.6633877329 0.6165196819 0.3731411094 0.5401764408
0 0.3456414006 0.7565712467 0.1474684347 0.2982606457
0 0.6396207337 0.7097730329 0.1187408372 0.2296232654
0 0.9082239736 0.6972934846 0.0852253225 0.2520864179
0 0.1699241176 0.1619218426 0.0890556279 0.2520864118
0 0.3456414100 0.1937446410 0.0880980539 0.2658139013
0 0.5792927317 0.1650417312 0.1149105034 0.2383589498
0 0.3392832728 0.1770596873 0.0553849853 0.1601748620
0 0.1742645490 0.1559842417 0.0563984484 0.1315743416
0 0.5912534317 0.1568917305 0.0642884132 0.1638473019
0 0.8890316274 0.1672845871 0.2219367452 0.2193417518
0 0.3507164304 0.7190838721 0.0768839015 0.1356511270
0 0.6326279782 0.7222112348 0.0634526545 0.1689669701
0 0.3523755593 0.8439788818 0.1566970372 0.2659679782
0 0.6447492921 0.8016358406 0.1221258333 0.2021901777
0 0.9194807298 0.7336786824 0.1351779145 0.1886067544
0 0.1847490651 0.0829389659 0.1319552318 0.1588494036
0 0.3427302672 0.1013692939 0.1045097124 0.1990118659
0 0.5871667390 0.1163455502 0.0882996663 0.2064094974
0 0.8471396040 0.1126250529 0.1876227502 0.1682612419
