1 0.1121780790 0.2337800809 0.0576260747 0.0504582417
0 0.7218321334 0.0981412476 0.0752333530 0.0750506604
0 0.2172999734 0.6710748430 0.0610727394 0.0791002552
0 0.4057666236 0.7013553890 0.0620270170 0.1001112196
0 0.7054047498 0.6735467260 0.0849293317 0.1137066168
0 0.1748353312 0.1439459365 0.0276735922 0.0828080490
0 0.3260857949 0.1983273467 0.0400789956 0.1124706345
0 0.4792447664 0.1964734446 0.0582099382 0.1013471815
0 0.7321937265 0.1002934295 0.1052761502 0.1688939941
0 0.4806994219 0.0921338744 0.0717433407 0.1822866851
0 0.3396526169 0.1100339558 0.0722905753 0.1718688132
0 0.1948197476 0.0867480798 0.0854691380 0.1352863133
0 0.2243057212 0.7962131934 0.1046253451 0.2271804912
0 0.4168649284 0.8208773816 0.1003464337 0.2339913855
0 0.7644359027 0.8391975495 0.2250083273 0.3093960722
