1 0.0855713032 0.6944400563 0.0455137061 0.0642672161
1 0.7494918653 0.1971518665 0.0695116310 0.0630728255
1 0.0842813187 0.7048881340 0.0533461778 0.0798922161
1 0.0935764738 0.1834860870 0.0541544398 0.1618869299
0 0.6337818018 0.8024124281 0.2491700126 0.1368259673
0 0.3054311060 0.8045728562 0.0420820574 0.0633720011
0 0.1415325954 0.8456206956 0.0686601830 0.0648123521
0 0.4527182691 0.1672517836 0.2148399306 0.1137816055
0 0.8098619501 0.1787739584 0.0409746324 0.0820955927
0 0.1874906122 0.1679719161 0.0586933765 0.0547303992
0 0.3065935062 0.8054606448 0.0354232315 0.0848082758
0 0.1392666842 0.8240371446 0.0522885612 0.1051575740
0 0.1874594990 0.1756155735 0.0393165484 0.0441601528
