1 0.5877412595 0.7063006789 0.0274534364 0.0409972816
0 0.9329996998 0.7114315187 0.1040406790 0.3188006460
0 0.6141610155 0.8010669719 0.0955849721 0.1657901569
1 0.7682764278 0.8100562083 0.1178734189 0.1144420696
1 0.4558595614 0.7962670750 0.1338514561 0.0804195764
0 0.4536260759 0.9357332708 0.0795512387 0.0547817672
0 0.7865924085 0.9448313340 0.0507433400 0.0732075570
0 0.3133597048 0.8123503939 0.0541098774 0.2604400964
0 0.1296656828 0.8251843722 0.0458167098 0.2672833137
0 0.1400716004 0.1208832090 0.0485563258 0.1872506412
0 0.2954337552 0.1280558593 0.0288171235 0.2526054919
0 0.4692721160 0.1691059154 0.0284409928 0.2607000408
0 0.7119609130 0.1547999009 0.0553636255 0.2464998148
0 0.9604191435 0.2042467626 0.0706172967 0.2529863322
1 0.8387659677 0.2373594505 0.0659460222 0.1093580138
1 0.5861170356 0.2512936759 0.0763379841 0.0885624436
0 0.7091057503 0.2323205336 0.0617088176 0.1038212121
0 0.4617959885 0.2477701141 0.0740505242 0.1643835618
0 0.1472984417 0.0970614143 0.1274580314 0.1941228286
0 0.3069130323 0.0992819403 0.1117443930 0.1879059989
0 0.4635785816 0.1019791903 0.0917742238 0.2012399557
0 0.7132627120 0.1107451864 0.1058205551 0.2092709593
0 0.1314163287 0.8413489822 0.0685638523 0.2210051750
0 0.6320601438 0.8889151519 0.1100985130 0.1982723760
0 0.9251372849 0.8357686662 0.1332170001 0.2068164753
0 0.3144628552 0.8716058037 0.0855556828 0.2153470021
0 0.9430987435 0.1493008323 0.0912162196 0.2106400204
1 0.5898237840 0.7122613131 0.0335903128 0.0428724263
