1 0.7900850756 0.4100226741 0.1374948496 0.1776551688
1 0.6242824424 0.7290660489 0.1002903557 0.0420485466
1 0.8826919130 0.6959528359 0.0428659307 0.0536119194
0 0.2852479763 0.2040096303 0.0513338170 0.0564554891
0 0.6322446900 0.2495589513 0.0463979538 0.0731355400
0 0.4614610958 0.2027265590 0.0365259748 0.1129109577
0 0.4022297904 0.8096231850 0.0365259748 0.0795508764
0 0.1169323650 0.1770649879 0.0424490912 0.0615878156
0 0.4014410198 0.7925669352 0.0593831990 0.1442250898
0 0.2397351270 0.7400720863 0.0394442380 0.2051951501
0 0.5793660587 0.7846387227 0.0651914169 0.1523915773
0 0.8738684196 0.7974588128 0.0801894652 0.1439432944
0 0.1173392358 0.2034739423 0.0413131951 0.1587462477
0 0.2866267823 0.2605486429 0.0629094310 0.2196290621
0 0.4603027849 0.2332040418 0.0534562562 0.2152539120
0 0.6272902701 0.2524123653 0.0473433991 0.1638326747
0 0.8650477034 0.2310869360 0.0658006323 0.1036141919
1 0.8537694227 0.3715508984 0.0223242238 0.0463146907
1 0.5977587537 0.3821062478 0.0080850437 0.0558970462
1 0.5799520467 0.7321874557 0.0186275889 0.0193190216
