0 0.2923312076 0.3184028176 0.3838852300 0.3942052083
1 0.6146808547 0.1478780213 0.2466424659 0.1221208279
0 0.9239181764 0.3100594925 0.0387589994 0.0572527741
0 0.7517173605 0.3071968457 0.0597995973 0.1030549607
0 0.4560413805 0.3515677497 0.0575848209 0.1030550016
0 0.1670098090 0.3358232327 0.0509404282 0.0944670610
0 0.4533833168 0.3206855335 0.0487681645 0.1841552408
0 0.7517296560 0.2947307622 0.0583305181 0.2138178364
1 0.9362836588 0.2829893181 0.0200809773 0.0469657765
0 0.9281556156 0.2891690255 0.0325121097 0.1334816398
