1 0.3462319544 0.7078775141 0.0396902316 0.1072238280
0 0.6362681623 0.2347603126 0.0577641135 0.2106924486
0 0.7867588408 0.2213454294 0.1289051775 0.2817123638
0 0.9500184209 0.2142434379 0.0784375252 0.2012231061
0 0.7913191606 0.7283487710 0.1112719159 0.2209508680
0 0.8099676246 0.2582910795 0.0865899295 0.1456291460
0 0.3415206712 0.1773382656 0.0561655601 0.0746687461
0 0.6175538371 0.2022278323 0.0438365532 0.0391121960
0 0.7908451366 0.2111169724 0.0616451293 0.0995583077
0 0.0339799930 0.6813522533 0.0465763171 0.0551126174
0 0.3257669138 0.7426872842 0.0876730749 0.0675574443
0 0.6065946988 0.7666879778 0.0383569525 0.0551126584
0 0.7901601865 0.7462429198 0.0575354288 0.0248895718
0 0.9607116542 0.1951165254 0.0287677144 0.0533348099
0 0.7744090788 0.1099014749 0.0916787791 0.1898346037
0 0.6209455623 0.1002167690 0.0665566457 0.2004335379
0 0.7916633862 0.8335489418 0.0952549661 0.2080154265
0 0.9395301839 0.1153195162 0.0860325697 0.1547582717
0 0.2992109826 0.8337647958 0.1126599373 0.1912323551
0 0.0402011408 0.7579959534 0.0804022816 0.1843191719
0 0.5965483121 0.8607796273 0.0502048384 0.2098929023
