1 0.7923211903 0.6137939125 0.0339464663 0.0893531702
1 0.5223657870 0.2569067826 0.0193980078 0.0861995366
1 0.6815765602 0.1755028412 0.0436726425 0.0542803971
0 0.8471794247 0.7105898007 0.1233818425 0.1629024626
0 0.5457351353 0.7245702378 0.1205777284 0.1641181171
0 0.2442908460 0.7154525623 0.0579520919 0.1847848591
0 0.0732387259 0.7075505824 0.0766463137 0.1641181171
0 0.7705331544 0.2018235392 0.0486050027 0.1519612439
0 0.5476045342 0.1769018988 0.0607562691 0.1337259032
0 0.3013082384 0.1896666403 0.0467355407 0.1860005649
0 0.1424073354 0.1738626702 0.0803851154 0.1665495390
0 0.3053022462 0.1701043853 0.0842778582 0.1606799128
0 0.1415140138 0.1732992751 0.0940264018 0.1847566503
0 0.5406827877 0.1762655139 0.1036440387 0.1410271568
0 0.7805884913 0.1946614566 0.1211065630 0.1589195698
0 0.8563089459 0.7187068403 0.1762422011 0.1815537310
0 0.5524063663 0.7237876374 0.1567477174 0.1964681865
0 0.2433787033 0.7136731023 0.1149898399 0.1837228392
0 0.0814446525 0.7041290016 0.1111526450 0.2150765209
