1 0.7914361455 0.6270985648 0.0388943928 0.0693803006
1 0.6386944514 0.6786081813 0.0769786253 0.1030191921
1 0.2096400530 0.6602118780 0.0162060181 0.0241779507
1 0.5426737731 0.3148874270 0.0421356659 0.0693802392
1 0.6127647720 0.4168553704 0.0818403454 0.1303507760
1 0.6318068566 0.2780948613 0.0939948353 0.1429653705
1 0.6860970124 0.3516799620 0.0437563024 0.0210243174
1 0.7565931862 0.1792805665 0.0956155981 0.0651753982
1 0.4474633972 0.7159263252 0.0316017179 0.0452022271
0 0.1607765123 0.2946273292 0.0735736419 0.2421702545
0 0.4480785324 0.3242083863 0.0802621462 0.2871334614
1 0.6217997749 0.4128676856 0.0643245502 0.1576263633
