1 0.4087757306 0.1638099486 0.0877403962 0.1309299961
1 0.4146829675 0.1517854137 0.1120514879 0.1534772073
0 0.3320550759 0.7299530275 0.6013696773 0.4604316465
0 0.3504490236 0.8946915165 0.1731429799 0.1333370086
1 0.4213422163 0.1506708514 0.1376963694 0.1564487949
1 0.1459494209 0.0902247306 0.0695298760 0.0782243975
1 0.8889646324 0.6617961514 0.0558965774 0.1760048651
1 0.0927795217 0.6840190026 0.0586232154 0.1066696167
1 0.8944179367 0.1204477895 0.0504431975 0.1031139681
0 0.7583657420 0.7135701087 0.0642301976 0.0880906136
0 0.4554869888 0.8117694978 0.2757470220 0.2007311421
