1 0.5789288993 0.6013435785 0.0804202774 0.0473046284
1 0.4160574736 0.5892545718 0.0178711763 0.0735849455
1 0.4818559112 0.5272329954 0.0438656145 0.0294340193
1 0.7076826725 0.6223678486 0.0162464604 0.0241778901
1 0.8563384137 0.2349955583 0.0146219032 0.0273315512
1 0.8352179326 0.2507637712 0.0227451334 0.0231267177
1 0.6800636454 0.2502381028 0.0357423525 0.0367924933
1 0.6723464910 0.2922867150 0.0251820962 0.0430997538
1 0.5391249317 0.3211950864 0.0316807057 0.0273315512
1 0.4413441516 0.5850966647 0.0496217725 0.0424273608
1 0.7470496501 0.2800781127 0.2038036551 0.1662695000
