1 0.3625658494 0.7274892097 0.0828615015 0.1671430266
1 0.6932072960 0.5950362704 0.0539001880 0.1103774741
1 0.4498519850 0.6465457550 0.0643584244 0.1440162689
0 0.0476457656 0.6828303672 0.0454017328 0.1544958427
0 0.2358737920 0.6686167374 0.0264843569 0.0914615018
1 0.6851617767 0.6074363825 0.0756694942 0.0902255769
1 0.3881587688 0.7613142381 0.0416182482 0.1062931433
1 0.3585406958 0.7253912309 0.1070704045 0.1932851377
1 0.6740207872 0.5500092464 0.0863094789 0.1501895883
0 0.0657722021 0.5093131077 0.0869061127 0.2476103185
0 0.2550201228 0.5776057578 0.0426235187 0.1418191511
