1 0.6808334877 0.5656023110 0.0388067837 0.0662264675
1 0.5923053009 0.8242008890 0.2417345470 0.1965769393
1 0.6054723956 0.8539920804 0.0814005283 0.1205876811
1 0.0910518721 0.5777337202 0.0782450972 0.1292873166
0 0.6047757529 0.8673615162 0.0965196581 0.1941020590
0 0.7443533836 0.8017038387 0.1035898143 0.2365715326
0 0.1244955016 0.8465305936 0.0306981091 0.2726054867
0 0.2705578170 0.8476085556 0.0949116599 0.2494732114
0 0.4462069432 0.8226230398 0.1175868593 0.2126386656
0 0.9635178138 0.6615126085 0.0695482076 0.1629236006
0 0.0856338428 0.1157612678 0.0969465166 0.2137853219
0 0.2399798426 0.1259450496 0.0963733466 0.2381605350
0 0.3872866701 0.1307732068 0.1111369016 0.2212152351
0 0.6415910580 0.1641886416 0.0762464025 0.2304515671
0 0.8869096728 0.1091929482 0.1645503303 0.1699068178
1 0.1650859335 0.5165856562 0.0376916801 0.0391154232
