0 0.4011595635 0.7993331007 0.2279781801 0.3237738661
0 0.4143545539 0.7415210150 0.1663086127 0.2108597704
0 0.7397889577 0.7422322099 0.0980724794 0.1694142331
0 0.9284479292 0.7490796325 0.0867912324 0.2072509437
0 0.9171719056 0.2267409345 0.1041246470 0.1638918538
0 0.4816674830 0.7478962560 0.2326860230 0.3063538254
0 0.9282453545 0.7434134740 0.0581715057 0.1191376307
0 0.7391879133 0.7452369608 0.0497271906 0.0547060402
0 0.4173680064 0.7470605091 0.1172813004 0.1215689874
0 0.7227685066 0.2030392360 0.0243945616 0.0790198439
0 0.9207393282 0.2389021022 0.0525420256 0.1434514446
0 0.4497376438 0.2121569111 0.0356535219 0.0607844937
