0 0.4317229489 0.7773109418 0.1101503767 0.2164790390
0 0.1544030967 0.7088156047 0.0842326582 0.2350826925
0 0.1032155591 0.1997516007 0.0984874246 0.1708155056
1 0.4872445582 0.7832035684 0.0910187051 0.0557143094
1 0.4022669370 0.7443086318 0.0596051897 0.0977629014
1 0.2951386687 0.7648073062 0.1836484438 0.1009165815
0 0.2665442831 0.7900364763 0.4776469781 0.3595151493
1 0.4404897224 0.7506359183 0.0262105797 0.0353864988
1 0.0604373080 0.2245567697 0.0271143303 0.0401047159
0 0.1544335954 0.7311733144 0.1012267406 0.2017028661
0 0.4341629963 0.8019462875 0.0714009414 0.1804711540
0 0.1083392755 0.2033248729 0.1265334941 0.1273913688
0 0.0749149806 0.3066749973 0.0667049571 0.2990591867
0 0.1632443335 0.6801171353 0.0863656614 0.3106886007
1 0.1360447966 0.5550934897 0.1083076208 0.1182452949
