0 0.4109591116 0.6892666450 0.1278918427 0.1373394697
0 0.6899030327 0.6710109955 0.0940202770 0.1824674851
0 0.1216740750 0.6563599415 0.0824325864 0.1101193550
0 0.6782073975 0.2575724553 0.0876224631 0.1198118895
1 0.5625829413 0.2234903910 0.0967943550 0.1192196210
1 0.3344821363 0.2105239538 0.1545873208 0.1406380947
0 0.8006161982 0.2570950129 0.0953044325 0.1294283378
1 0.5544247958 0.7024976779 0.1306061320 0.1199453305
1 0.1056357067 0.1977449808 0.1064143086 0.1920919174
0 0.4235316928 0.6866857333 0.0810055497 0.0551126431
0 0.6967538135 0.6671296389 0.0700217521 0.0515569540
0 0.1262825220 0.6591294117 0.0466811681 0.0320009085
0 0.1956177796 0.1720047792 0.0453081981 0.0391122011
0 0.4434398425 0.2057834894 0.0247135351 0.0426678535
0 0.6830240760 0.2386732957 0.0425622770 0.0586683078
