1 0.6047271860 0.6937914589 0.0351457319 0.0377790514
1 0.7770267366 0.2204416793 0.0677197688 0.1155595497
1 0.5112910892 0.2143303510 0.0540043134 0.1100038234
1 0.9201811707 0.7021250545 0.0591476280 0.0788915801
0 0.4289987433 0.7682384922 0.4277486819 0.3489010447
0 0.3475030778 0.7755770779 0.0466319904 0.1226700599
0 0.5662620125 0.7746881832 0.1001216330 0.0711130916
0 0.3273676777 0.7391585143 0.0984754179 0.1227846535
0 0.5491717918 0.7616487966 0.1237976187 0.1264317606
0 0.8717959370 0.7197074799 0.0262601215 0.1325102563
1 0.4342838167 0.8917276155 0.1566228083 0.1458827707
