1 0.1725867716 0.1749121190 0.0599219040 0.0609704012
1 0.4576207145 0.7204920639 0.0356292804 0.0462534990
0 0.7100153734 0.6790338213 0.0856941172 0.1313618390
0 0.4148885586 0.6868341880 0.0721377132 0.1283754204
0 0.2464531643 0.7020773391 0.0824930237 0.1712113195
0 0.0659661843 0.7060975433 0.0537763301 0.1120584563
0 0.3111540217 0.2341046304 0.0427338610 0.1581041632
0 0.4802462543 0.2474478984 0.0537278303 0.1220701485
0 0.7293323215 0.2290500310 0.0466146296 0.1253056062
0 0.4929781468 0.1153703098 0.0739758724 0.2059907228
0 0.3373877559 0.1040629739 0.1087051605 0.1776660025
0 0.7436719836 0.1259322631 0.0899379709 0.1924038997
