0 0.7798724174 0.7561903648 0.1369583947 0.2587669490
1 0.8987419605 0.8043918651 0.1524631636 0.1183901021
1 0.8985890661 0.8136887589 0.1590089798 0.1419138717
1 0.7636723518 0.8462763829 0.1365228380 0.1103774211
1 0.5412204095 0.7984461760 0.2152242320 0.2964422701
1 0.9054011958 0.8187837454 0.1558190073 0.1885487436
1 0.9066683224 0.8133161947 0.1490939004 0.1283335271
1 0.5811836549 0.8119120964 0.2339231968 0.1925597654
1 0.8999656269 0.8146332656 0.1413241795 0.1589026886
1 0.9073847362 0.8108003336 0.1852305276 0.1040803228
1 0.5529448816 0.8299304190 0.2040977137 0.1382803405
