1 0.6850931740 0.6796589860 0.0130077067 0.0252291188
1 0.2501477410 0.3290792057 0.0113817717 0.0199730585
1 0.6688335218 0.7154002255 0.0113817906 0.0210242901
1 0.9001268700 0.4631089637 0.0235765014 0.0756874054
0 0.2778718553 0.2542101125 0.1657142852 0.1680834291
0 0.9604000127 0.2427576277 0.0791999746 0.0945493822
0 0.2727572320 0.1270069080 0.1156060281 0.2282982544
0 0.4425271049 0.1461441828 0.0939981466 0.2506901090
0 0.1112038946 0.1245017804 0.1500881821 0.2291042673
0 0.6959739472 0.1599975255 0.0874862435 0.2710248353
0 0.9509174170 0.1635196738 0.0908090503 0.2243159457
