1 0.2830580955 0.7264551637 0.0298479903 0.0460024812
1 0.5349568759 0.8214089104 0.0343703987 0.0566184005
0 0.5399601492 0.8644684517 0.0477136180 0.0728908752
0 0.6994599241 0.8671351900 0.0749785651 0.0568904452
0 0.1035510382 0.2048668016 0.0708887915 0.0871135174
1 0.2937832569 0.7078775109 0.0523949261 0.0504582534
0 0.5538633360 0.1338560101 0.1647691066 0.2203557509
0 0.7139771707 0.1414550095 0.1012500025 0.2326688857
0 0.8734601089 0.1309660296 0.1557347042 0.2217019995
0 0.3161761216 0.1721271327 0.1611756697 0.2934807220
0 0.2625382353 0.8893167981 0.1379960858 0.1903297594
0 0.5411990145 0.8918733192 0.0809849421 0.1738854972
0 0.7020714650 0.9115840117 0.1111686257 0.1587632656
0 0.8919950720 0.8928422265 0.0925328946 0.1564482922
0 0.1104200673 0.1542142687 0.1008847896 0.1667395378
