0 0.5325982258 0.8010961750 0.1176490724 0.1169248440
0 0.3423768354 0.8275992374 0.0718671422 0.0976096339
0 0.8065356546 0.7723012220 0.0963444525 0.0645826506
0 0.5213781403 0.7665605174 0.0730888884 0.0731936871
0 0.3436392296 0.7658429242 0.0786259561 0.0574068005
0 0.1786354812 0.7500560786 0.0786259403 0.0545365097
0 0.1808502893 0.1257568283 0.0919148521 0.0861102367
0 0.3569281256 0.1279095848 0.0985592922 0.0760640394
0 0.5202707521 0.1623536846 0.0575852001 0.0645826813
0 0.7694374689 0.1723998716 0.0841629605 0.0731937076
0 0.7710310839 0.1951372492 0.1078759563 0.1410200695
0 0.5304207152 0.2042549133 0.0731680034 0.1689808993
0 0.3540669959 0.1744705303 0.0863007398 0.1969418110
0 0.1753681169 0.1756862154 0.0722300027 0.1993731812
0 0.1781822612 0.7263937726 0.0759821951 0.1483142008
0 0.3395271953 0.7488840193 0.1041237640 0.1762750613
0 0.5337038598 0.7677272720 0.0853627391 0.1434513783
0 0.8113672621 0.7628644905 0.0778582912 0.1167062644
