1 0.5743399075 0.7006832894 0.0383229642 0.0735849827
1 0.3407329778 0.6775565452 0.0244614993 0.0231266428
1 0.6538396307 0.2202785573 0.0505537296 0.1009165175
0 0.3178262381 0.7133921968 0.0408044100 0.1077787115
0 0.5994763819 0.7512430232 0.0507567604 0.0885324681
0 0.1222634751 0.6787490642 0.0417996702 0.0898155456
0 0.3159397434 0.8486712435 0.1362905438 0.2689854236
0 0.1290514485 0.8281313916 0.1135326777 0.3146315636
0 0.6243671104 0.8605204643 0.1526075327 0.2429944302
0 0.9202788000 0.8024395679 0.1383308462 0.2629872180
0 0.8951600789 0.1000285684 0.1513609549 0.1883763195
0 0.2282786849 0.0596042745 0.0776779702 0.1192085489
0 0.3988855371 0.0830519088 0.0845063688 0.1649105518
