1 0.3251229065 0.6574192474 0.0305763011 0.0672777493
1 0.7033034494 0.6169475180 0.0933382423 0.1019677321
1 0.9068772653 0.6211523851 0.0273576864 0.1103774662
0 0.7591335453 0.7562398620 0.0389721667 0.0774103714
0 0.5987570049 0.7583273471 0.0468536519 0.0813714910
0 0.3386286056 0.7352555614 0.0668931693 0.0672432799
0 0.5906232073 0.8634293068 0.0985620535 0.2055286679
0 0.7555909723 0.8694708355 0.0937382174 0.2269339248
0 0.3169891247 0.8586065777 0.1250422210 0.2378590109
0 0.7641756763 0.1085326334 0.0861926631 0.1721402003
0 0.5995230959 0.1100465199 0.1052999927 0.1730009254
0 0.3384136364 0.1227095614 0.0903285788 0.1729871769
0 0.9154945298 0.1148803258 0.0745111613 0.1610591643
