0 0.5341169349 0.7451043432 0.0869501853 0.3577448466
0 0.8019600174 0.7478683288 0.0522917663 0.2874594079
0 0.1188233517 0.5800520686 0.0553319361 0.3340531560
0 0.2772186317 0.6799521082 0.0547239059 0.3143100233
1 0.7576529102 0.6732352015 0.0675863385 0.1144483697
0 0.5591714608 0.7504600923 0.6288096771 0.4155699948
0 0.4278793665 0.6688047723 0.3081267386 0.5951302034
0 0.8574877039 0.5217929273 0.2510946317 0.6720413024
0 0.4028269544 0.7011592758 0.2170175754 0.4018271327
0 0.4044934180 0.7496084435 0.2917912282 0.1363270465
0 0.8898797445 0.7538707565 0.1742383477 0.0721909121
0 0.3608099962 0.0861692835 0.3199401554 0.1382064697
0 0.8729429982 0.7488840371 0.2003068894 0.2589419690
0 0.4068081678 0.7409820189 0.2976523018 0.3233735234
0 0.1213240096 0.5890208049 0.0636489293 0.2018045326
0 0.8378424612 0.2771963219 0.2237072475 0.2127457829
