0 0.4680599258 0.1677842378 0.0778104805 0.1568240221
0 0.7178971548 0.1446861059 0.0974973749 0.2443536961
0 0.8772679929 0.0984898903 0.0974974382 0.1762750492
0 0.4891531152 0.6917466257 0.0824978348 0.1908633411
0 0.8022699123 0.6479817900 0.0599984138 0.1957261097
0 0.9752341698 0.6346091557 0.0440613648 0.1543926172
1 0.3382195719 0.1592744080 0.0824978348 0.0717257041
0 0.1296968010 0.1533154299 0.2593936019 0.1743712701
0 0.4627002029 0.1680395042 0.0540552303 0.1213531186
0 0.7159767804 0.1715873266 0.0739760030 0.1507232687
0 0.0959377705 0.7376718842 0.1587934766 0.2898358310
0 0.5109666588 0.7162294452 0.0745530339 0.1428722931
0 0.8008919811 0.6799883425 0.0329294645 0.1279207746
0 0.4937972508 0.7535303868 0.1144807318 0.1286449407
0 0.1656154084 0.7641270716 0.1605665903 0.1606978857
0 0.7973992309 0.7314156780 0.0991032931 0.1083592945
0 0.9685530848 0.6719420113 0.0628938304 0.1601380545
0 0.4632803536 0.1332472613 0.0850957723 0.1854374579
0 0.1598572565 0.0720474839 0.1944982215 0.1440949677
0 0.7072567665 0.1144470251 0.1447961686 0.1851415878
