0 0.8255630674 0.1141571500 0.1171813870 0.2206503687
0 0.6458438052 0.1280067587 0.0858871468 0.2390368669
0 0.1438455025 0.0885087900 0.0877357684 0.1770175801
0 0.1517674924 0.1281622472 0.1406629382 0.2244412905
0 0.8335777996 0.1241364594 0.1048725150 0.2064986804
0 0.6513520311 0.1441373442 0.1202809772 0.2310631473
0 0.3247130339 0.7371743742 0.1543008138 0.2373077556
0 0.6271281009 0.7489722817 0.1242839004 0.1618631481
0 0.8129427806 0.7277952506 0.1291655155 0.1904334102
0 0.5269155586 0.5502915574 0.1995955483 0.5914842130
