0 0.6928289842 0.2228937252 0.1151092766 0.2491165079
0 0.8638124293 0.2305420342 0.1025060057 0.2272641890
0 0.4399283003 0.2485563524 0.0476734408 0.0834544397
0 0.6925059553 0.2300771283 0.0485902929 0.0822622238
0 0.8566126466 0.2038486183 0.0467565886 0.0655713748
0 0.2011026230 0.7141127638 0.0412558543 0.0631868916
0 0.4857681472 0.7296114686 0.0440062530 0.1013375559
0 0.7686000775 0.7135166660 0.0540910272 0.1096829240
0 0.9427915430 0.6795388294 0.0394222131 0.0917998693
0 0.4868755015 0.7339158417 0.0925507775 0.1641181207
1 0.6336479088 0.5667584532 0.6852495534 0.1993731837
0 0.6914046098 0.2030390206 0.0879027374 0.0833522530
0 0.8716644839 0.1996566455 0.1125050468 0.1169408060
0 0.4493715429 0.2298564808 0.1078287760 0.1584827669
0 0.7657308889 0.7195831627 0.1009113952 0.1347794071
0 0.9483087111 0.6852266455 0.0803200576 0.1388941119
0 0.4890355310 0.7490669784 0.0934615103 0.1330056549
0 0.2073712174 0.7173975257 0.0809744744 0.1102889276
1 0.5573831563 0.2061215626 0.1067281560 0.1301512462
1 0.7769249889 0.1963906339 0.0477468407 0.1739404535
1 0.3696725771 0.7717321868 0.0908126476 0.1739403920
1 0.8747591714 0.7828220039 0.0730246058 0.2055660371
1 0.6472595373 0.7834555103 0.1160902551 0.1885368593
