0 0.1352943609 0.1445950487 0.1056231275 0.2540208433
0 0.3037725190 0.1553874717 0.1004884696 0.2513360794
0 0.5449254919 0.1601275895 0.0686124825 0.2539556247
0 0.7774431393 0.8055263921 0.0961605119 0.2267619855
0 0.5037444315 0.8256389874 0.1080976321 0.1858377182
0 0.2041627295 0.8310600500 0.0846458152 0.1756264196
1 0.5232935776 0.2032949003 0.0276222512 0.0462534237
0 0.5059673733 0.8519359260 0.1062109300 0.2057101216
0 0.2092164028 0.8654663037 0.0757768796 0.1916223593
0 0.1516878670 0.0620394961 0.0673029393 0.1178557140
0 0.3160911372 0.0696203884 0.0744607619 0.1392407768
0 0.8096478874 0.0943798112 0.1738719045 0.1776161392
0 0.5476946230 0.0848901676 0.0697146192 0.1491851014
