0 0.3345010399 0.1862213996 0.0316784925 0.0412842535
1 0.7909204464 0.2258959924 0.0225854250 0.0515094757
1 0.6465347026 0.2427154172 0.0290384954 0.0325876297
1 0.8344782083 0.2768798705 0.0516240337 0.0546631105
1 0.9296599284 0.2579580061 0.0725961817 0.1093262088
1 0.2589516404 0.6064353697 0.0330715746 0.0388949487
1 0.2194270521 0.6700338056 0.0588835915 0.0609703802
1 0.5795848582 0.6495351484 0.0258119791 0.0473046087
0 0.1046786450 0.1960032801 0.0613357242 0.3022173482
0 0.8033177593 0.1872433570 0.1025062788 0.2496578093
0 0.5596552934 0.6860114805 0.1058671404 0.2551327613
0 0.7734901126 0.6794415382 0.0932639094 0.3317820887
1 0.5629226760 0.5959821886 0.0651287419 0.2202259187
0 0.7942719035 0.6816411664 0.0858204908 0.3172950991
0 0.5755229421 0.6767783873 0.0624997356 0.3148636356
0 0.2728191225 0.6299743652 0.1063427689 0.3063539567
1 0.2252447298 0.2974831366 0.1156711012 0.1616867558
1 0.5587319667 0.3157184970 0.2304094145 0.1641181700
0 0.3465128134 0.1716592181 0.1026114473 0.2966283352
0 0.6147018470 0.1455219107 0.1072755946 0.2419223493
0 0.8036002357 0.2178554658 0.1194023661 0.2941969841
