1 0.5722101523 0.6849022590 0.1296291363 0.0866696261
1 0.8472455019 0.6204555431 0.1185423821 0.0666689280
1 0.6698583803 0.6532344787 0.0656673197 0.0388902408
1 0.4856486217 0.6643460078 0.0213205677 0.0388902901
1 0.5811647627 0.3637799832 0.0861350980 0.1200041886
1 0.7623896070 0.3415570113 0.1398629876 0.0822250785
1 0.3688118563 0.4082259639 0.0298487645 0.0466683038
1 0.4797717648 0.6627594389 0.0561299806 0.0389250969
0 0.4938042505 0.7759961943 0.1276502426 0.2134985115
0 0.3100241125 0.7801246212 0.0841948574 0.1651369258
1 0.3095714571 0.6545025605 0.0525086055 0.0460024635
1 0.8653843330 0.6054189309 0.2215105448 0.1587343478
0 0.3224008256 0.2548516540 0.3190691688 0.2386527855
0 0.7742610395 0.7707664724 0.0513182686 0.1641180627
0 0.5148706501 0.8236489489 0.1184985261 0.2139614025
0 0.3170621604 0.7744135448 0.0457199106 0.1762751023
0 0.1374482630 0.7804919907 0.0410545903 0.1860005467
0 0.6436328072 0.2504511450 0.0587827584 0.1325102084
0 0.4057027269 0.2796277183 0.0531843626 0.1543926553
0 0.2372855880 0.2838826341 0.0503852026 0.1531769686
0 0.0735337411 0.2911767544 0.0363893077 0.1483141725
1 0.5265338706 0.2389020904 0.0709124835 0.1312945340
1 0.7458027640 0.2085098365 0.0391884299 0.1361572808
