1 0.2031531100 0.7352419207 0.0888937225 0.0830458610
0 0.6912006679 0.7335761778 0.0748179011 0.1831410070
0 0.8889168103 0.7158422655 0.0614505586 0.1607481926
0 0.6851828777 0.2188128687 0.1111723397 0.1479982684
0 0.8841424080 0.1691173646 0.0795527610 0.2343839645
0 0.5185987138 0.2528323081 0.0775619100 0.1472343076
0 0.4676867661 0.7441345953 0.1058543726 0.1656201270
0 0.1913781967 0.7370559938 0.0977311250 0.1670290547
1 0.5078322901 0.3260807899 0.0309926155 0.0738982662
0 0.8855286969 0.7516954730 0.0659760903 0.0877333610
0 0.8750018920 0.1279223873 0.1041872009 0.1245961651
0 0.8682261572 0.0811270637 0.1136948360 0.1452709659
0 0.5085611929 0.1200356530 0.1050230761 0.1997590557
0 0.6791883210 0.1113473677 0.1228849218 0.1761203704
0 0.2766001371 0.0966853517 0.1438139450 0.1828733556
0 0.8808595264 0.7778470439 0.1033427740 0.1554188390
0 0.6865675395 0.7935382474 0.1187392611 0.1242126465
0 0.4744833694 0.7982577416 0.0923359369 0.1166578724
0 0.1778522167 0.7858367674 0.1899161862 0.1474194434
