0 0.4372825410 0.7602573652 0.1601160386 0.1930969336
0 0.4626842392 0.2719675046 0.1594825579 0.1998302791
0 0.2810135880 0.2719322830 0.1214765519 0.2103338579
0 0.2529452392 0.7853646968 0.1403915547 0.2231056238
0 0.7148751179 0.7349764220 0.0284683086 0.1072985290
0 0.4292741994 0.7725309022 0.0413249202 0.1227972392
0 0.2469855341 0.7659737688 0.0312232617 0.1025296913
0 0.2906062548 0.2884952631 0.0376515486 0.0917998433
0 0.4650890811 0.3004173083 0.0394882344 0.1108751450
0 0.7277317295 0.2592861752 0.0229582890 0.0643791370
