0 0.1309259206 0.3121949819 0.2618518411 0.1120648367
0 0.1379093678 0.6039124639 0.2128840551 0.0784028913
0 0.6890728559 0.0946414248 0.2660519177 0.0809148034
0 0.7539406259 0.2394933814 0.2904948765 0.0382900346
1 0.5748855601 0.6032741340 0.1228322463 0.1746378896
0 0.7054449311 0.0760021121 0.1897026426 0.0711130857
0 0.7679080104 0.2786744031 0.1526874678 0.1173365866
0 0.7193256268 0.5809050489 0.1711951168 0.0675574330
0 0.1085756247 0.1177810472 0.1249261329 0.0657796066
0 0.1583147389 0.3133420407 0.1735085216 0.1120031234
0 0.1421206050 0.6022389651 0.1642547228 0.0533348221
0 0.6846238978 0.8733576023 0.1110454423 0.0408900219
