1 0.6501159037 0.6863276249 0.0517440670 0.0809434387
1 0.8178797320 0.6653033706 0.0590206178 0.0683288779
1 0.7738164791 0.8718668756 0.1891892488 0.2081403764
0 0.5393512663 0.7415163592 0.3557402871 0.3805394016
1 0.6425658927 0.6869401900 0.0444530140 0.0519002142
0 0.7090820123 0.7031503118 0.1541323701 0.1826159168
0 0.4062893450 0.6972212526 0.1048829890 0.2015890374
0 0.2120278020 0.6960354325 0.0957627257 0.1541563179
0 0.2772376557 0.1719040317 0.0820823386 0.1517846573
0 0.5440052915 0.1689394867 0.0483374162 0.1007945084
0 0.7189672486 0.7565106353 0.0981327404 0.0377755559
1 0.4325387182 0.4760403809 0.4372758471 0.5086378478
0 0.0915797289 0.1391149768 0.0806735015 0.1511153150
0 0.2700185697 0.1640045596 0.0546938999 0.1155587754
0 0.5346002973 0.1666712969 0.0478571427 0.0782243922
0 0.2255797741 0.7275757697 0.0670000187 0.1475596841
0 0.3978655634 0.7124642602 0.0806735015 0.1528931484
0 0.7082534349 0.7231312093 0.1271632801 0.1457818763
