1 0.5398240420 0.0613810340 0.0832964656 0.0609704112
0 0.8067824444 0.5880391470 0.3004136005 0.2733156195
0 0.1913566461 0.1007822807 0.1998919760 0.0512942032
0 0.1960489472 0.2604445343 0.2374303798 0.0801923642
0 0.2317104301 0.4360007627 0.2111534966 0.0903067186
0 0.1791566637 0.6718818661 0.2843533705 0.1098129723
0 0.7943171748 0.5710995972 0.2909226132 0.1394335330
0 0.7497403437 0.8665831286 0.2336765687 0.1278743161
0 0.7774249247 0.2846467378 0.2721534190 0.1011435122
0 0.7337865348 0.1325702420 0.2730918807 0.0845270785
0 0.1876327977 0.6979894406 0.0634315157 0.0822423576
0 0.1648197110 0.1025888137 0.1557967266 0.0599684095
0 0.1714967105 0.2752121628 0.1758277251 0.0693920209
0 0.1776172933 0.4379835509 0.1791662248 0.0573983279
0 0.7345905342 0.1321446768 0.1357656973 0.0796723235
0 0.7557344071 0.3069097619 0.1424426968 0.0659652401
0 0.7991349037 0.5981848733 0.1713763613 0.0933793593
0 0.7690883855 0.8676143664 0.0667699949 0.0736754770
0 0.1759480486 0.9275828154 0.1424427174 0.0908093015
0 0.8396675084 0.6099273223 0.0687061040 0.0765578931
0 0.3193921844 0.6901063182 0.2895886354 0.0592908607
0 0.2978270919 0.4108462732 0.2803464639 0.1079093969
0 0.2824234214 0.2590616245 0.2279740253 0.0652199563
0 0.2377528643 0.0823747982 0.2741850265 0.0913079609
0 0.7106449423 0.5946479983 0.3142344671 0.1197675564
0 0.6883096509 0.2922645201 0.2603217231 0.1007945138
0 0.6420986805 0.1315862320 0.2479987867 0.0592908844
