0 0.7947602337 0.7194408451 0.3614350308 0.3237738190
0 0.7019747627 0.7399942985 0.2038729636 0.1932946945
0 0.6956418182 0.2250371814 0.0579536730 0.1135219546
0 0.4477341585 0.1698948088 0.0616376238 0.1648530937
0 0.6762123061 0.1581217509 0.0707015708 0.1381997392
0 0.8931106171 0.1236126217 0.0664566474 0.1547334038
0 0.2878235108 0.1650133048 0.0663779392 0.2282976792
0 0.1332479885 0.1526659488 0.0408479481 0.1990085937
1 0.8327182539 0.7257617030 0.1339594177 0.1029923680
0 0.9510726269 0.6332456821 0.0650030450 0.1469531979
0 0.6908845465 0.7232075861 0.0701044222 0.1546366817
0 0.4337956602 0.7412314057 0.0791174437 0.1180087406
0 0.2517366728 0.7502569240 0.0494119576 0.1755592278
0 0.0987443393 0.7772941682 0.0385472471 0.0966751062
0 0.5838368985 0.9226242694 0.0753863020 0.1454902754
