0 0.4330523980 0.2572828924 0.1224061757 0.1683860992
0 0.2061868548 0.3503695910 0.0699463646 0.1434839256
0 0.5987148533 0.1665678503 0.1113619831 0.1766868257
0 0.4248055557 0.2559533412 0.1188441685 0.1390029117
0 0.2051270626 0.3600469460 0.0683112489 0.1339662347
0 0.5915448266 0.1614607002 0.1112069983 0.1428439076
0 0.7539512054 0.0340922895 0.0544292424 0.0508676909
1 0.3825815704 0.4434418576 0.0733640313 0.0832350286
1 0.3249078018 0.4962592744 0.0555537689 0.0527564060
1 0.4509817110 0.4314363882 0.0494371177 0.0589309267
0 0.4611596348 0.8338753628 0.0911446255 0.1603719400
0 0.7325826726 0.6913911006 0.0961042887 0.1655209727
0 0.8946560380 0.5543403048 0.0598740917 0.1571287117
1 0.4722643718 0.6288804985 0.4301624947 0.1023717143
0 0.1751961882 0.9257293580 0.1082607026 0.0286129894
0 0.4551010179 0.8559852874 0.0721737892 0.0512649597
0 0.7382444855 0.7600127080 0.0980823260 0.0691479687
0 0.9117391630 0.6163518776 0.0453399488 0.0417272317
0 0.2052686004 0.3409522919 0.0296097698 0.0488804304
0 0.4324310246 0.2294810443 0.0860533800 0.0619947092
0 0.5897329280 0.1478149353 0.0730991305 0.0774934077
1 0.4178758714 0.7126412806 0.6123521436 0.1118435438
0 0.7325437566 0.6925823804 0.0773695531 0.1689809609
