1 0.8573451000 0.5839985388 0.1012506056 0.1282480855
1 0.8751652207 0.4368285928 0.0234901133 0.0588679784
1 0.4859577977 0.1340790307 0.0453602872 0.0294339892
1 0.7779164396 0.4524756776 0.1949758761 0.1482166109
1 0.5862235294 0.6357970414 0.0986141392 0.1833530480
0 0.1496180177 0.1462937374 0.2179096074 0.1715345376
0 0.5764968911 0.6551684783 0.0909033329 0.1697447052
0 0.7512556840 0.6296862187 0.0916389722 0.1742830436
0 0.3003698068 0.6789298208 0.0931827358 0.1552582913
0 0.4474523737 0.0906897723 0.1012136060 0.1374339303
0 0.5667838794 0.0504975747 0.0699351229 0.0965261192
0 0.7192459461 0.0360518815 0.0544845542 0.0677788576
