0 0.5166171046 0.7223455614 0.0778641276 0.2283177530
1 0.4497183243 0.2223810011 0.0241987021 0.0420485466
0 0.4943821029 0.8139833758 0.2535717275 0.1627610237
0 0.7948351567 0.7638436594 0.1220681974 0.1596754505
1 0.5412634292 0.2288922156 0.0866861627 0.0987365353
1 0.6367730056 0.5807553199 0.1890542436 0.1487765404
1 0.4286840269 0.6146061313 0.1424066147 0.1666338028
1 0.4598588471 0.3616413363 0.2028001087 0.1951943428
0 0.5148744489 0.6880061488 0.1026159608 0.3653403990
1 0.4247910339 0.3053772588 0.0517810406 0.1826678614
1 0.6845890461 0.3216661146 0.0767787518 0.1733599509
1 0.8720722010 0.3111947090 0.0499954979 0.1338013188
1 0.5238892395 0.6247551703 0.0678510383 0.1419457220
1 0.7993108542 0.6276639138 0.0383893759 0.1780139062
0 0.4334001258 0.1772724305 0.1058881023 0.1599896277
0 0.6746730616 0.2062436750 0.1004068356 0.1583978468
0 0.8537107033 0.1996030254 0.0926659461 0.1659664523
0 0.5168382626 0.7381026976 0.1251463937 0.2084149268
0 0.8001878946 0.7274388467 0.0687633552 0.1119564918
0 0.9737210415 0.7145422166 0.0456959942 0.1075341994
