1 0.7115028882 0.6255215039 0.0355641343 0.0515094914
1 0.7947553330 0.6050228147 0.0339474968 0.0546631056
1 0.8771993833 0.6344568097 0.0533460879 0.0861995430
0 0.3817266207 0.8068558465 0.3847390592 0.2796228549
1 0.5690899061 0.5157883096 0.4244711497 0.2718010594
1 0.4364705328 0.5974474714 0.0593578618 0.0847171903
0 0.2699881250 0.7744134969 0.0981477456 0.1519612597
0 0.5349870419 0.7956881097 0.0859961527 0.1726279309
0 0.7504447928 0.7616487883 0.0738445221 0.1604710655
0 0.9201001778 0.7221388529 0.0766487358 0.1884320034
1 0.1237012185 0.7829233764 0.1140383421 0.0814512931
1 0.4069276075 0.8035900722 0.0953435319 0.0814512439
1 0.3877654424 0.2060784671 0.0813224632 0.0875296766
0 0.2802702799 0.2243138266 0.0514107365 0.1361572610
1 0.1709056084 0.1908823547 0.0532802029 0.1130591553
0 0.5097490616 0.2176275322 0.0803876874 0.1446671036
0 0.6780023776 0.2030392446 0.0878655908 0.1300788160
0 0.8537336347 0.1714313024 0.0766487358 0.1470984644
