1 0.2980759271 0.6032817221 0.0397622730 0.0641241020
0 0.6060305903 0.7267993838 0.5079831570 0.3195689853
0 0.4912788948 0.7909404672 0.1190366993 0.1276470395
0 0.8202831518 0.7399673401 0.2188953074 0.1610579968
0 0.7981290876 0.1771209845 0.1931039930 0.1542044854
0 0.5097957465 0.1501351960 0.0952293669 0.0933793910
0 0.2555200886 0.1625572247 0.0747285897 0.1045163646
0 0.0739891055 0.1488501562 0.0925841054 0.1593446205
0 0.1993083129 0.7588145468 0.0707607010 0.1010896119
0 0.0270748280 0.7035579636 0.0541496560 0.1156533625
1 0.3939088083 0.1915331032 0.0864597693 0.0853357124
0 0.8515965635 0.1141976203 0.2442831410 0.2257840452
0 0.4914780700 0.7770106710 0.0819490525 0.0717295516
0 0.5130727459 0.1687438330 0.0609080688 0.0545144856
0 0.2461846143 0.1673092441 0.0387596819 0.0545144734
0 0.0734271626 0.1328790449 0.0586932386 0.0459069404
0 0.4914880854 0.7318643733 0.0760136664 0.1908632863
0 0.2033868231 0.7251780917 0.0384760834 0.1847848396
1 0.3253840952 0.7500997136 0.1004131303 0.0765884680
0 0.0311829876 0.7057270328 0.0319069920 0.1556082757
0 0.5111953113 0.2091176848 0.0685061159 0.1835692187
0 0.2550010634 0.1945294028 0.0516142214 0.1446671009
0 0.0757589069 0.1738626741 0.0478604650 0.1373729843
1 0.6355387118 0.1823725277 0.0469220778 0.0887453249
1 0.6327233804 0.7440212424 0.1238742446 0.0790198565
