1 0.8415043441 0.6749285341 0.0337753532 0.0325876419
1 0.6690088011 0.7569232222 0.0442296148 0.0683288821
1 0.7124342391 0.1151571867 0.0587047985 0.0840971075
1 0.4659544804 0.1025426212 0.0498588529 0.0630728152
0 0.6135206346 0.7811011374 0.1777227493 0.2638547338
1 0.8636191892 0.5960875182 0.0281461528 0.0367924560
1 0.5110629712 0.6979297092 0.0731096616 0.1489161104
0 0.6155112225 0.8528788265 0.0729056071 0.0605721377
1 0.6711831927 0.7404341578 0.0464762521 0.0757448756
1 0.8510287727 0.6883922629 0.0538940807 0.0543825216
1 0.6571990457 0.7582243763 0.0368749728 0.0729220120
1 0.6207968972 0.5530539091 0.0453845268 0.0828097566
1 0.9736022760 0.4909615420 0.0488063079 0.0858837674
