0 0.6303535694 0.4468990461 0.0801265616 0.1759303017
0 0.8047164546 0.5033807058 0.0621522291 0.1908983868
0 0.3121962293 0.4039876111 0.0720925605 0.2112576791
1 0.1740880336 0.2535443827 0.2566316844 0.1566308259
1 0.7355585074 0.3863302896 0.1398783061 0.2196615823
1 0.4338931317 0.2674932665 0.1299770649 0.1061721260
1 0.6074449882 0.2841580104 0.0889089933 0.0765904748
0 0.7934236877 0.7010642765 0.0670615017 0.3912918489
0 0.6203644857 0.6470442387 0.1218525689 0.3453329895
0 0.2912931408 0.5980880748 0.1416916154 0.3951612244
