0 0.8258640554 0.2090534336 0.1309655822 0.2029490990
0 0.6423825368 0.7401036100 0.0959550083 0.2063315871
1 0.3409586519 0.3196182805 0.0580301002 0.1187871728
1 0.4469442462 0.5950362950 0.0475524298 0.0557143586
1 0.6810797134 0.7043625260 0.0402986885 0.0788410178
1 0.8120504700 0.5976643043 0.0604480706 0.1282480654
0 0.6468257715 0.7784730728 0.1378215374 0.2943398981
0 0.6393311567 0.7298311814 0.0991001318 0.2098896559
0 0.8148563876 0.1518525685 0.1430210076 0.1043594397
0 0.6284311313 0.7922797276 0.0725503676 0.0700982119
