0 0.3676886895 0.7282648921 0.0750978009 0.1860366760
1 0.5335372775 0.6532143841 0.1207190174 0.0861994665
1 0.4248901870 0.6458558895 0.0885272648 0.1219408079
1 0.3512516012 0.3068394513 0.0329965300 0.0599192110
1 0.4413525101 0.6373896233 0.1024900709 0.0935193725
0 0.3296101416 0.2235617657 0.0462766291 0.0604461423
0 0.5677986440 0.2297841684 0.0680538533 0.0871135357
0 0.7406554893 0.2084502352 0.0353880641 0.0800022213
0 0.9237203937 0.2031167545 0.0558041824 0.0693352598
0 0.3820116062 0.7631322930 0.0476377036 0.0444456693
0 0.6419773957 0.7666879811 0.0503598842 0.0906691622
0 0.8236812255 0.7391316348 0.0544431078 0.0853356917
