1 0.3447610200 0.5862005278 0.0954813765 0.1420643839
0 0.6190853910 0.5624502776 0.1335525938 0.2273546865
0 0.9146559582 0.5955003016 0.1706880835 0.2449522606
1 0.3401044533 0.5590585750 0.1350982572 0.1792786768
1 0.6432245497 0.6379718032 0.0479659609 0.0788410025
1 0.3485185842 0.5722709760 0.0975578001 0.1702966377
1 0.3446763644 0.5630134723 0.1594196898 0.2689677621
0 0.6157750747 0.5205739054 0.1014488952 0.0694466218
1 0.4131111074 0.1515597702 0.1182436539 0.1724492448
0 0.2577444165 0.4609016803 0.0797457385 0.1013361470
0 0.4309851301 0.5080141261 0.0439976553 0.0782243959
0 0.6159127534 0.5480152188 0.0976198179 0.0586683214
0 0.9176067340 0.5177921634 0.1647865319 0.1511153259
