0 0.5690474917 0.8094732582 0.1486846962 0.1047926759
1 0.6814015392 0.2634818926 0.0856704240 0.1462641526
0 0.8130344537 0.7570709253 0.0762127663 0.2407066203
0 0.6178553408 0.7661886254 0.0948012532 0.2200398796
0 0.8158227192 0.1923829112 0.0948013287 0.2321967801
1 0.6759444002 0.2628929798 0.0920130255 0.1811378251
0 0.6248546737 0.8289317545 0.1118905311 0.1383966987
0 0.8157293558 0.8330957633 0.0824973504 0.1622208369
0 0.8100924309 0.1131986319 0.1353336518 0.1877347581
1 0.6601037401 0.2550187971 0.1178900456 0.2021415791
0 0.6337058842 0.1146981171 0.1161569942 0.1496846346
0 0.3722687333 0.1077900688 0.1192310838 0.1624523524
1 0.6772165570 0.2561807902 0.0935080473 0.1627352074
