1 0.9587640360 0.7059510066 0.0639492481 0.0651763995
1 0.8335866462 0.7275012112 0.1428653781 0.0683299772
1 0.7165730454 0.2292176635 0.5347250029 0.4509781552
1 0.5410525931 0.5440613739 0.3959414275 0.2691151700
1 0.2111013649 0.2018856472 0.3455983880 0.2260146819
0 0.6796072561 0.7250211336 0.3038880823 0.2406885901
0 0.3805253861 0.8592899924 0.1821617917 0.2206785848
0 0.1831609056 0.9109230850 0.1479604970 0.1337709570
0 0.7130010394 0.7707690493 0.1844401178 0.3019287740
0 0.4103824169 0.8479369171 0.1420682263 0.1691208162
0 0.1835158485 0.9056179155 0.0907045396 0.1214843119
1 0.7864116146 0.3650940178 0.1647033896 0.3317580743
0 0.1589363787 0.9041493497 0.2553275016 0.1456639489
0 0.3934022731 0.8703492157 0.2038202088 0.1961144420
0 0.6817229918 0.7286300304 0.3628230577 0.2446110531
1 0.6232001161 0.9437725530 0.1676382620 0.0775493454
0 0.6564910174 0.6239077546 0.4185550549 0.2698882820
0 0.6546878266 0.6348929314 0.2194642950 0.3403231993
1 0.3542862806 0.8574315586 0.3035145227 0.2851368828
