0 0.2643518236 0.8610273822 0.1076507804 0.2046403301
0 0.1909678028 0.7779475137 0.3724484436 0.4026148577
0 0.0881655232 0.8545309348 0.0570709008 0.1488372864
0 0.2810258005 0.8570970793 0.0511670086 0.1514033899
1 0.4684741614 0.5356856797 0.2213956962 0.0500400854
1 0.7095495876 0.5684041971 0.0619908176 0.0744186432
0 0.8340231555 0.1481956785 0.1043019366 0.0526062709
0 0.3248129535 0.1610264730 0.0482150664 0.0603047251
0 0.5934397878 0.1552526221 0.0265674483 0.0436247137
1 0.1413004985 0.3958300223 0.1220136449 0.0834001286
1 0.7621925515 0.3720930416 0.1102058840 0.0615878179
0 0.1717795401 0.8946726529 0.2696576406 0.0663322854
1 0.8239308240 0.2573653672 0.1100115410 0.2808243957
1 0.1812428558 0.7617245580 0.2634968317 0.4717101025
0 0.8338803729 0.1865897522 0.1696652692 0.1483159941
0 0.5945481157 0.1872077383 0.0777237859 0.1050571732
0 0.3286760005 0.1853537903 0.0805673191 0.1186528055
0 0.0689649233 0.1593984823 0.1222727354 0.0988773225
0 0.0722824016 0.8218765926 0.1270119902 0.2150581734
0 0.3229888869 0.7829436743 0.1260641333 0.1693274492
1 0.2296256134 0.9263157899 0.0530796376 0.0778658366
0 0.6490495199 0.7613142433 0.0995243224 0.1977546451
0 0.8566287957 0.7971572722 0.0672973822 0.1903388120
