0 0.1002063879 0.1719074198 0.0694908990 0.1470442867
0 0.5317814475 0.1606419336 0.0585186468 0.1126549033
0 0.2844487074 0.2116330942 0.0630904323 0.1482301155
0 0.5514400669 0.7458544979 0.0795488067 0.1897346149
0 0.3789425557 0.5695443447 0.1194202827 0.2238474583
0 0.5346167749 0.7342957607 0.0759269143 0.1349416124
0 0.2623110276 0.7452369874 0.0637411428 0.1227846938
0 0.0809300603 0.7525311181 0.0459310882 0.1252160775
0 0.5257117772 0.1264507739 0.0356200856 0.1616867873
0 0.2843391990 0.1993921500 0.0346826677 0.1276474408
0 0.1006148149 0.1823724946 0.0628037406 0.1470984901
0 0.8720697132 0.4097065350 0.2109080391 0.6236489835
0 0.5465048935 0.7632714034 0.0731374341 0.2143434826
0 0.2919486980 0.1781383443 0.0370436242 0.1207221801
0 0.0924830434 0.1436463246 0.0560403434 0.1921700025
0 0.2701024649 0.7792855434 0.0693380666 0.1527506238
