0 0.8410487842 0.3680302243 0.1910421720 0.1961841465
1 0.7060016714 0.2251202364 0.0746601474 0.0794883870
1 0.6964450959 0.2322811972 0.0476093908 0.0744473475
1 0.3350465631 0.1989465559 0.0403957982 0.0522242639
1 0.4569554688 0.9006406733 0.3678907579 0.1911187024
0 0.6666686766 0.2160848535 0.1914394748 0.2613763750
0 0.3850410831 0.2253665371 0.1877220318 0.3359812782
0 0.8512622874 0.3222103474 0.1450525920 0.2070575817
1 0.6987833208 0.2341486850 0.0588810008 0.0987228962
0 0.7506335269 0.5387598200 0.2049745949 0.2222698836
0 0.3770615362 0.4206485314 0.1028012512 0.3053876036
0 0.6035508802 0.4703202968 0.0704625037 0.3120556944
1 0.7015758843 0.2292795201 0.0555097108 0.0623821156
1 0.2437424814 0.1685780077 0.2055789989 0.1412741225
0 0.4323828707 0.9351030117 0.1417805251 0.0690380910
