1 0.7311923939 0.3567721058 0.1129089134 0.0504582329
1 0.2682657257 0.6311388897 0.0145168630 0.0294339675
0 0.8485370760 0.8303439345 0.2830788444 0.3332347908
1 0.2078266252 0.6024857854 0.1437730153 0.1393975884
0 0.0471697283 0.1578134548 0.0943394566 0.2077053942
0 0.2128265823 0.1821339248 0.1096104416 0.2169918387
0 0.3783880511 0.1784236057 0.0749972403 0.2110844237
0 0.6379296963 0.2086352492 0.1128809377 0.1942236522
0 0.0897332343 0.7194935341 0.1213215070 0.2050330174
0 0.2690431898 0.6912637660 0.1431161690 0.2215580288
0 0.5405182500 0.7340246549 0.1406543019 0.2122208022
