1 0.2214749733 0.6082328940 0.0341396608 0.0466682866
1 0.1668515097 0.6337893915 0.0324326983 0.0422236605
1 0.1011326318 0.5682315261 0.0290187101 0.0466683277
1 0.2393983008 0.2843327895 0.0870561619 0.0522240487
1 0.0891837442 0.2982221639 0.0990050417 0.0955588657
0 0.0798914615 0.6918711701 0.1193108174 0.3226908969
0 0.2517158556 0.6393655535 0.0932640881 0.2220551113
0 0.4612067560 0.1177821147 0.0560881494 0.1746479148
0 0.6963125035 0.1841104153 0.0568109674 0.1409144543
0 0.9395540289 0.2096639206 0.0541235250 0.2221859523
0 0.2055214039 0.1766532528 0.0492335728 0.1296480287
0 0.0332123873 0.1652946061 0.0289126371 0.1734586855
0 0.0924002784 0.6722626185 0.0867360709 0.2159221063
0 0.2660649223 0.6759104767 0.0907437816 0.2007785190
0 0.5317611378 0.6315411056 0.0679394898 0.1412163089
0 0.8078650244 0.6280783887 0.0707720328 0.1165819605
1 0.2989965008 0.3297381645 0.0755030946 0.0557510705
1 0.5912206425 0.3103469581 0.0950821586 0.1606652396
1 0.8041264315 0.3161762166 0.0881134096 0.1106861043
1 0.3607116604 0.5440499031 0.0656299473 0.0474258793
0 0.6306942452 0.4518757535 0.3632446668 0.3707854484
