1 0.1647333319 0.2285027194 0.1177773390 0.1944928885
1 0.1707124965 0.2006666988 0.0886606960 0.1986795448
0 0.7372461560 0.7557078902 0.3936860136 0.4089224084
0 0.7618508727 0.1644128608 0.1499465743 0.1678881848
0 0.4924657619 0.1732126872 0.1082176839 0.1150483526
0 0.2291421458 0.1577947992 0.1064795476 0.1418096274
0 0.9412640749 0.1594910771 0.1174718502 0.1649989852
0 0.8289474762 0.7097321169 0.0884259439 0.1922370635
0 0.5556604209 0.6909177481 0.1116312144 0.2014847966
0 0.2727023279 0.6738393270 0.1136586513 0.1870818724
0 0.9817515504 0.7007928687 0.0364968992 0.1522715863
