0 0.8014848005 0.2566871308 0.1115498523 0.1679709548
0 0.5533366381 0.2624498325 0.0725443037 0.1372274313
0 0.3846643218 0.2697387530 0.0574377543 0.1518243124
0 0.2145554159 0.2392152661 0.0797216645 0.1438706506
0 0.0304565465 0.2050020577 0.0594105313 0.1930688089
0 0.2910638627 0.7725517896 0.0792465685 0.1643942988
0 0.4639763417 0.7571214963 0.0948657277 0.1114391505
0 0.7412720676 0.7712629629 0.1004508877 0.1905592996
0 0.4516811371 0.7442017632 0.6924629211 0.1352855984
1 0.7156763987 0.5987013689 0.1571571698 0.1777478514
1 0.3882242258 0.3866729324 0.1194074639 0.1883837322
1 0.1148176233 0.6796706648 0.1068453967 0.1953733703
0 0.4560698671 0.7468433161 0.0765451455 0.1044953196
0 0.7482774663 0.7771751512 0.0913953346 0.1274922620
0 0.2940189235 0.7594871135 0.0535958793 0.0777104060
0 0.1160123873 0.7773071948 0.0466773559 0.1051551257
0 0.5591590058 0.2256872266 0.0746779382 0.0832181386
0 0.8157366044 0.2195733358 0.0732513681 0.0800991844
0 0.3914454607 0.2265600994 0.0586308523 0.0565772614
