0 0.5142426545 0.7673011729 0.6765978550 0.3311229322
0 0.4135877611 0.7990790246 0.1369999274 0.1267903373
0 0.6289674426 0.8209246949 0.1053845353 0.1087997949
0 0.5193016281 0.1051588891 0.1284374320 0.1199368163
0 0.3210469375 0.1325730189 0.1192162733 0.0908093139
0 0.7425851418 0.1090140016 0.1758604886 0.0899526097
0 0.9385345742 0.1227210640 0.0974807661 0.1036596721
0 0.7946187778 0.8085026479 0.0414952139 0.0976628041
0 0.3163977939 0.7936820421 0.3083138638 0.0954692252
0 0.7485621465 0.1392155231 0.1467421840 0.1337258870
0 0.5270468414 0.1355684575 0.1018782892 0.1264317557
0 0.9439068333 0.1489410272 0.0869236996 0.1653338592
0 0.6368698262 0.8200019580 0.1121596266 0.0923923979
0 0.8041746220 0.7786684177 0.0411251607 0.1823535484
0 0.2382357846 0.5318833524 0.3785387557 0.5178839152
0 0.6350616046 0.8090892408 0.1234848920 0.1007483156
0 0.8056953044 0.7879175378 0.0516391435 0.1051286736
0 0.7490045097 0.1235626938 0.1627755967 0.1168096350
0 0.7904613641 0.8856122113 0.0653416936 0.1775573321
0 0.6307565160 0.8915116893 0.1257232257 0.2051438300
0 0.4077572030 0.8389154831 0.1463239451 0.1327468770
0 0.7430999724 0.0666122405 0.1319408121 0.1214581854
0 0.5260391944 0.0599788535 0.1069886766 0.1062832730
0 0.2956827752 0.0789607749 0.1679679784 0.1471541584
1 0.8333135237 0.7338908560 0.0341046691 0.0779479571
