1 0.5454162033 0.5719095948 0.0576999617 0.0767386371
1 0.3743198159 0.6197398074 0.0520902280 0.0672776442
1 0.1447220649 0.6270982997 0.1105915870 0.0693801695
0 0.2012199367 0.5750632344 0.3886733326 0.3878978899
0 0.0803277734 0.6376904939 0.0361915541 0.1000802106
0 0.3268216074 0.5799519527 0.0498856721 0.0153969707
0 0.4926180427 0.5234964348 0.0313007496 0.0846832399
0 0.8105168472 0.3868484682 0.0254318426 0.0577385906
0 0.6633052120 0.4785886448 0.0361915871 0.0513231532
0 0.3291785535 0.5897472799 0.1683337176 0.1288059250
1 0.6996577322 0.6167420422 0.1616589582 0.1737900213
0 0.0856959673 0.6342398331 0.1070701905 0.1422261474
0 0.3296533655 0.5746826172 0.1233340416 0.1048918072
0 0.5112660914 0.5720158751 0.1152020866 0.1280035722
0 0.6576405278 0.4937914891 0.0908063347 0.0782243860
0 0.8168904999 0.4040112206 0.0704765414 0.1048918072
