1 0.5562175217 0.3101573444 0.0851384771 0.0662264542
0 0.4780374240 0.7642817190 0.5165615418 0.3605663429
0 0.4776137436 0.6960354194 0.3509160017 0.2988260133
0 0.3700302677 0.2151863672 0.0655658939 0.2881536731
0 0.2019599796 0.2074785569 0.0951166973 0.3106842143
0 0.6115159109 0.2051069269 0.0738770796 0.2087039097
0 0.4848620953 0.8007122149 0.3425468484 0.1672282063
0 0.1958278439 0.8167162988 0.0838000204 0.2402209741
0 0.2033492726 0.1024813538 0.1347816428 0.1844216910
0 0.0421324947 0.1186039202 0.0661590784 0.1635269449
0 0.3697279382 0.0912198329 0.0882548436 0.1824396658
0 0.5982799471 0.0821732120 0.0675117137 0.1493212439
0 0.6152965486 0.1631083866 0.1292114890 0.1946216769
0 0.3712782311 0.1850204519 0.0648565579 0.2140899882
0 0.2112947454 0.6723721949 0.1077837218 0.2022085793
0 0.2109961475 0.1877556279 0.0657324598 0.1278220841
