1 0.7702547322 0.6516704432 0.0858557840 0.1219408068
0 0.6509156092 0.5642143770 0.1146730656 0.1319169092
1 0.8760540605 0.7591059428 0.0798602997 0.3085719751
0 0.5987250735 0.6898218280 0.0960823047 0.3079759631
1 0.1546095267 0.6060422517 0.1156114772 0.1887854151
0 0.6679259404 0.5271057987 0.1742747298 0.1073849843
1 0.6863072018 0.6274258308 0.3796274344 0.6184442564
0 0.6455885527 0.5945535070 0.2179618627 0.1334905867
1 0.7690709209 0.6371949999 0.0670266115 0.0974714695
1 0.3536977547 0.6030010749 0.0359214086 0.0575121123
0 0.3520941260 0.4325485638 0.0766757692 0.2241947731
0 0.6513507562 0.4520535246 0.2778701822 0.3107836007
0 0.8540997242 0.5781685090 0.0980877456 0.2803011362
