1 0.5613251205 0.3348608734 0.0136879369 0.0252291310
1 0.5206639718 0.2575966566 0.0837378156 0.0788410406
1 0.5552863437 0.6323543663 0.0354275636 0.0546631254
0 0.2273993714 0.1811966831 0.0858374061 0.1084907427
0 0.4059227911 0.1913304433 0.0575292818 0.1025297247
0 0.5780541199 0.1919265661 0.0529635875 0.0846466089
0 0.8182160652 0.1579486844 0.0529633986 0.1001452953
0 0.2474889513 0.7373607885 0.0584424471 0.0953764858
0 0.4351440052 0.7468984322 0.0666608970 0.0882232345
0 0.7529248500 0.7403413222 0.0830979102 0.0941842526
1 0.0703352559 0.6330427757 0.0164369282 0.0274207224
1 0.7629696873 0.5418390075 0.0173501596 0.0309973233
