1 0.2696489472 0.6634084567 0.0220733511 0.0722247211
1 0.5638191171 0.6606305430 0.0449957279 0.0577797670
1 0.1779595058 0.2911733074 0.0305631377 0.0544463445
1 0.2698747377 0.6692469604 0.0342469996 0.0424638407
1 0.3672083666 0.1891702700 0.0234321844 0.0731320701
1 0.2790301336 0.6618663692 0.0287568703 0.0532430835
0 0.5768810930 0.8427163250 0.1862887594 0.3134788815
1 0.5250545546 0.6208059177 0.1488157370 0.2302633423
1 0.6603256141 0.3154040547 0.0964946217 0.1685909435
0 0.1923667338 0.1622192272 0.0569987683 0.0909870983
0 0.2763702034 0.7585074472 0.0576131537 0.1159148405
0 0.0921929603 0.7454962518 0.0514176376 0.0902572792
0 0.5735227268 0.7490945136 0.0465748005 0.0976701149
0 0.6596094217 0.1603136733 0.0462546958 0.0764724127
0 0.3766265926 0.1862549593 0.0172751358 0.0957307314
1 0.2697539115 0.6518602795 0.0235739526 0.0359150695
1 0.5686076060 0.6657735567 0.0203264412 0.0425912893
0 0.1946979450 0.1380334883 0.0427152223 0.1513541306
0 0.3790805338 0.1972675616 0.0421193849 0.0960343283
0 0.6542214576 0.1640339715 0.0580729343 0.1396143118
0 0.9277549588 0.1400586346 0.1291479779 0.1931749404
0 0.9176327362 0.6269314395 0.1143352468 0.1878007351
1 0.9382790559 0.7902218719 0.1094393150 0.1036211166
1 0.7746397305 0.1793827806 0.0768531766 0.1086386062
0 0.5930423089 0.8160500307 0.0870932095 0.1030105184
0 0.2784863873 0.7758342277 0.0827745858 0.1106819023
0 0.0904687477 0.7792527886 0.0604516466 0.2274452647
