1 0.5337110314 0.6859838173 0.1410475487 0.0710321433
1 0.6779146431 0.3112085451 0.0413997429 0.0578167459
1 0.8751719766 0.6207910442 0.0251644544 0.0420485685
1 0.5155629402 0.7348477061 0.2800566933 0.2470351611
0 0.5309863130 0.7553463939 0.3563619566 0.3868466993
0 0.8126665856 0.7921388760 0.1534223320 0.3363884661
1 0.4262694840 0.2644295479 0.0446467439 0.0525607004
0 0.8325603895 0.1837411530 0.0753038895 0.1132921098
0 0.4145131387 0.2317827308 0.0387593419 0.0831764859
0 0.1913700655 0.1593618387 0.0398667548 0.1190284244
0 0.8292381350 0.8348122077 0.1018816735 0.1075557033
0 0.6564822236 0.7401631333 0.0863779872 0.1276328811
1 0.5413115951 0.6813659668 0.1749707687 0.0846106080
1 0.9372106190 0.6017746737 0.0874853843 0.1204624954
1 0.8015528907 0.4605180721 0.0775186838 0.0616653085
0 0.5267042680 0.6647717938 0.3102085334 0.1591700933
0 0.8492041028 0.8246997642 0.1123773874 0.1788768551
1 0.8644218760 0.3956986137 0.0819418411 0.1273360338
0 0.2592574585 0.8044861860 0.2803253773 0.2210329190
0 0.6352370081 0.8524469994 0.0935233881 0.1956182882
0 0.8265925951 0.8670808212 0.1131017385 0.2437961336
0 0.8278658843 0.1112145363 0.0951227235 0.2224290727
0 0.6457768590 0.1098383671 0.0614847231 0.2196767341
0 0.4094440050 0.1288269305 0.0790234400 0.2265399116
0 0.1960362206 0.1615092530 0.0595001662 0.2046136811
