0 0.5398949596 0.8015732304 0.2607989959 0.2656231952
0 0.8157400363 0.7867505063 0.0829815059 0.2454642839
0 0.2458121839 0.6918850560 0.0957478841 0.1814300373
0 0.8622461442 0.2163721977 0.0866290425 0.1885450117
0 0.7136089788 0.2602474561 0.0629200228 0.1672002936
0 0.4664882611 0.2531325381 0.0793339692 0.1861733570
0 0.5620960009 0.7680845978 0.2572548248 0.3883682169
0 0.5541268124 0.8095106720 0.2116415019 0.1726110315
0 0.2463111109 0.7003417066 0.0941349158 0.1555255357
0 0.8052207612 0.8123381830 0.0717934936 0.2108012374
1 0.3183843726 0.8316189345 0.0456667562 0.0530779439
1 0.3372452926 0.1990571637 0.0376485662 0.0760341665
1 0.5968610266 0.2766267612 0.0684403136 0.0745689843
0 0.4660132751 0.2349341608 0.0694011363 0.1211237754
0 0.1462609402 0.1734113745 0.2016052128 0.1622894964
0 0.8616936105 0.2071583348 0.0550663280 0.1465688521
0 0.7150833800 0.2229567651 0.0331147423 0.1581247494
