1 0.0723203849 0.7355150389 0.1446407698 0.2152942546
0 0.5083493036 0.1705057089 0.2967074459 0.1058902185
1 0.0628004847 0.7197045632 0.0962333255 0.2136442314
1 0.5100839741 0.3570154925 0.2376936215 0.1298010866
1 0.3150041683 0.3452324852 0.1370132626 0.1599897119
1 0.7462933882 0.3571913512 0.2150325551 0.2061962387
0 0.4979967862 0.2408887190 0.2896591120 0.1513749033
0 0.2102910350 0.2567969757 0.0676958961 0.1314113580
0 0.0451835722 0.2980174463 0.0352303075 0.2505347736
0 0.1345714364 0.7524435296 0.0853708110 0.1338910840
0 0.3086577010 0.7736788753 0.0649174565 0.1308328079
1 0.4554898575 0.7156277999 0.2258533296 0.1712425750
0 0.5950674459 0.7520634920 0.0666321971 0.2120318860
0 0.5916994716 0.8245387401 0.0675525559 0.1028635957
0 0.3054317175 0.7984606548 0.0819490016 0.0622976852
0 0.1376577789 0.7846972024 0.0586932011 0.0985172605
0 0.5053207596 0.2421278846 0.3001103917 0.1695076409
0 0.2124085435 0.2283644568 0.0708747821 0.0898245654
0 0.0451883140 0.2174985879 0.0598006098 0.1144538929
1 0.3021094724 0.4645161305 0.1661128207 0.0753366909
1 0.1310132651 0.4703112605 0.1782944112 0.0956197202
1 0.4543795423 0.5775212161 0.2668879408 0.0579513007
