1 0.5462848887 0.7012088844 0.0375741473 0.0599192119
1 0.8227814381 0.7059393112 0.0955689859 0.0861994779
1 0.2411992852 0.6502249928 0.1037372467 0.1808087834
0 0.3208455205 0.1737826014 0.0953188424 0.1244478927
0 0.6095648313 0.1871163057 0.0732159128 0.0942248325
0 0.7822438485 0.2155615400 0.0980816732 0.1511153012
0 0.9245313493 0.2137837141 0.0566386764 0.1475596494
0 0.2876911576 0.7862440429 0.0759787751 0.0871135492
0 0.5736475904 0.7844662170 0.0483500896 0.0906692009
0 0.7525430791 0.8111336457 0.0607830327 0.1262257995
0 0.0784041820 0.1684491288 0.0524944184 0.1493374854
1 0.3214803709 0.6628331007 0.0525461780 0.0612445930
1 0.2535635480 0.6502571890 0.0571285291 0.0633064407
0 0.7729397586 0.2237059515 0.0708474848 0.1616867601
0 0.9377781154 0.2291765561 0.0604564223 0.1726279692
0 0.6010166722 0.2310000976 0.0632903141 0.1543926343
0 0.3157376605 0.1957450902 0.0462869630 0.1641181455
0 0.5759839295 0.7652958389 0.0585672239 0.1556083421
0 0.7488516779 0.7962959547 0.0661242060 0.1568240298
0 0.2845647873 0.7555704793 0.0632903770 0.1896476366
0 0.0564360466 0.1969607880 0.0755706045 0.1714122916
