1 0.5508949773 0.6912223214 0.0443112396 0.1051213064
0 0.2004333437 0.7406294161 0.3198465944 0.3006472031
1 0.1371786113 0.7099414087 0.0506249243 0.0766707335
1 0.5417260301 0.7105312437 0.0370647105 0.1203141627
0 0.2229935284 0.8122013270 0.2665690893 0.0779838331
0 0.5249473552 0.1817351976 0.1531226658 0.1381463574
0 0.2323064484 0.7265265086 0.2269837451 0.1826480138
0 0.5716048997 0.7385074464 0.0915906487 0.0819703383
1 0.5404552686 0.6862707980 0.0613407421 0.0678033089
1 0.1450867685 0.7147188399 0.0568488306 0.0426341473
1 0.8911866496 0.6156212877 0.0239669130 0.0458821395
