0 0.8922781592 0.1101157447 0.0846233338 0.2080228329
0 0.3893195644 0.8205463040 0.1058880391 0.1660144765
0 0.7051580738 0.7671845139 0.0675492778 0.1873592254
0 0.8895493225 0.7150085203 0.0730262752 0.1968456802
0 0.2523953457 0.2976007051 0.0565953302 0.1541563260
0 0.5349156458 0.2371240021 0.0940212954 0.1446697686
0 0.7211325814 0.1831692983 0.1195804697 0.1766868407
0 0.8973083970 0.1238784156 0.0666364343 0.2075180995
1 0.2520949299 0.4131436809 0.0762011769 0.1700443760
1 0.7395194774 0.2945410718 0.0591789676 0.1613740613
0 0.3849383580 0.7730200162 0.1053814442 0.2910315401
0 0.7007619954 0.7100279818 0.0989759103 0.2785179794
0 0.0125396583 0.1862273985 0.0191596979 0.1102252878
0 0.2554572471 0.2680074425 0.0615847253 0.0960026813
0 0.5510640073 0.2315619889 0.0780073502 0.1048917873
0 0.7269226800 0.1720047766 0.1313808104 0.1102252776
0 0.9055184307 0.0848912488 0.0834815059 0.1280035588
0 0.0795985970 0.8511347617 0.1259065777 0.1884496545
0 0.3991549867 0.8715797342 0.1026412403 0.1155587473
0 0.7063944383 0.8084669216 0.0629532958 0.0640017602
0 0.8843058879 0.7462429744 0.0492677802 0.0782244282
0 0.3882937602 0.8455689543 0.0899550215 0.0435045304
0 0.6981189805 0.1454179210 0.0496137198 0.0342956256
