1 0.3805810348 0.6155773970 0.1106340984 0.0743117284
1 0.2270985014 0.7651813368 0.1373915581 0.0746373977
0 0.3038761051 0.4808232830 0.5527988845 0.6727879545
1 0.2530897956 0.6610775467 0.3903251288 0.2673156738
0 0.1929140781 0.5742895196 0.3711765698 0.1390348337
1 0.8308083891 0.8071412692 0.2131999109 0.1569347075
0 0.1893318425 0.5960077216 0.3041533910 0.2024468415
1 0.9164484197 0.6616870518 0.1378194379 0.2039922784
0 0.6851071958 0.6382351840 0.0784881284 0.1247800952
0 0.2172924506 0.6583641108 0.3698997647 0.2531891983
