0 0.1733703660 0.8369557444 0.2686826708 0.1607512075
0 0.1445829158 0.2466563702 0.1080791063 0.2793381389
0 0.1271284242 0.3139707149 0.1239474972 0.2658137245
0 0.1146535437 0.2657983366 0.1187563779 0.2262520248
0 0.3206598968 0.2646169916 0.0573233851 0.1464256883
0 0.2358080813 0.8188173354 0.0737206609 0.1203891161
0 0.7082599503 0.7477584950 0.0608495611 0.1013731976
0 0.4382520565 0.7736133511 0.0732611620 0.0760904784
0 0.0926055366 0.8220074674 0.0365767084 0.0977608114
0 0.2384551323 0.7975672154 0.0301757737 0.0846467122
0 0.4313972577 0.7600127412 0.0374910899 0.0977608606
0 0.7166955898 0.7463023565 0.0411487858 0.0989531364
0 0.1268961922 0.2664394333 0.0411488046 0.1287582606
0 0.3180094697 0.2467680139 0.0393199756 0.0774934017
0 0.5959924196 0.2414030925 0.0393199944 0.0596102977
0 0.4384232416 0.7527590497 0.1258779934 0.1847848946
