1 0.5868738700 0.6311851170 0.0273446192 0.0766693459
1 0.6120821832 0.3078405408 0.0230720071 0.0633355231
1 0.8146031619 0.1839473620 0.0333261779 0.0511129014
1 0.2711291523 0.6250737631 0.0213629661 0.0866696270
0 0.3772971894 0.1083122724 0.1085996457 0.1628369187
0 0.6130040408 0.1168121969 0.0998578240 0.1946214578
0 0.1885887973 0.1129925493 0.0921313212 0.1784030589
0 0.1058880951 0.8383292968 0.0997962267 0.3133139495
0 0.2940612226 0.8468838506 0.1028358105 0.2677903721
0 0.5823224425 0.8562087153 0.1127445186 0.2454177930
0 0.8498174992 0.8344447924 0.0915558334 0.3061494935
0 0.0461538994 0.1093256761 0.0577790677 0.1100691828
