0 0.1262906054 0.0726065927 0.1410079106 0.0484043951
0 0.1892236674 0.2203483558 0.2138777726 0.0996985961
0 0.2095704375 0.4038515778 0.2186095613 0.1098129639
0 0.2270781307 0.6473184657 0.2687667403 0.1025884397
0 0.8578282342 0.7950602289 0.2602494727 0.0787473856
0 0.8128760633 0.5053563144 0.2895866437 0.0946414217
0 0.7655579796 0.2239606273 0.2744448510 0.1257069247
0 0.7196594682 0.0624922413 0.2772840449 0.0845270774
0 0.1764477814 0.8712790742 0.2924257945 0.0592411815
0 0.1561390105 0.2291081464 0.1615325768 0.4016017855
