0 0.6214014138 0.7409492070 0.1098836263 0.1843453904
0 0.8347932325 0.1172290882 0.1449443868 0.2303258821
0 0.5948287287 0.1451633694 0.1295251679 0.2588224417
0 0.3398472616 0.2727819879 0.0766133878 0.2672791891
0 0.5964412788 0.2814292628 0.1143119820 0.2971515821
0 0.8423945660 0.2212914333 0.1222165701 0.2350484531
0 0.6254299861 0.7369606267 0.0972254766 0.1695752898
0 0.9116031737 0.6770756921 0.0642055200 0.1802478508
0 0.8698695825 0.2513587397 0.1421693343 0.2253097829
0 0.6043338992 0.3100578608 0.0752121932 0.2810442965
0 0.6242096294 0.8482419676 0.1471433531 0.1728781916
0 0.9172299349 0.8103359189 0.1092591655 0.1991981471
0 0.2908749261 0.8238601125 0.1594701556 0.1778040829
0 0.3440252251 0.1212408048 0.1505848793 0.2063071663
0 0.5853292585 0.1160330127 0.1041338500 0.1978086926
0 0.8234689435 0.0972602748 0.0692451091 0.1945205495
