0 0.7809952623 0.2090534303 0.1099090026 0.1183869807
0 0.9690502074 0.1693092356 0.0618995851 0.1166957331
1 0.3225933313 0.3565575325 0.0569188208 0.1011146484
1 0.1955879443 0.3787804987 0.0594673923 0.0788915999
1 0.7356600086 0.6828412778 0.1181173349 0.1819964303
1 0.7179460088 0.1768926070 0.0941309902 0.1115310648
1 0.1470340570 0.4043682335 0.0543494247 0.0942667424
1 0.6338156966 0.3726884374 0.0496233744 0.0803585412
1 0.9675919357 0.2189254864 0.0602569501 0.1035388833
0 0.3450259524 0.2729915300 0.0621603288 0.1281133482
0 0.8018101059 0.2341879616 0.1224370266 0.1761558204
0 0.9256599344 0.6671863977 0.0461492445 0.1256496707
0 0.4505101420 0.8082342842 0.0922986777 0.1564461022
0 0.1872705600 0.7940678352 0.0875895371 0.1576779101
