1 0.3489060913 0.7557321856 0.0721777193 0.0752045662
1 0.5697699107 0.7392811929 0.1400247769 0.0799048639
0 0.5029569927 0.7538813437 0.2158605617 0.2503309681
1 0.5827957956 0.3572030344 0.1271507051 0.2811409243
1 0.7213627582 0.6592324780 0.0375900977 0.0889975763
1 0.3571884297 0.7661233964 0.0726542848 0.0779025662
0 0.3205366672 0.9054590533 0.1069807212 0.1655605193
0 0.5141785424 0.8700895002 0.1432551050 0.1454029206
0 0.7720442356 0.7176640172 0.1133603123 0.0943445021
0 0.2774813909 0.0954835646 0.0973111274 0.1909671291
0 0.4427175044 0.0928003004 0.0880671923 0.1856006007
0 0.6534612791 0.0913245901 0.0554811460 0.1758576439
0 0.1190953919 0.0991641420 0.0748085518 0.1894287529
