1 0.8495917468 0.1733681470 0.1018077779 0.1597844801
1 0.9554395972 0.1565487280 0.0872638458 0.1324529372
1 0.2423811650 0.2290824916 0.0492878947 0.0777898204
1 0.0945772463 0.2608961420 0.0587593971 0.1777827305
1 0.4983772925 0.7844662445 0.0628588817 0.0728908552
1 0.7197498772 0.7489096696 0.0409949008 0.0835579098
0 0.7450300892 0.0831134205 0.2200061490 0.0888913575
1 0.6747889864 0.3098919596 0.3886892504 0.1960833309
0 0.2505655308 0.1784256341 0.0997340832 0.2149601895
0 0.0629415991 0.1269804816 0.1146400829 0.1979578834
0 0.9345844656 0.7932131783 0.1047760073 0.1265809955
0 0.7562578727 0.0998125211 0.2665971397 0.1386281974
0 0.4587432672 0.7957569675 0.1129447984 0.0956855337
0 0.7404198814 0.8132466018 0.0809667362 0.1288622718
0 0.1331880423 0.7912911669 0.1861154702 0.1595121133
