1 0.1663126554 0.1854242546 0.0418792236 0.0651752544
1 0.4840310510 0.6831739893 0.0604027161 0.0494070542
0 0.5402812653 0.7891529217 0.1399790105 0.2449170958
0 0.5343627142 0.7698977900 0.0592860595 0.0565193773
0 0.3684906022 0.0692759460 0.0922433108 0.1385518920
0 0.2095006373 0.0559659017 0.0882757420 0.1119318034
0 0.7879788975 0.1285308553 0.3639309262 0.2547738452
0 0.8598787842 0.6919813542 0.1983062161 0.1665312980
0 0.5437139650 0.8076778114 0.1066827730 0.2182321060
1 0.1620398557 0.1677089290 0.0417370341 0.0460225437
