1 0.4234714555 0.2958017086 0.0681437074 0.0714825204
0 0.5350161948 0.5123517322 0.2636512018 0.5991918190
0 0.5580429569 0.4885547797 0.0719624938 0.1253095915
0 0.8221929659 0.3793142877 0.0731766845 0.1714122809
0 0.5487184927 0.4206477346 0.0853728491 0.2127457646
0 0.2616407333 0.3677652488 0.0478462995 0.1312945203
0 0.0777608029 0.3738436929 0.0515989441 0.1434514086
0 0.0748557003 0.3787747595 0.0619964032 0.1544926389
0 0.2579835461 0.3769208411 0.0581812326 0.1705598985
0 0.5469821712 0.4078193861 0.0906101350 0.2694352079
0 0.8130898298 0.3299550857 0.0715342633 0.1656161244
0 0.5659397210 0.5096395560 0.0850141350 0.1170374144
1 0.5024812381 0.3811622939 0.0278574752 0.0468692105
