1 0.4988569574 0.3437793129 0.0998345906 0.2244522362
1 0.2737987064 0.6760130765 0.0955314236 0.0800027802
0 0.4183867928 0.7910170608 0.5396233995 0.3055661824
0 0.6293188876 0.8767824797 0.1077693494 0.0374064712
1 0.5238396572 0.2591183068 0.0481957194 0.0995583177
1 0.0880128508 0.2804522355 0.0413105937 0.1137809206
1 0.2477471562 0.2857857176 0.0413106031 0.0924470162
1 0.3104015725 0.2804522355 0.0426876075 0.1102253064
0 0.7224674142 0.2511831402 0.0674269207 0.0798738714
0 0.5564506583 0.2728030191 0.0526301742 0.0767743660
1 0.6116983698 0.7030975001 0.0340438946 0.0925518809
1 0.8371344526 0.6344318299 0.0339302690 0.0559243624
0 0.7119029035 0.1357901967 0.0936109650 0.2576377783
0 0.8826670561 0.1247779992 0.0839436598 0.1681867657
0 0.5541237071 0.1472354315 0.0624247522 0.2806924230
0 0.2888648049 0.1463515994 0.0952203478 0.2791106005
0 0.0722754086 0.1557244707 0.1401180470 0.2155858851
0 0.6316911157 0.8762096788 0.1235812625 0.1196542646
0 0.8471089317 0.8195936090 0.1131259289 0.1382815226
0 0.3245263103 0.8497776111 0.1185871805 0.1179782801
0 0.0468040028 0.7957507899 0.0936080056 0.1096076053
1 0.0876379196 0.2717592157 0.0522261461 0.1087980620
1 0.4622590299 0.2533948007 0.1478495041 0.1570913506
1 0.7436232022 0.3631538379 0.0529900516 0.0908253501
