1 0.5625241613 0.6384973903 0.0434687630 0.0735849499
1 0.9251666358 0.8140501156 0.0941823764 0.2165500742
1 0.5298013581 0.7965916718 0.1065092523 0.2123821957
0 0.3553224806 0.7165155418 0.1290735497 0.1637102794
0 0.2220534618 0.6553180439 0.0658012550 0.1377145738
0 0.6676171000 0.8349910117 0.0953984773 0.1737429516
0 0.7743523106 0.1620749904 0.1240319628 0.2386292341
0 0.4594202784 0.1060425587 0.1254306034 0.1229046628
0 0.7035446261 0.8276207826 0.0755155019 0.1926432587
0 0.4490542606 0.1412991115 0.2348249928 0.1475541097
0 0.7685360903 0.1704435341 0.0893689734 0.1653338379
0 0.4692430532 0.0938550843 0.0958855137 0.1653338749
0 0.2998143539 0.0658942096 0.0828525274 0.1215690069
0 0.6800979973 0.7916611247 0.0763360437 0.2261184064
0 0.3835977524 0.6810333277 0.1145040279 0.2261183572
0 0.2109108018 0.5977585664 0.0651648938 0.1835692177
0 0.0573078457 0.5661506314 0.0409607811 0.1689808794
0 0.9784601351 0.3138949784 0.0400299336 0.1288631214
0 0.2948602929 0.0728793221 0.0690897221 0.1211222317
0 0.4628524120 0.1173731979 0.0681433000 0.1334816330
0 0.0639302710 0.5382111606 0.0444824256 0.1668520874
0 0.2200919624 0.5981543097 0.0293394638 0.1680880124
0 0.3871376594 0.6766365796 0.0586789276 0.1569645892
0 0.6923627818 0.8033205145 0.0634111515 0.1483129173
