1 0.7751158155 0.2616182902 0.0757866804 0.0956721897
0 0.8450614239 0.8290759346 0.1061988273 0.2323713072
0 0.6821323853 0.8096133123 0.0562762292 0.2477053337
0 0.4016582201 0.8225884184 0.0907683532 0.2193962748
0 0.8033080450 0.2009657769 0.0825990963 0.1958052409
1 0.8137150307 0.2591183059 0.0971328754 0.0497791579
1 0.9600982855 0.2422289518 0.0478824204 0.1013361490
1 0.2788005484 0.2671185308 0.1053412153 0.1546709733
1 0.4361283540 0.1471151975 0.0889244032 0.1600044422
0 0.8205553927 0.9391371378 0.0752436415 0.1155587164
1 0.4333921903 0.7826884296 0.0588269240 0.0871135325
0 0.5305250279 0.0822245050 0.2640371027 0.1226700708
