0 0.4276191074 0.7992971022 0.1910392076 0.3991331827
0 0.7336716785 0.7494054113 0.0753759614 0.1775804838
0 0.8610311880 0.1425796742 0.0961694109 0.2851593485
0 0.6660932322 0.1231303864 0.1169627470 0.2462607729
1 0.7020762535 0.6691468613 0.0638142778 0.1976281965
1 0.4520699421 0.2024079353 0.0420042812 0.0756874054
1 0.9419853470 0.2591734832 0.0492743052 0.0189218575
0 0.3171715373 0.7521927409 0.3845008023 0.4225879457
0 0.4425641984 0.8180646013 0.1385187013 0.2175440024
0 0.7081687715 0.8109443167 0.1267956808 0.1417730118
0 0.3976204226 0.9038288076 0.1254814030 0.1445350862
0 0.1523124577 0.6807309995 0.1465785921 0.1394881034
0 0.4724949698 0.7141128282 0.0705409567 0.0703401896
0 0.7248851103 0.7623971452 0.0348124879 0.1096829300
0 0.8742119851 0.8404866848 0.0439735058 0.1013375896
0 0.8604703071 0.1847733122 0.0439735814 0.1013374913
0 0.6731245011 0.1704668572 0.0412252987 0.1013375036
0 0.4798790332 0.7564060847 0.0560496989 0.2358437783
0 0.7493846976 0.7509354953 0.0607204945 0.1325102260
1 0.5732952295 0.3266597013 0.1475976336 0.0522746440
1 0.3850616172 0.5588565061 0.1503999976 0.1738437158
1 0.6382194968 0.5843859726 0.1634783765 0.1276474306
0 0.4475743722 0.7825881011 0.0776328261 0.1792079732
0 0.8592832772 0.1031475574 0.0514393715 0.0950768876
