1 0.6991371696 0.2959659623 0.0428750005 0.0336388322
1 0.2105247067 0.2949147385 0.0347853453 0.0420485608
1 0.6946878616 0.7453598495 0.0420658975 0.0473046284
1 0.1822110793 0.6707236905 0.0299315490 0.0325876393
1 0.9203879990 0.2639039400 0.0647169258 0.1229920009
1 0.4588757381 0.4499687719 0.0817050549 0.0367924933
1 0.6523408421 0.3037343699 0.0306261834 0.0726836706
1 0.2123251648 0.2925226307 0.0314707033 0.0558953471
0 0.2491145240 0.2021104035 0.0710403861 0.1097375965
0 0.0717389617 0.1963519408 0.0519007955 0.1069138477
1 0.1862941052 0.6791443651 0.0347681663 0.0349391768
0 0.6911324294 0.8235837954 0.0873806606 0.1173888421
1 0.6580968271 0.3303145849 0.0444696902 0.0785045187
0 0.2589332110 0.1390010069 0.1196013756 0.1554499918
0 0.4176512945 0.1675681785 0.0972467676 0.1747654264
0 0.0915448719 0.1062229504 0.1203953542 0.2010301112
0 0.1913927929 0.8616225395 0.1000846495 0.1684550597
0 0.3780175895 0.8791355631 0.0979747960 0.1755644643
0 0.6717550474 0.8685841207 0.1509337146 0.1925052935
0 0.6951807892 0.1394764655 0.1615718484 0.2382945937
