1 0.3464001416 0.6434555054 0.1350934114 0.1481502824
1 0.6226061167 0.8786441138 0.1899334451 0.1666690161
0 0.6996248477 0.4730869921 0.3111064813 0.3295174676
0 0.2688232327 0.4713378925 0.4171655311 0.3414107751
1 0.3804377071 0.6626818420 0.1959566457 0.1350250994
1 0.3434932137 0.6273729666 0.0971229100 0.0955435263
1 0.6595686174 0.8874636563 0.0954189622 0.0684138867
1 0.3440031713 0.6307239579 0.0779750117 0.0938404280
0 0.6912918429 0.4538389389 0.2399231336 0.1303800166
0 0.2210426161 0.4966068502 0.3262953399 0.1112797618
0 0.7246471496 0.4533997894 0.2520532616 0.1767943661
