1 0.3031876052 0.8082684304 0.5558056324 0.3353371886
1 0.7628275074 0.1230834651 0.1771966002 0.1592938703
1 0.1719601658 0.2446511828 0.1735559723 0.2432312218
0 0.4280885309 0.1954881171 0.1283010326 0.2616290679
0 0.6249572220 0.1920738955 0.1124428175 0.2758560141
1 0.5679409905 0.3868484855 0.5589744393 0.6710506123
0 0.2687977243 0.8241173954 0.2912750347 0.2329645509
0 0.5756867975 0.4667512972 0.3986822978 0.3796397204
0 0.9266985024 0.2674072043 0.1030153503 0.2110808897
0 0.5444821220 0.2156812995 0.2640168510 0.0842461653
