0 0.4010289765 0.0819374972 0.1349741788 0.1090170510
0 0.7341795106 0.7129785156 0.0856978503 0.0461226030
0 0.5038664275 0.7206656161 0.0792705489 0.0726780007
0 0.2703397022 0.7346421786 0.0664158612 0.0363390447
1 0.1278669768 0.5201021839 0.1971051270 0.0545085227
1 0.3721059419 0.5208010254 0.2313842603 0.0866546076
1 0.6452679586 0.5131139249 0.2463814386 0.0880522461
1 0.8916493632 0.4879561435 0.1949626876 0.0852569247
1 0.6291995692 0.3328164839 0.4070649248 0.1020287864
1 0.2285619967 0.3579742765 0.3599311208 0.1020288086
1 0.9120026145 0.2790067915 0.1199770176 0.0894498846
