0 0.5541268124 0.8095106720 0.2116415019 0.1726110315
0 0.2463111109 0.7003417066 0.0941349158 0.1555255357
0 0.8052207612 0.8123381830 0.0717934936 0.2108012374
1 0.3183843726 0.8316189345 0.0456667562 0.0530779439
1 0.3372452926 0.1990571637 0.0376485662 0.0760341665
1 0.5968610266 0.2766267612 0.0684403136 0.0745689843
0 0.4660132751 0.2349341608 0.0694011363 0.1211237754
0 0.1462609402 0.1734113745 0.2016052128 0.1622894964
0 0.8616936105 0.2071583348 0.0550663280 0.1465688521
0 0.7150833800 0.2229567651 0.0331147423 0.1581247494
