0 0.2699881250 0.7744134969 0.0981477456 0.1519612597
0 0.5349870419 0.7956881097 0.0859961527 0.1726279309
0 0.7504447928 0.7616487883 0.0738445221 0.1604710655
0 0.9201001778 0.7221388529 0.0766487358 0.1884320034
1 0.1237012185 0.7829233764 0.1140383421 0.0814512931
1 0.4069276075 0.8035900722 0.0953435319 0.0814512439
1 0.3877654424 0.2060784671 0.0813224632 0.0875296766
0 0.2802702799 0.2243138266 0.0514107365 0.1361572610
1 0.1709056084 0.1908823547 0.0532802029 0.1130591553
0 0.5097490616 0.2176275322 0.0803876874 0.1446671036
0 0.6780023776 0.2030392446 0.0878655908 0.1300788160
0 0.8537336347 0.1714313024 0.0766487358 0.1470984644
