1 0.2194730537 0.5337926090 0.0619758862 0.0871135363
0 0.1182457857 0.7337981587 0.0605986445 0.0817800246
0 0.2869578990 0.7355759960 0.0674848374 0.1102253390
0 0.4467179488 0.7320203418 0.0482034530 0.1280035893
0 0.7021962878 0.7080196409 0.0550896696 0.0977804783
0 0.9716068238 0.6253507180 0.0567863523 0.0640017743
0 0.1685151093 0.1613378188 0.0564669035 0.1208922505
0 0.3441134352 0.1951165330 0.0440717357 0.1102252881
0 0.4935441838 0.1844495706 0.0619758862 0.0817800551
0 0.7517770220 0.1977832685 0.0468262350 0.0728909096
