0 0.3514485136 0.4124623510 0.1260592920 0.1110850763
0 0.7617053455 0.3926505689 0.0767817903 0.0901133439
0 0.0376400482 0.8076882759 0.0752800963 0.1133981242
0 0.5059426621 0.8888096465 0.2480804225 0.1377711452
0 0.8589869735 0.8319702901 0.0700728194 0.1266849619
1 0.1288092161 0.4763705461 0.1886766417 0.1837905234
1 0.5993823717 0.5185529366 0.3111846172 0.0709249225
1 0.9011807612 0.4233320402 0.1774291023 0.2339373429
1 0.2689373359 0.7520086252 0.3883800249 0.1884461391
1 0.7264369150 0.7064350935 0.2144644982 0.1013009638
1 0.8992754608 0.7010299617 0.1321412587 0.1237602446
