1 0.3203281178 0.8190269226 0.0248746606 0.0417271639
0 0.2102347170 0.7874334286 0.0792304166 0.0834544255
0 0.3931095088 0.7713386585 0.0598834247 0.0608025086
0 0.7307600181 0.7105361498 0.1639885020 0.0917998583
0 0.0301237484 0.7975671964 0.0248746547 0.0488804059
0 0.0577622511 0.2861108535 0.0451428936 0.0727246113
0 0.2194475392 0.2908796653 0.0810729414 0.0798777556
0 0.3885030930 0.2765731934 0.0598833869 0.0584181028
0 0.6326432455 0.2241161114 0.0598834247 0.0441116309
0 0.8251915332 0.1823888987 0.0359300926 0.0464960612
