0 0.6962540816 0.7391585278 0.0327199537 0.1860005779
0 0.9853171809 0.7561782099 0.0293656381 0.1081963816
0 0.4162646390 0.7470604681 0.0392639633 0.1142748761
0 0.2353699598 0.7209231879 0.0663748177 0.1616868050
0 0.7813260179 0.2097255338 0.0439382469 0.1458828013
0 0.5237730830 0.2310001107 0.0467428360 0.1470985208
0 0.3606406988 0.2419413187 0.0345897113 0.1519612343
0 0.1853551663 0.2170196810 0.0355245270 0.1385886592
1 0.8481681883 0.7835311890 0.1626649053 0.1094120805
1 0.5616347675 0.7944724380 0.1168570900 0.0875297464
