0 0.2711815255 0.2206962565 0.0653268740 0.0717242465
0 0.5013482619 0.2445615167 0.0422062364 0.0860891419
0 0.6726817365 0.2692087693 0.0688554788 0.1651927814
0 0.8518466683 0.2314170570 0.0643816492 0.1325139460
0 0.7719824029 0.6807553685 0.0704116072 0.1332384300
0 0.5734893562 0.7121768139 0.0878845688 0.1638456278
0 0.2809815478 0.6677741079 0.0394383472 0.1227804014
1 0.1727737506 0.5449539760 0.1625931062 0.1368481824
1 0.7826520737 0.3485237697 0.0993596829 0.0874085336
1 0.8356753169 0.5792341824 0.0622722616 0.0677961982
1 0.6559936839 0.6198508784 0.1224654797 0.0975558957
