0 0.3384825540 0.8266956781 0.1953335025 0.2378672938
1 0.6524640530 0.3434137324 0.0955621193 0.0941542759
0 0.7275425656 0.1936827398 0.0743343192 0.3166606093
0 0.5977411753 0.7928757001 0.0516135878 0.2699975865
0 0.7579167710 0.7439789516 0.0266741937 0.2377825911
1 0.1391979166 0.6452182237 0.1294130248 0.1267682147
1 0.5212254332 0.1821605672 0.0366648346 0.1546971413
0 0.9129435747 0.2170233419 0.0628414055 0.2011848675
0 0.2293647127 0.1378400403 0.0313579161 0.1260367465
1 0.3309104943 0.2026145586 0.0472415265 0.0957260337
