1 0.6284820633 0.3272675364 0.2617805832 0.1847848367
0 0.4141254734 0.3230126359 0.1688294749 0.2346281522
0 0.2263263451 0.3059929667 0.1991808881 0.2103143739
1 0.8475810392 0.5783075209 0.2541927276 0.1325101982
0 0.5563975485 0.6068762606 0.3224833145 0.1823534650
0 0.3320819194 0.6500332308 0.1868506369 0.1835691995
0 0.7294952279 0.6281508121 0.1014874032 0.3172950836
0 0.3932588988 0.6372684805 0.0929510703 0.2747459320
0 0.2083052164 0.6816411852 0.0663936325 0.2565105953
0 0.1490252009 0.1613258520 0.0654451553 0.1932946926
0 0.3150092727 0.2439927895 0.0597542731 0.3221578697
0 0.5056538279 0.2324437098 0.0616511705 0.2552948850
0 0.7698056422 0.1892867488 0.1043328728 0.2297654148
