0 0.1087755795 0.1505954575 0.1639384775 0.2545701909
0 0.0882322754 0.7910984098 0.1735391048 0.2472071096
0 0.7074078728 0.1425220697 0.1894443124 0.2507556612
0 0.3700855602 0.1560905605 0.0926360921 0.2932233165
1 0.8080267106 0.8425341490 0.0846950592 0.1761697639
0 0.4292283981 0.8603222367 0.0572004512 0.1611715447
0 0.9163130653 0.8675069769 0.0506315670 0.1738242092
0 0.8175438866 0.3068522582 0.0516329352 0.1405453010
0 0.6308045086 0.3324295640 0.0887049711 0.1610869084
0 0.5208562188 0.0754564114 0.1086340593 0.1286422385
0 0.9691165373 0.2399588975 0.0395567868 0.2253536506
0 0.7117052048 0.8449915164 0.0584938090 0.1365312180
