0 0.7692387135 0.7868214248 0.0623657489 0.2435255618
0 0.5651201895 0.8337081607 0.0729531219 0.1558578534
0 0.2862763794 0.7952152285 0.1135716582 0.1880727881
0 0.1077860220 0.1394178509 0.1520150332 0.1266412870
0 0.3559369591 0.1515898934 0.0572093915 0.1430298694
0 0.6318935018 0.2049026705 0.0555654370 0.1512271784
0 0.7868393010 0.1463486912 0.0942331732 0.2316285855
0 0.9580508384 0.1601529486 0.0738277845 0.1797908426
1 0.5619100972 0.4428454823 0.0513112801 0.0774573739
1 0.8694478964 0.7278744749 0.0927723897 0.1466448733
1 0.9689656204 0.6351378444 0.0494703694 0.2118788765
1 0.1211507617 0.8130576590 0.1304601825 0.0799782729
1 0.8388282874 0.5838199864 0.1190714693 0.0775782772
