0 0.1225370953 0.7750213494 0.0615235272 0.1872162340
0 0.2937928876 0.7598252789 0.0587687044 0.1835692323
0 0.4687217321 0.7543546469 0.0670330993 0.1799221443
0 0.7400680281 0.7349036188 0.0734608968 0.1483141779
1 0.3824051425 0.7944723990 0.0449948433 0.1312945634
1 0.6060018458 0.7725900005 0.1248836354 0.1069807298
1 0.8984681806 0.7555703429 0.1166192079 0.0534904512
0 0.7703706790 0.1386076645 0.0422399798 0.1811378026
1 0.6574244703 0.0687054778 0.0808070256 0.0948238211
0 0.5348365327 0.1866274271 0.0798887595 0.2407066313
0 0.3553164066 0.1769019023 0.0844800574 0.2285497145
0 0.1813058609 0.1629214685 0.0762156951 0.2030202604
