1 0.2002265458 0.6464185393 0.0213219616 0.0575842697
0 0.0382795842 0.7257724719 0.0765591684 0.2387640449
0 0.2028917910 0.7412219101 0.1183368870 0.2865168539
0 0.3830623667 0.7580758427 0.1396588486 0.3258426966
0 0.6948960554 0.7384129213 0.2004264392 0.3089887640
0 0.9540578358 0.6541432584 0.0918843284 0.2668539326
0 0.1229344350 0.1386938202 0.0778251599 0.2584269663
0 0.3004397655 0.1592345506 0.0916844350 0.3184691011
0 0.4731476546 0.1801264045 0.1066098081 0.3553370787
0 0.7076892324 0.1611657303 0.1108742004 0.3061797753
