0 0.5778569512 0.7898124032 0.4075311834 0.1218163413
0 0.2688863173 0.8652225355 0.0708749700 0.0754101323
0 0.5728735286 0.1466509608 0.0675527318 0.0913622773
0 0.3381001518 0.2343877370 0.0586933320 0.0319042900
0 0.9493968290 0.5570560958 0.0941308333 0.0768603157
1 0.1753091986 0.6955496951 0.0675527154 0.0696093562
1 0.0330055299 0.6708964073 0.0598007648 0.1131151985
1 0.4538256966 0.4330644367 0.2414178695 0.1218163413
1 0.1243678027 0.5266020104 0.1428573731 0.1116650151
1 0.2544898456 0.4888969443 0.1284609055 0.0855614585
0 0.0341129512 0.2713677222 0.0442968634 0.1435692838
1 0.2794068117 0.6237650639 0.1517167362 0.0536572539
0 0.8713236600 0.0719659215 0.2547069529 0.1044140316
