0 0.2537863175 0.2511170147 0.0591352004 0.1411987175
0 0.9226693383 0.2439869132 0.0670029584 0.1021366714
0 0.7522215165 0.2196398727 0.0348655660 0.0512549209
0 0.8495728845 0.7841095317 0.0357927129 0.1229131337
0 0.5586402771 0.8094201453 0.0675184933 0.1430124602
0 0.2488683446 0.7537066106 0.0725732650 0.1170863943
1 0.1187695243 0.3660328895 0.1238813798 0.0614438152
1 0.3703123694 0.3692994915 0.1915338037 0.1837368930
1 0.7880437025 0.3609073844 0.2640638056 0.1512263139
1 0.4692036675 0.6543238048 0.2407115916 0.1611790644
1 0.7575844505 0.6667114344 0.0524264575 0.0952119908
