1 0.5686198981 0.4654642669 0.2346692324 0.1020223878
1 0.3143895413 0.5736320236 0.2206732425 0.1932073940
1 0.0861766758 0.4669931585 0.1105701972 0.0727673444
0 0.1748124309 0.6281093684 0.0394304534 0.2219762802
0 0.0206209486 0.6716072993 0.0412418972 0.1586611921
0 0.4767834186 0.6131019376 0.1015587219 0.1610165943
1 0.7267242725 0.1935006705 0.2017331770 0.2065188668
1 0.4585397205 0.1820227233 0.2684952482 0.1914902600
1 0.2351953187 0.1767729575 0.1578761440 0.1712300669
1 0.0605754669 0.1553138278 0.1211509338 0.1784734509
