1 0.7005242169 0.2762041493 0.2068328694 0.1530113754
0 0.5775214374 0.2027359169 0.0478879878 0.1175719296
1 0.4406977200 0.2890119793 0.1846190101 0.2047038786
0 0.3385192218 0.2513368965 0.0532156062 0.1117429760
1 0.2781022669 0.3729340155 0.1228440229 0.1714936158
0 0.1793020891 0.2875690620 0.0677801775 0.1135393672
0 0.0426609865 0.4043475453 0.0451458385 0.2674020719
0 0.5297911292 0.7346388018 0.3313402798 0.1911289418
0 0.2750798924 0.8451343184 0.0700850869 0.1117671678
1 0.1927796145 0.7265063160 0.0627562334 0.0786203336
1 0.7393155185 0.5087106956 0.2175076245 0.1935771440
1 0.3263701495 0.7338049111 0.1142123299 0.1261726614
1 0.1271423381 0.4255696465 0.1030391836 0.1386417635
