1 0.5028794051 0.5968757873 0.0713465514 0.0472063337
0 0.4243109567 0.7495721402 0.1241494445 0.2030002631
0 0.2158045088 0.7270527918 0.0662450892 0.1710527185
1 0.1483504045 0.2905288781 0.0492717035 0.1291093125
0 0.0369928864 0.1807475202 0.0365310254 0.1438560327
0 0.1975784627 0.1917125210 0.0734809599 0.1701595502
0 0.3668163438 0.1916392534 0.0410620846 0.1818526079
1 0.2670835401 0.3279156202 0.1345704003 0.0797591295
1 0.4325739814 0.3199716110 0.1254983670 0.1253978502
0 0.6027809257 0.1809812723 0.0605826632 0.2063201343
1 0.7437464017 0.3506554592 0.1831123010 0.0933624141
