1 0.4823599413 0.6433960134 0.0416371838 0.0502911558
1 0.4306108038 0.6394670155 0.0475853996 0.0330035305
1 0.8410350138 0.5758173186 0.0214134723 0.0660070611
1 0.5567121322 0.6716847507 0.0261720253 0.0314319400
1 0.2830960439 0.2237795084 0.0261720090 0.0534342937
1 0.7535967939 0.2685700326 0.0273615900 0.0518627032
1 0.3859994958 0.4972374470 0.0344994359 0.0345751642
1 0.6893564751 0.7392634671 0.1701177887 0.0848662337
1 0.8463883655 0.6316090412 0.0321201757 0.0361467548
1 0.7803635852 0.1742741964 0.0475853996 0.0267171576
1 0.9136027432 0.1695593924 0.0380683589 0.0581491192
1 0.5150749321 0.2575688450 0.0428268792 0.0738650785
