1 0.4776239222 0.8422143486 0.0758633446 0.1403066228
0 0.4369980396 0.8326455020 0.1609786938 0.3347089960
1 0.6936140681 0.7310554419 0.0530501684 0.1078048878
0 0.7375436496 0.8146096776 0.1206421420 0.2331888863
1 0.8874951081 0.7347369033 0.0859224529 0.1540106013
1 0.9227068238 0.6051677961 0.0888437375 0.1176873968
0 0.9116006076 0.7778762860 0.1767987849 0.2302590274
1 0.2374833310 0.9009650155 0.0571346385 0.0863996356
0 0.2592277730 0.8762327901 0.1435417249 0.2475344197
0 0.5108220804 0.1780641159 0.2290769270 0.1698308259
