0 0.6044353493 0.1543379372 0.0863791264 0.1080545645
0 0.3718761290 0.1802710376 0.0598009512 0.1022916627
0 0.1935807169 0.1766692121 0.0642306362 0.1066138364
0 0.0335578141 0.1651433979 0.0476192737 0.0893251205
0 0.2179440659 0.7644860721 0.0642306525 0.0691549484
0 0.4150656922 0.7911395577 0.1284612725 0.1311062245
1 0.4964614413 0.5894376673 0.0874865762 0.0705956659
1 0.4239250948 0.3365899878 0.1351058407 0.1728873286
1 0.2722078905 0.3156994358 0.1727583017 0.1426320493
1 0.7290207267 0.2991310786 0.2602448616 0.2276349326
0 0.1476225822 0.2984106987 0.0808420161 0.1455134843
