0 0.6524933415 0.1712973524 0.0564713290 0.1705606463
0 0.8296873893 0.2058585874 0.0605667424 0.1719695358
0 0.3984245374 0.0905003179 0.0650207454 0.1210134858
0 0.1724532381 0.0357219076 0.0371537346 0.0443576029
1 0.2794743948 0.1710321571 0.2436018285 0.2870784362
1 0.5326643122 0.2264473831 0.2322970363 0.2175529469
1 0.2495424277 0.4563901341 0.2564120868 0.2879557764
1 0.7245903870 0.6228333807 0.1846929691 0.1885157933
0 0.6052930704 0.7620519110 0.0450393856 0.1062722508
0 0.7835056952 0.7242833606 0.0899005511 0.1556248403
0 0.3301336396 0.6456532324 0.0810878106 0.0955991678
0 0.0521513309 0.5462192584 0.0871259064 0.1029204249
1 0.0633170521 0.0915596435 0.1049132159 0.0939478948
