1 0.1527137063 0.2042891345 0.0401453844 0.1082923098
0 0.1819144550 0.1429342409 0.1129294574 0.2267996470
0 0.5723411193 0.1088328662 0.1092655284 0.1783025792
0 0.3294054490 0.1517203275 0.0875323454 0.2048372167
0 0.0416020480 0.2133660517 0.0832040960 0.2597700488
0 0.2798187174 0.9073057201 0.1414858079 0.1553457565
0 0.4812056108 0.8637350387 0.2344588173 0.2589360085
1 0.0572888920 0.2807806480 0.0610362721 0.2221990099
0 0.7014052121 0.7579287361 0.1294542608 0.1798824449
1 0.7529437223 0.0385580063 0.0329285647 0.0771160126
