0 0.1596723127 0.4000834161 0.0630175368 0.1501514066
0 0.3856657796 0.3211112751 0.0444733936 0.0759058841
0 0.6875905431 0.3172187217 0.0724029378 0.2153099242
0 0.8611507518 0.2795935440 0.0666252470 0.1496654580
0 0.9145862494 0.8453747079 0.0375010553 0.1613659103
0 0.7173539755 0.8490925022 0.1014317662 0.1770329415
0 0.4320959297 0.8426927564 0.0820850873 0.1435056368
0 0.1203438343 0.8571425514 0.0727132677 0.1074942954
1 0.2270936019 0.5551067208 0.0696302839 0.0828263763
1 0.3209497458 0.5068258791 0.0960412774 0.0955569146
1 0.5220797446 0.4783177316 0.2541417923 0.0824532315
1 0.0479863145 0.5222845733 0.0959726291 0.0701077797
1 0.2787397094 0.7312469482 0.2490743761 0.1151712426
1 0.6070831201 0.7360662217 0.1006160968 0.0976547947
