0 0.4122974205 0.7931913702 0.3311191352 0.1805934105
0 0.7483998584 0.9162570729 0.0797343391 0.0830147367
0 0.5750884035 0.1290733540 0.0919160528 0.1689422672
0 0.7921430204 0.3016566536 0.0631230266 0.0917531289
0 0.9626859395 0.3657382142 0.0653379073 0.1034043256
1 0.5734272592 0.4880757051 0.1417499904 0.1150555437
1 0.8292416379 0.5375932966 0.1638984396 0.1383578944
1 0.3934712273 0.3067540508 0.1849393834 0.1747678655
1 0.6299057576 0.6723101961 0.0509414104 0.1135990773
1 0.9560414275 0.6075004556 0.0586933303 0.1470963080
