0 0.5369178520 0.8218254709 0.3281586051 0.1665495544
0 0.9579777174 0.7403741831 0.0665561404 0.1300788260
0 0.1944311871 0.7476683545 0.1127756300 0.2005888781
0 0.2323311835 0.1793332781 0.0758000415 0.2334124568
0 0.4176714717 0.2115490644 0.0822707106 0.2516478317
0 0.6825093847 0.2194510388 0.0758000090 0.1531769354
0 0.9075984285 0.2455884041 0.0397487718 0.0984708855
0 0.0539238303 0.2048627816 0.0721024726 0.1507455735
1 0.5591032213 0.2352550250 0.0748756417 0.1167062391
1 0.7994447491 0.2346471792 0.0841195103 0.1033336736
