0 0.3230442965 0.1657143793 0.0657188701 0.1822780550
0 0.5691014581 0.1372978248 0.0623106931 0.1384172346
0 0.7491512849 0.1151272013 0.0536854137 0.0989652599
1 0.2682716818 0.2935690471 0.3197095086 0.1837894102
1 0.5382934244 0.2861650684 0.1713514032 0.0559669205
1 0.6814784412 0.2332409619 0.1312024122 0.1769928858
1 0.8389012627 0.1974117478 0.1292417802 0.1865570991
1 0.0853601048 0.4931283728 0.1338837017 0.0995963696
1 0.3950825737 0.5735341218 0.1782049985 0.2050556768
1 0.6406100023 0.6072480836 0.1900385076 0.1508443111
1 0.9861595766 0.4632476721 0.0276808468 0.1323773992
0 0.7714178565 0.6486821128 0.0604148824 0.1094354342
0 0.9433467110 0.6309314840 0.0414195668 0.1331423989
0 0.4984208704 0.6721249136 0.0449719761 0.1442642319
0 0.2046590305 0.6305172648 0.0383349250 0.1227469786
