1 0.9151328261 0.8088856884 0.0591256440 0.1283720691
0 0.3484361395 0.9026569373 0.1298717770 0.1672759172
1 0.0472533731 0.7640543308 0.0426893441 0.0886494231
0 0.1889563687 0.7370650826 0.0638110465 0.5258698348
0 0.0425224517 0.8391848119 0.0850449034 0.1462630609
0 0.6244522520 0.8656005859 0.1343469956 0.2687988281
1 0.7010812104 0.1520347472 0.0432438050 0.1078402592
0 0.7386445131 0.0859548140 0.1261720262 0.1331699168
0 0.4842464482 0.0838219538 0.1281351662 0.1515192531
0 0.3074439648 0.0611587672 0.1058429352 0.1223175345
0 0.1337665759 0.0404841909 0.0795361782 0.0754521642
