1 0.2020316771 0.7496416709 0.0467691427 0.0997640565
0 0.4832858154 0.8447199122 0.1611446038 0.2287720810
1 0.1260035559 0.7393688236 0.0378746387 0.1129684879
0 0.1676963310 0.8512455507 0.1157063487 0.2194367071
0 0.7633309474 0.7521544326 0.1429836403 0.1389281832
1 0.4524689382 0.2137968481 0.0371485660 0.1123372864
0 0.4888893907 0.1136455767 0.1046810375 0.1857633306
0 0.2475136016 0.1100661930 0.0845537215 0.1922774357
0 0.0895507080 0.0554154452 0.0802523634 0.1108308904
0 0.7376446703 0.0837064347 0.1603226889 0.1674128695
