0 0.1393072861 0.2130836200 0.0523069161 0.1755575022
0 0.3168403373 0.2362989574 0.0660473532 0.1513926734
0 0.4936030995 0.2152516056 0.0473678841 0.1277589772
1 0.6879481481 0.2796530072 0.0989273324 0.2206983285
0 0.9528204232 0.2471092572 0.0687685249 0.2290585597
0 0.7063179016 0.6617566842 0.0672826215 0.1152058619
0 0.4341488988 0.7291069951 0.0760844838 0.1376733857
0 0.2499677091 0.7134943494 0.0658809094 0.1579614389
0 0.0849993367 0.7332192183 0.0382179702 0.0913446749
1 0.5268249985 0.5862328987 0.1949170641 0.0952766971
1 0.5892928257 0.3563030437 0.0876515917 0.0888220043
