0 0.1964045657 0.1362524180 0.2914135461 0.1329040527
1 0.9374275602 0.2351577749 0.0749349337 0.1174500907
1 0.3890943350 0.5967804550 0.0796926747 0.2163554681
1 0.6590979282 0.5457823804 0.0630404707 0.1885383365
1 0.7935049874 0.4569220270 0.1153759058 0.0849968116
1 0.5657266336 0.2606568019 0.0880187925 0.1931745251
1 0.7405747439 0.2676111002 0.0856399062 0.2379910252
1 0.3867154487 0.2907920381 0.1938792164 0.1421764710
1 0.2160303696 0.5210560617 0.1689008867 0.3245331611
1 0.5258802805 0.4631036939 0.1772270440 0.1004507325
