0 0.8958324034 0.6874917195 0.0391694152 0.1774907749
0 0.5344481253 0.7519232708 0.3180182341 0.1677652503
0 0.2280874458 0.7379428538 0.0391694340 0.1495298426
1 0.3129544838 0.6224522491 0.1007213157 0.0765884080
0 0.8310164227 0.2449805403 0.0624845433 0.1434514020
0 0.6216466478 0.2589609880 0.0764736201 0.1398043179
0 0.3773041997 0.2492354573 0.0783387927 0.1738436664
0 0.2294863630 0.2121569254 0.0643497535 0.1507455823
0 0.0714098675 0.2285687420 0.0522258728 0.1519612360
1 0.1497486579 0.1854117327 0.0298433357 0.1434514388
1 0.6692094714 0.3002944430 0.0690127038 0.0911766949
1 0.5008743032 0.2613923692 0.0699453466 0.0717256948
