0 0.9083864578 0.7829235446 0.0748581984 0.1349416425
0 0.6950406643 0.7659038667 0.0580150716 0.1300789618
1 0.2837885283 0.8005510638 0.1356804704 0.1288631808
0 0.1415579930 0.7677273658 0.0776653609 0.1774908250
0 0.4335049062 0.7707666459 0.0907655286 0.1276474983
1 0.5537458499 0.6194131667 0.1216445061 0.0656472483
0 0.8344640181 0.2692941912 0.0711152392 0.1872163957
0 0.6534008592 0.2516666597 0.0757939192 0.1300789002
0 0.4016901699 0.2218822541 0.0458506247 0.0778042332
0 0.1644833196 0.2802354013 0.0729867283 0.1385887146
1 0.0666998112 0.2164116398 0.0626937184 0.1300789126
1 0.2894029102 0.2139802502 0.1094800972 0.1422358359
1 0.5158488713 0.2109410563 0.0870226452 0.0802356105
