1 0.5100839741 0.3570154925 0.2376936215 0.1298010866
1 0.3150041683 0.3452324852 0.1370132626 0.1599897119
1 0.7462933882 0.3571913512 0.2150325551 0.2061962387
0 0.4979967862 0.2408887190 0.2896591120 0.1513749033
0 0.2102910350 0.2567969757 0.0676958961 0.1314113580
0 0.0451835722 0.2980174463 0.0352303075 0.2505347736
0 0.1345714364 0.7524435296 0.0853708110 0.1338910840
0 0.3086577010 0.7736788753 0.0649174565 0.1308328079
1 0.4554898575 0.7156277999 0.2258533296 0.1712425750
0 0.5950674459 0.7520634920 0.0666321971 0.2120318860
