0 0.6404861845 0.0788367189 0.1744326816 0.1162544124
0 0.3367242778 0.1152895234 0.0760028806 0.1260881893
0 0.8308418547 0.0943827240 0.0740436973 0.1388505315
0 0.3743866099 0.8380570554 0.1615567284 0.1524390712
0 0.6033583710 0.8883603445 0.1296965461 0.1085785380
0 0.9486444099 0.6991725672 0.0729275291 0.0824065743
0 0.7901348297 0.8147796557 0.1102649392 0.1110508313
1 0.1735851180 0.6736602660 0.0497423635 0.0697551047
1 0.8020405234 0.6846870626 0.0372008148 0.0778995788
1 0.0940547854 0.1884880035 0.0694848471 0.1344546117
0 0.1224793365 0.0957915250 0.1339257519 0.1336407850
1 0.1794296810 0.1446213218 0.0394001877 0.1285851689
