0 0.2303013436 0.2052623636 0.0523913864 0.1437855280
0 0.4359786964 0.1884385232 0.0676940258 0.1637105532
0 0.6746364242 0.1524634233 0.0906016425 0.2275117802
0 0.8178449942 0.1321726563 0.0753500229 0.1723612714
0 0.1849170982 0.7424071937 0.0516869822 0.2107967254
0 0.4566780417 0.7913220723 0.0450552341 0.2025329426
0 0.7355897914 0.7904455123 0.0367828479 0.1947466943
0 0.9025679544 0.7780558678 0.0296135912 0.1745496360
1 0.5466749141 0.1980413519 0.0413059901 0.1072179938
1 0.3391276010 0.2065016326 0.0339141956 0.0618123495
