0 0.7005552780 0.0841237990 0.0861705376 0.1596739721
0 0.4688897027 0.1024478418 0.0809124929 0.1645012480
0 0.2954765931 0.0724768465 0.1295390442 0.1433207548
1 0.1001019618 0.6558289602 0.0517037956 0.0772063079
1 0.1508064369 0.6794085056 0.0269667830 0.0463032013
1 0.2758527416 0.6807007658 0.0345642248 0.0833311139
1 0.3265230716 0.6933796995 0.0341253079 0.0744085961
1 0.7925910575 0.6800187133 0.0470269097 0.0855859622
0 0.1365375174 0.7901155722 0.0673377458 0.2548092004
0 0.3115912859 0.8285099530 0.1381820166 0.2976093947
0 0.4933334784 0.8122959741 0.1194581340 0.2739900634
0 0.8064999129 0.8126017458 0.1840923142 0.2830390904
0 0.9223754252 0.0587577740 0.0947417661 0.1000089812
1 0.3233626964 0.1306846131 0.0529393080 0.0657019618
