0 0.7854895231 0.7810998182 0.1057960104 0.1385886452
0 0.4905716945 0.7665115320 0.0739634914 0.1604710500
0 0.2958323444 0.7507075757 0.0646010426 0.1410199854
0 0.1465009195 0.7221388506 0.0280874033 0.1252160537
1 0.6857792359 0.8661981461 0.0786447064 0.2139615146
1 0.6871836685 0.2729414359 0.1076683602 0.0461962478
0 0.8014057070 0.2382942500 0.0440036249 0.1179219597
0 0.5593858646 0.2753728006 0.0730273543 0.1726279470
0 0.3735408287 0.2224902877 0.0552385559 0.1592554413
0 0.2036119860 0.1787254413 0.0299598855 0.0765884780
0 0.0467906205 0.1835882136 0.0365136535 0.1203532998
1 0.1095191785 0.5410010414 0.1151583930 0.1081964273
