0 0.1541624425 0.2321844332 0.2660686303 0.1910412832
0 0.5866140362 0.1513808911 0.1052858341 0.1874836976
1 0.4596000340 0.3385860926 0.0596325481 0.0996076065
1 0.6831218648 0.1204539014 0.0222311395 0.1401812355
0 0.2879695142 0.7293719680 0.0824611024 0.2156734826
0 0.6188025939 0.7407623044 0.1062069847 0.2394476631
0 0.8247722997 0.7741831242 0.0815861862 0.1868263923
1 0.0524167156 0.6854891096 0.0638953203 0.2377466166
1 0.9729999361 0.5329918052 0.0397640252 0.1130301175
0 0.7824355732 0.2272946237 0.0240310448 0.0415972481
