1 0.5830039207 0.4026403382 0.0825786996 0.1069807740
0 0.4962024521 0.4293855010 0.0910242376 0.1191376327
0 0.3094620139 0.4105423414 0.1529582623 0.1276474255
1 0.3033624454 0.6311900470 0.2083235247 0.1385886639
1 0.0973849200 0.4457973175 0.1360671586 0.1154905259
0 0.4206617008 0.8311710601 0.0957162243 0.2151771684
0 0.7143790412 0.7849748661 0.0994698390 0.3172951744
0 0.9090959342 0.7527590227 0.0609956052 0.2309810928
0 0.8541998579 0.2555418559 0.1032233270 0.3160794004
0 0.6449379612 0.2664830379 0.1294984397 0.3355304213
0 0.3779647772 0.2257574400 0.1135457040 0.3172950975
0 0.1579113570 0.2063063807 0.0619340247 0.1714122765
