0 0.5797416216 0.1863528582 0.1255759534 0.1778751153
0 0.7582591116 0.1690637240 0.1192396376 0.1739962957
0 0.9510502568 0.1485553216 0.0727578246 0.1481388165
0 0.3415338304 0.1942043671 0.0748737665 0.1515439107
0 0.0544227741 0.2547644591 0.1088455483 0.0882961567
0 0.0689561255 0.7763804411 0.1379122510 0.0905318627
0 0.4048789319 0.8146774341 0.1125790443 0.0954986474
0 0.6828073007 0.8253693458 0.0812304085 0.0877604851
0 0.8736009763 0.8355807524 0.1380058383 0.1208807627
1 0.9765784370 0.5239906311 0.0468431261 0.0458620512
1 0.6557538445 0.5699063570 0.0442966791 0.0339645484
