1 0.8039278393 0.3495258430 0.0866462140 0.1663388348
1 0.9058701696 0.3044082774 0.0866329729 0.1999548112
1 0.9560078077 0.2408887341 0.0778988294 0.1597620019
0 0.5262056461 0.8124617361 0.1043204315 0.1880108085
0 0.6913836771 0.7913563402 0.0945100390 0.1692066129
0 0.1706293989 0.8967639738 0.2580411769 0.1584420608
0 0.2941939378 0.1396781062 0.3647433037 0.1852551485
0 0.7428960248 0.1208312920 0.1205554048 0.1799169587
0 0.5838062192 0.1265637374 0.1056511619 0.1971720976
1 0.9252094237 0.4751286415 0.0451484869 0.0535657706
0 0.9016925402 0.0982666411 0.0945176054 0.1801231656
