0 0.7495037494 0.7924359150 0.0819480820 0.0516221462
0 0.5490632765 0.7759455167 0.0708739781 0.0616597885
0 0.2539395814 0.7565872241 0.0764109923 0.0487542275
0 0.5529391789 0.1980641622 0.0586925167 0.0530560934
0 0.7279093148 0.1865925789 0.0697665828 0.0530561056
1 0.3524987155 0.5429288424 0.1605738460 0.0716974307
1 0.6614649744 0.5687399155 0.1871515784 0.1089801299
1 0.8624591639 0.5830794114 0.1926885926 0.1347911541
1 0.1061008878 0.5027782734 0.2059775004 0.0917727153
1 0.4122986369 0.4145904199 0.2425219092 0.0989424388
1 0.9754145783 0.6712672405 0.0420813985 0.1018103575
1 0.9139535356 0.3278365257 0.0343296315 0.1204517071
1 0.7218186029 0.3866284322 0.0465110552 0.0688295364
1 0.1742063466 0.3651192127 0.1428553515 0.1319233087
1 0.4831726339 0.5615701920 0.0896998868 0.0602258536
1 0.9322257089 0.7852661426 0.0398666080 0.1376590240
