1 0.3977268178 0.6258584253 0.1649376109 0.1080824302
1 0.6286867381 0.5849836918 0.0705365587 0.0534880892
1 0.3035853307 0.2691542694 0.0487345988 0.0830552568
1 0.8754327086 0.2617851597 0.0769603747 0.0750876567
0 0.8954665119 0.6306855154 0.1633756729 0.2420868043
0 0.5533624403 0.7252841182 0.0885936818 0.1360234352
0 0.2475208138 0.7144571528 0.0523543656 0.1397836044
0 0.0676267972 0.6916122745 0.0626899218 0.1329162433
0 0.2252739178 0.1259853734 0.0637002897 0.1532039720
0 0.4785039263 0.1566437015 0.0396643578 0.0826623173
0 0.6976359407 0.1607090980 0.0705134455 0.1258674858
0 0.9482218214 0.1237818915 0.0736604346 0.1600773820
0 0.0514444903 0.1027203481 0.0721031382 0.1420021778
