0 0.1909036731 0.1411185004 0.0881173540 0.1676964101
0 0.4249501748 0.1446535840 0.1004025299 0.1497742509
0 0.7515212333 0.1323219940 0.1412697216 0.1915571544
0 0.5833171996 0.1539961456 0.1169553322 0.1905588598
1 0.2737263028 0.8376079940 0.0429267128 0.0781731314
0 0.2435981071 0.8579460954 0.1583238356 0.1236055626
1 0.2002078708 0.8219604002 0.0394551872 0.0896946947
0 0.5300842512 0.9082773337 0.1154755696 0.1704548532
1 0.7500501954 0.8313424457 0.0404345069 0.1235242641
0 0.7281113426 0.9000930786 0.1044260157 0.1681352229
1 0.9271545032 0.8557628619 0.0417846831 0.1122702939
0 0.8867661504 0.8866154711 0.1167770990 0.1184940645
1 0.9441056204 0.1907423823 0.0404468196 0.0564461613
