1 0.1061521765 0.6748708806 0.0399845916 0.0547172193
0 0.1547590924 0.8914562816 0.1550337388 0.1859782556
0 0.3981208841 0.8746722686 0.1394679514 0.1496089165
0 0.6995535597 0.8027173457 0.1281333695 0.1755001035
0 0.9524597357 0.6544027962 0.0831390980 0.1478819614
0 0.5992976349 0.0896451120 0.1262886181 0.1379824100
0 0.3346689376 0.0692461297 0.1144351427 0.1384922593
1 0.1503787706 0.1035959972 0.0526696553 0.1113348487
0 0.1362206381 0.0761479225 0.1246939406 0.1522958450
1 0.8037699844 0.1258810569 0.0484926526 0.0864669063
