0 0.4612067560 0.1177821147 0.0560881494 0.1746479148
0 0.6963125035 0.1841104153 0.0568109674 0.1409144543
0 0.9395540289 0.2096639206 0.0541235250 0.2221859523
0 0.2055214039 0.1766532528 0.0492335728 0.1296480287
0 0.0332123873 0.1652946061 0.0289126371 0.1734586855
0 0.0924002784 0.6722626185 0.0867360709 0.2159221063
0 0.2660649223 0.6759104767 0.0907437816 0.2007785190
0 0.5317611378 0.6315411056 0.0679394898 0.1412163089
0 0.8078650244 0.6280783887 0.0707720328 0.1165819605
1 0.2989965008 0.3297381645 0.0755030946 0.0557510705
1 0.5912206425 0.3103469581 0.0950821586 0.1606652396
1 0.8041264315 0.3161762166 0.0881134096 0.1106861043
1 0.3607116604 0.5440499031 0.0656299473 0.0474258793
