0 0.7090865162 0.7613646625 0.0653379457 0.0720136644
0 0.3895951735 0.7916104350 0.0908086273 0.0921775455
0 0.0656741614 0.7174363179 0.0542636904 0.0820956295
0 0.4421977595 0.1571698615 0.0387597823 0.0417679288
0 0.1991185468 0.1586101326 0.0376523572 0.0302457479
0 0.0474016953 0.1175623332 0.0553711155 0.0374471033
1 0.0779645416 0.3775317294 0.1559290833 0.0907372437
1 0.8513902856 0.4488252429 0.0598008393 0.0489692780
1 0.3115219059 0.5446034692 0.1118496466 0.0590512432
1 0.6719878810 0.3732109101 0.0863789649 0.0705733872
1 0.5889312290 0.5193987039 0.1461797665 0.0489692780
