0 0.2517133993 0.1373919965 0.0793187396 0.1738436256
0 0.4509434039 0.1604900913 0.0597223317 0.1130591693
0 0.7010307865 0.1683920862 0.0746529463 0.1215690258
1 0.5745873303 0.1349606041 0.0718534797 0.1033336308
1 0.8237414943 0.1446861066 0.0382596286 0.0911767590
0 0.2731761103 0.7415898658 0.1129125749 0.1616866973
0 0.4817377252 0.7531389685 0.0802519425 0.1896476308
0 0.7668186290 0.7367271377 0.0587891762 0.1519612411
1 0.9077260272 0.7415899070 0.0681207945 0.0765885439
0 0.1000746417 0.7725900044 0.0466580914 0.0996865847
1 0.6389755028 0.7896096763 0.1166451970 0.0778042259
