0 0.6326832027 0.2132987259 0.0727143312 0.1613215606
0 0.8029547201 0.1883428586 0.1166662711 0.2460106357
0 0.2572087285 0.2305111059 0.0699669602 0.1779386994
0 0.9079459189 0.7742436556 0.0409858333 0.1660125118
0 0.7296393157 0.7301636971 0.0654025467 0.1972211390
0 0.5370928381 0.7062575782 0.0837028685 0.1711811655
0 0.2416900035 0.6639806760 0.0997620576 0.1944109411
1 0.1202255336 0.3907867636 0.1669063075 0.0944803737
0 0.4697902644 0.1788208417 0.0375015590 0.1173073173
1 0.5787134654 0.2873533467 0.1308131410 0.2362717699
1 0.4159466527 0.4124064196 0.1851677564 0.0867381256
1 0.1672869172 0.5904996322 0.1705392011 0.1831187818
1 0.4130066928 0.6200996348 0.2404249284 0.2093186756
1 0.6533701442 0.6619217226 0.1232273295 0.1571820765
1 0.7289587768 0.3685856147 0.1801341233 0.1426701283
