1 0.4833948221 0.1847086145 0.1006281537 0.0916757264
1 0.2448974309 0.1817464585 0.0799946240 0.0717144140
0 0.0847311124 0.1389221396 0.0759499240 0.1421291275
1 0.8604348267 0.1625952087 0.0397107420 0.1071756657
0 0.8430864124 0.7129458639 0.0736339745 0.1061359175
0 0.6584957969 0.7129790850 0.0657916042 0.1207229921
0 0.3755882488 0.6921502849 0.0310621898 0.1010821246
0 0.0442538422 0.6268437942 0.0716023393 0.2496251868
1 0.2085627256 0.6989088635 0.1248171629 0.1067767047
1 0.5262579368 0.7232952348 0.1325897043 0.0856667333
1 0.9403804931 0.7664127631 0.0388207591 0.1280618348
