0 0.8981437604 0.1688550310 0.1835838934 0.3192116939
1 0.8074273530 0.7811812534 0.0964339673 0.1017047513
0 0.4092672913 0.7717355708 0.0531383064 0.1522971533
0 0.6766488527 0.7855519120 0.0524771554 0.1296819871
1 0.5442710545 0.8038840345 0.0983196124 0.1039596065
0 0.2236766776 0.7429663750 0.0494694048 0.1379820711
0 0.9571252985 0.7470469321 0.0605645032 0.1720046177
0 0.0655468374 0.7262967017 0.0415449913 0.1374803769
0 0.3518082676 0.1447739044 0.0656255244 0.2523092647
0 0.1915925620 0.1434620978 0.0512107391 0.2371115967
0 0.6012458248 0.1678031670 0.0423644640 0.1902188383
