0 0.6287294391 0.1914901733 0.0748153134 0.1580397032
0 0.3938661579 0.2054706090 0.0426163272 0.1592553682
0 0.2352387655 0.2139804380 0.0700801618 0.1568239782
0 0.0714027002 0.1890588013 0.0549276924 0.1604710933
0 0.6381997424 0.7300408546 0.0880736930 0.1434514231
0 0.3531439063 0.7470605007 0.0748153134 0.1847848253
0 0.1973575899 0.7810998410 0.0549277065 0.1556083854
0 0.9260965796 0.6200208972 0.1316370581 0.1009022237
1 0.7518432692 0.1422547475 0.0880737679 0.1154905579
1 0.5184004885 0.8364137089 0.1060672242 0.1154905399
1 0.7864097750 0.7270016501 0.1420543242 0.1130591859
