0 0.1235752047 0.1246182880 0.0790512589 0.1639092481
0 0.1632418008 0.7747288366 0.1103715611 0.2633099300
0 0.3377373442 0.7301360715 0.0715090788 0.1848822563
0 0.6525676086 0.7722838002 0.1424615976 0.2428933831
0 0.9485475522 0.6912083780 0.0942139680 0.1655389929
0 0.5587676435 0.1944871000 0.0814651474 0.1366191372
0 0.2959010043 0.1822948097 0.0586873813 0.1239348278
1 0.2045780335 0.2218484007 0.1166724175 0.1921690972
1 0.4020431723 0.2542430457 0.1448636365 0.2260091741
1 0.6750709053 0.3471737318 0.0920287330 0.0784423582
1 0.7589247382 0.3455688518 0.0661462365 0.0808242060
1 0.6890550422 0.1701354416 0.0438135421 0.0587949343
1 0.4661662256 0.6251680723 0.2845067515 0.1583027583
1 0.7559447234 0.6520427991 0.2178415903 0.1951773859
