0 0.1946979450 0.1380334883 0.0427152223 0.1513541306
0 0.3790805338 0.1972675616 0.0421193849 0.0960343283
0 0.6542214576 0.1640339715 0.0580729343 0.1396143118
0 0.9277549588 0.1400586346 0.1291479779 0.1931749404
0 0.9176327362 0.6269314395 0.1143352468 0.1878007351
1 0.9382790559 0.7902218719 0.1094393150 0.1036211166
1 0.7746397305 0.1793827806 0.0768531766 0.1086386062
0 0.5930423089 0.8160500307 0.0870932095 0.1030105184
0 0.2784863873 0.7758342277 0.0827745858 0.1106819023
0 0.0904687477 0.7792527886 0.0604516466 0.2274452647
