0 0.2942747134 0.1372903537 0.0664296815 0.1386109323
0 0.6906335789 0.1878015460 0.0522192610 0.1766557709
0 0.1040003230 0.1010557708 0.0597281205 0.1507743071
0 0.0922660898 0.6801188381 0.0827198135 0.1349381800
0 0.2776721494 0.6860818940 0.0577355919 0.1785449889
0 0.4538387712 0.6987367054 0.0711788969 0.1578331179
1 0.3626892373 0.6374139247 0.0940273037 0.1773104321
0 0.4630985414 0.1911534878 0.0543067389 0.1547741497
1 0.5581982497 0.3611110262 0.2766006706 0.1186035353
1 0.8866826958 0.3073409763 0.0490374964 0.0858174017
1 0.7687622826 0.3097549340 0.1430781220 0.1493638490
