1 0.3512058930 0.6816412884 0.0690127226 0.0911767441
1 0.2947832453 0.7296609187 0.0792713790 0.1240003896
1 0.1045319092 0.7065628224 0.2061056459 0.1872162504
1 0.5787613829 0.7363472415 0.1697340948 0.1835692770
1 0.7452313033 0.7156804771 0.1743970073 0.2200398468
1 0.6808815874 0.1862475139 0.0494281470 0.0778041723
0 0.2267031184 0.6403077106 0.0736757671 0.3343147610
0 0.4724444554 0.6257194728 0.1100473292 0.4023934332
0 0.6571001568 0.6469939842 0.1175081702 0.3987463123
0 0.8347613574 0.6500332352 0.0867322011 0.3197263758
