0 0.2724043907 0.1137192784 0.0702827884 0.1761226603
0 0.5450468849 0.1162151887 0.0864626362 0.1758450886
0 0.7292169445 0.1284036496 0.0854556668 0.1546702596
0 0.0239646132 0.5408097235 0.0372093997 0.1006939574
0 0.2964244509 0.6174039085 0.0786414914 0.1910099721
0 0.5854705858 0.6511068459 0.0508596380 0.2130336275
0 0.7610726181 0.6412750449 0.0444547079 0.1427264937
0 0.9255005072 0.6219898813 0.0293877798 0.1896236548
1 0.4839891763 0.4842233338 0.2716586302 0.1171079904
1 0.1974007415 0.4548400060 0.1994694809 0.1416204056
1 0.1734043755 0.2781408016 0.1889999524 0.1213798984
