0 0.3794923902 0.1887514442 0.0501556584 0.1161516783
0 0.6129169347 0.1650540253 0.0654230435 0.1092754856
0 0.7652393074 0.2170692438 0.0624422681 0.1110760952
0 0.8409469623 0.7088571580 0.0933657713 0.1441539725
0 0.6569066347 0.6644088250 0.0378005813 0.1217124619
0 0.3885463888 0.6572817503 0.0760034090 0.1612027879
1 0.2447014183 0.3092808425 0.2019399758 0.1658089850
1 0.4913891819 0.2848575559 0.1893976078 0.1687141594
1 0.7064503650 0.2853779313 0.1863125547 0.1937028488
1 0.7183594651 0.5524520572 0.0820600784 0.0695013075
1 0.5238637889 0.6097382872 0.2007975936 0.1470123315
1 0.2547593486 0.5907308378 0.2272354727 0.1859952877
1 0.3199632933 0.8191107646 0.0613655569 0.0655492932
