1 0.6860721164 0.7545182821 0.0255361298 0.0546463390
0 0.8229982729 0.7169489027 0.0792498553 0.2140315391
0 0.6477680159 0.7772876103 0.1127109480 0.2755087497
0 0.3695128641 0.7937953550 0.1215164750 0.2880318193
0 0.0780494384 0.7755799168 0.0757276606 0.3381244388
0 0.0771688850 0.2803472350 0.0898165314 0.2903088252
0 0.2955463174 0.1909776613 0.1074276018 0.2800626214
0 0.5535487045 0.1608083105 0.1637830946 0.2470471016
0 0.7287789804 0.1471467220 0.0704443661 0.2447701764
0 0.8780329575 0.1568236781 0.1012637291 0.2413547695
