0 0.0802960181 0.2166817791 0.0582355430 0.1179119906
0 0.2943426167 0.1705749046 0.1474986784 0.1723794048
0 0.9207124616 0.1605005437 0.1362633993 0.2760972088
0 0.8549936536 0.6312658667 0.2216137001 0.2787087106
1 0.7396358835 0.2182172728 0.0365008529 0.0651009532
0 0.4603642427 0.7712428747 0.0738122275 0.2219562083
0 0.6319383252 0.2402974262 0.0304592872 0.0852496776
0 0.1790151039 0.7650858766 0.0600428855 0.1353343040
1 0.5656838429 0.7012846120 0.0861002920 0.0958107041
1 0.5659051151 0.6006921657 0.1423654955 0.1006831189
1 0.7049283917 0.3705476982 0.1402460458 0.1378914151
