1 0.9254224842 0.2793326172 0.0533214463 0.0511128906
1 0.9602533772 0.3265564819 0.0369810311 0.0277787354
1 0.8045892391 0.2404423706 0.0335408403 0.0200007080
1 0.8299599473 0.1159936127 0.0292407151 0.0600020813
1 0.7985691319 0.2937775635 0.0421411662 0.0377791016
1 0.6403248695 0.4087815552 0.0301007628 0.0433348389
1 0.6368848299 0.2515538818 0.0559015138 0.0711135742
1 0.7405175932 0.2093301758 0.0567615615 0.0555574707
1 0.5758231243 0.3382235474 0.0851422667 0.1355602783
1 0.4162888660 0.3326677979 0.1135230475 0.1377825684
1 0.3311465993 0.7332372559 0.0946025270 0.0500017578
1 0.5074513344 0.7693496338 0.1462039156 0.0622243652
1 0.8204996871 0.6771241943 0.0739619866 0.0888919434
1 0.9563832947 0.5826764893 0.0842822568 0.1155595215
