1 0.4337662300 0.2926203943 0.2768795884 0.2856871820
1 0.6430574038 0.3406401480 0.0913610228 0.1312945212
1 0.7782342895 0.3181498866 0.1025480460 0.1495298324
1 0.9180170270 0.3351695276 0.1639659459 0.1738437037
1 0.7045862201 0.5618957027 0.1137351070 0.1312944966
1 0.8127276834 0.5916801207 0.0783093511 0.1568240258
1 0.8919693588 0.5904643643 0.0857674924 0.1203531081
0 0.8006083737 0.7533668518 0.1155996045 0.2151771299
0 0.8337034698 0.1485611239 0.0941576560 0.2674518155
0 0.5796640900 0.1206002743 0.0615287974 0.1945103830
