0 0.9258168038 0.7494919080 0.0420271730 0.1167062881
0 0.6540412409 0.7877861049 0.0700452462 0.1519612630
0 0.3729262414 0.7786684389 0.0513664992 0.1385886863
0 0.1898746560 0.7379428029 0.0494986276 0.1373729565
0 0.9043362495 0.2790198740 0.0401593646 0.0705099909
1 0.8044050269 0.2389020926 0.0420270467 0.0948238283
0 0.6750547959 0.2936081395 0.0485647234 0.1312945125
0 0.4219579327 0.2820590755 0.0747149567 0.1543926406
0 0.2538493117 0.2790198740 0.0635077116 0.1556083705
0 0.0974149294 0.2437648889 0.0737810012 0.1240003592
