0 0.6790412824 0.2331202136 0.1754047197 0.3091500335
1 0.8510965878 0.2717794364 0.1922514925 0.1390785638
1 0.7275480919 0.6031408913 0.1963024651 0.1485200987
0 0.7383777422 0.7410713288 0.0675611988 0.1180846264
0 0.4727940353 0.7278259606 0.0979890174 0.1580127906
0 0.2954078596 0.7361335190 0.0992850707 0.1514756214
0 0.1414440430 0.7639417892 0.0504593839 0.1558118694
0 0.0820056896 0.1277110689 0.0477210881 0.1372369019
0 0.2701442365 0.1679762613 0.0635414517 0.1398028018
0 0.4344876633 0.2244845117 0.0634165341 0.1443599737
