0 0.1959301595 0.2028068278 0.0623548430 0.1437757862
0 0.3663122279 0.2421114458 0.0556438309 0.1139632970
0 0.5409722500 0.2858304155 0.0685570775 0.1647238044
0 0.7837688914 0.2557101991 0.0435035450 0.1334594554
1 0.6821635458 0.1781110495 0.0686292306 0.0746225608
1 0.6831279882 0.4021128271 0.1524368154 0.0762036713
1 0.9388412608 0.3698107576 0.1223174784 0.0854529074
1 0.4585098210 0.3946916087 0.1549072266 0.1090747424
1 0.2871037026 0.3740883089 0.1410910076 0.1533146074
0 0.0875090064 0.7380453966 0.0558184987 0.1400942745
0 0.2840087966 0.7408816378 0.0729427598 0.1654146672
0 0.4845141821 0.7694255574 0.0746611603 0.1448022441
1 0.6302356933 0.6224345316 0.2103364134 0.0891636088
0 0.8042399089 0.7363770367 0.0798510772 0.1697692625
1 0.9266938277 0.5519483691 0.1466123446 0.0601815002
