0 0.1260396895 0.1779343336 0.0505943081 0.1458410530
0 0.3584871011 0.1841140359 0.0744595436 0.1285378826
0 0.6133678612 0.2088328551 0.0954609420 0.1878630529
0 0.7851975506 0.2236641579 0.0840055936 0.1952787120
1 0.9226613210 0.1760804214 0.0286382763 0.0506736004
0 0.0854687876 0.6784904873 0.0630042268 0.1829192563
0 0.3599190117 0.7205124770 0.0582312018 0.1853911597
1 0.6071628624 0.7143327799 0.0066822918 0.0420220305
0 0.6362784633 0.7025913614 0.0420027968 0.1965146841
1 0.6935550159 0.5246158301 0.0668226657 0.0778643026
0 0.8076308596 0.7069171310 0.0372298034 0.2199974801
0 0.9670506461 0.7656243459 0.0315021608 0.1742676762
1 0.2343878748 0.1729905575 0.0801872021 0.1062909463
1 0.5035877494 0.1983273526 0.0840056568 0.1273019411
