1 0.9059414141 0.2563478516 0.0847664965 0.1795050732
0 0.8345775180 0.1195424548 0.0817332418 0.1582509552
1 0.5733945386 0.2415211104 0.2857083766 0.2987029700
1 0.7816639213 0.2538262647 0.1304369599 0.2687530723
0 0.2782385560 0.2017904883 0.3072306894 0.2887112702
0 0.3674567904 0.8273203971 0.1128894946 0.1799447196
1 0.1813041778 0.5512527096 0.1795484658 0.1218815313
0 0.6212675092 0.8675742342 0.1662771321 0.1204729517
0 0.8687755192 0.7924518431 0.1199648048 0.0582132262
1 0.4602722547 0.7569178867 0.1346822345 0.2287516632
1 0.6172771424 0.7190850970 0.1134969097 0.2370225850
1 0.7618539557 0.7003877953 0.1871701007 0.2078707713
