1 0.2120729123 0.7537712901 0.0505323186 0.0881140932
1 0.4991861728 0.7753536995 0.0481678287 0.1150403195
0 0.9012884227 0.1525950750 0.1333827147 0.1509845454
0 0.5961534573 0.1465693817 0.3896823878 0.1785007578
0 0.1809741446 0.1205367765 0.2199119266 0.2362588346
0 0.1797910957 0.7683826793 0.1553942441 0.1527942219
1 0.4348285802 0.7992123813 0.0298889311 0.0709253558
0 0.4564945518 0.8443171163 0.1312997863 0.1478412410
1 0.7192469952 0.8595650045 0.0309866209 0.0793946589
0 0.7441637112 0.8849326247 0.1407277563 0.1792419384
0 0.9160327133 0.8558909139 0.0709793600 0.1464099838
