0 0.5802752282 0.2725805689 0.0726600836 0.1805042398
0 0.3969560418 0.2437809008 0.0714850307 0.1544204825
0 0.1609344325 0.2372964023 0.0618712370 0.1329779077
0 0.7874792115 0.2819188453 0.0753517466 0.2103038657
0 0.9748517186 0.2605994579 0.0502965628 0.1529453296
0 0.8400849587 0.7900181163 0.0464311710 0.1224024192
0 0.6533000095 0.7870355917 0.0723265341 0.1556425178
0 0.4450887727 0.7967077169 0.1257669433 0.2187118786
0 0.1360819517 0.7570658544 0.0559971943 0.1760646597
1 0.3078200522 0.7163494615 0.2145776197 0.2351876817
1 0.0543897507 0.5786260294 0.1087493148 0.1327287970
1 0.2798526386 0.3919534574 0.1362998584 0.1079218181
1 0.0651022708 0.3429231458 0.0917826625 0.1152728858
