1 0.7707716673 0.7254562684 0.0629812788 0.0840440211
1 0.5236179086 0.6204012624 0.0629812472 0.0766283314
0 0.4720878029 0.7297820636 0.0477130584 0.1347176221
0 0.2845754145 0.7254562480 0.0772951900 0.1211222249
0 0.1008800576 0.7371977126 0.0534386450 0.1396613881
0 0.2554704296 0.1581592687 0.0496215978 0.1235941079
0 0.4229433360 0.2255180645 0.0333991630 0.1767395816
1 0.4558653681 0.2378774743 0.0190852360 0.0358423031
0 0.6114100099 0.2477650062 0.0572557080 0.1371894642
0 0.8638121770 0.2712478842 0.0563014777 0.1099987719
