0 0.1525235406 0.1103168638 0.1012480552 0.2080083243
0 0.4944959154 0.1196707459 0.1054506386 0.2002877104
0 0.3273442020 0.1241860573 0.1210997871 0.2212382140
0 0.7431879266 0.1257936176 0.1020222708 0.2305821968
1 0.1098573903 0.7652877242 0.0503377811 0.0829727943
0 0.0815665701 0.8025818899 0.0888777643 0.1212775542
0 0.2544732037 0.8365543866 0.1435266828 0.1863619101
1 0.4160962888 0.7649029356 0.0309478902 0.1118788799
0 0.4508465175 0.8156965570 0.1120375046 0.1279118496
0 0.7453706525 0.8506585426 0.1178807911 0.1947048200
