0 0.8189954156 0.0811812339 0.2758631267 0.1220045910
0 0.4624002766 0.1152732475 0.0698599751 0.1771914010
1 0.5690506755 0.4054527898 0.1113294505 0.0324386679
0 0.3029502387 0.1187673782 0.0416834140 0.2195804581
0 0.1116213715 0.0979385837 0.0508926534 0.1052351613
0 0.9146133312 0.4966328221 0.1570454137 0.4457864864
0 0.6250409636 0.7871871661 0.1618220616 0.2275239268
1 0.3782124879 0.6607302594 0.0577809788 0.1619635141
0 0.3530173238 0.7963154495 0.1423943568 0.2383689880
0 0.1189189939 0.8353615217 0.0603251571 0.1578346170
