1 0.7498736288 0.3149901379 0.1616834571 0.0929682205
0 0.6099076187 0.1320291095 0.0527544881 0.1512207565
1 0.5644377239 0.3940326868 0.0735321836 0.0790534157
1 0.2669676628 0.3645869590 0.1792664207 0.1260839384
1 0.4260421120 0.3614285026 0.1391467633 0.1254386568
0 0.3522111013 0.2088202481 0.0360585267 0.1225267524
0 0.1856079576 0.1885325028 0.0876690010 0.1667696472
1 0.0952669183 0.3644374701 0.1547213283 0.1254714525
0 0.0401419348 0.1346434854 0.0595079214 0.1536228357
0 0.1018709410 0.7404399531 0.0495359273 0.1388982428
0 0.2762753897 0.7649126906 0.0709935480 0.1291510474
0 0.5858797538 0.7614635680 0.0932830969 0.1337689500
1 0.6530233274 0.5712043439 0.1903905365 0.1150539375
1 0.4166933682 0.6167311935 0.2514226568 0.1313658806
1 0.1980526306 0.6123965070 0.1223057880 0.1256158517
1 0.0373117911 0.6053532881 0.0746235823 0.1498141773
