0 0.2967808067 0.8074688504 0.1045991688 0.2557066888
1 0.2679871511 0.1125831235 0.0188539408 0.1281646753
0 0.3642776923 0.1081519745 0.0608912823 0.1940454561
0 0.9288213138 0.1420444928 0.1313185344 0.2040140241
0 0.7698390286 0.7622475985 0.0864320432 0.2548905279
1 0.9089813044 0.6807218051 0.1186641886 0.0721315639
0 0.4681622443 0.7553651229 0.1001675939 0.1703965437
1 0.6508058942 0.9296276443 0.1063346721 0.0917905847
0 0.1271279221 0.7939819729 0.0753275491 0.2910590671
0 0.6347663795 0.1288659223 0.0609748001 0.1970862175
0 0.1707917297 0.0978932419 0.0543854363 0.1673014145
1 0.0467655438 0.5468836982 0.0753646763 0.1303167420
