0 0.8001006194 0.6516288608 0.0757428561 0.1592554155
0 0.6144837186 0.6801975531 0.0822886867 0.1677651897
0 0.3129147257 0.6698641735 0.0850939296 0.1641181436
1 0.4723488899 0.7251780761 0.1271732694 0.1045493128
0 0.8968832246 0.1538037964 0.0841588064 0.1361572976
0 0.7196822107 0.1756862144 0.0794832855 0.1604710667
0 0.5476242477 0.1817646657 0.0850939296 0.1215689949
0 0.3021610941 0.1969607888 0.0673270324 0.1203533232
0 0.0450092401 0.1866274298 0.0561058571 0.1069807386
0 0.0234397219 0.6309621429 0.0468794439 0.1179219797
1 0.4260615432 0.1696077528 0.1019256085 0.0996865744
