1 0.3331178543 0.4004409400 0.2768535575 0.1799734534
1 0.5180560284 0.4097995681 0.0708744847 0.0863872543
1 0.6476235084 0.3435693692 0.1882604753 0.1986907713
1 0.3934719331 0.6308069653 0.1650047223 0.0964657769
1 0.6957960425 0.6092101311 0.1782936744 0.0849474654
0 0.7007794114 0.1844727887 0.0708745163 0.1079840782
0 0.4327851448 0.1981507785 0.0775189765 0.0518323608
0 0.8951306077 0.1635958747 0.0741967622 0.0777485412
0 0.8630155954 0.7495894297 0.0321150438 0.0345549346
0 0.5684434089 0.8086207353 0.0719819316 0.0979055659
