0 0.1132706047 0.2198457536 0.1334416918 0.2685657259
0 0.4094696705 0.1523543343 0.0332364512 0.1085442437
1 0.2973030472 0.1805717166 0.0306902974 0.0687784710
1 0.2983125212 0.7215518043 0.0882165542 0.0450243753
1 0.7394616526 0.1884496114 0.0314440006 0.0978012206
1 0.9332314975 0.3285029093 0.0789574758 0.1734339638
0 0.8240894037 0.2041150714 0.0875682960 0.1660628667
0 0.6551970964 0.1940544552 0.0377859265 0.1274662442
1 0.2942765668 0.5586852543 0.0955464279 0.0745991056
0 0.7119696690 0.7595513238 0.0383794642 0.1209933811
1 0.7952207927 0.7797503517 0.0435537676 0.1425446525
0 0.8881078936 0.7436374967 0.0394143098 0.1113943433
0 0.1058606442 0.5903950040 0.1802913473 0.2160648406
0 0.4141694906 0.7830320086 0.1213397002 0.2109167190
1 0.5927249939 0.7324604095 0.1202267416 0.0845844087
