1 0.1452124830 0.3613068734 0.1496163748 0.2018045487
1 0.2534255886 0.5740526507 0.1025671798 0.0729413925
1 0.3574042731 0.6014056298 0.0828065717 0.0814512191
1 0.3061206832 0.8354259614 0.0724557407 0.0753727575
0 0.4063354187 0.7685630060 0.0621049098 0.2090986683
0 0.6749862309 0.7600531793 0.0762196516 0.2309810515
0 0.8575370112 0.7284452377 0.0291703852 0.1726279966
0 0.1160420002 0.7424256602 0.0630458970 0.1714122649
0 0.4058649489 0.1753063217 0.0818655559 0.2796087173
0 0.1757944514 0.1856396675 0.0715147249 0.2103143815
0 0.6566370513 0.1661886281 0.1242098957 0.3075695645
0 0.8090763925 0.1522081798 0.0959803359 0.2723145285
