0 0.7435757292 0.2109412347 0.0670808054 0.2042359506
0 0.4920225202 0.2085098451 0.0596273868 0.1361572881
0 0.3000968018 0.2407256342 0.0540373322 0.2176085441
0 0.1445064898 0.1738626849 0.0614907603 0.1470985043
0 0.7067744346 0.7294330228 0.0885094264 0.1738436791
0 0.4268050600 0.7069427244 0.0763976447 0.1629024875
0 0.2446619418 0.6978250565 0.0680125346 0.1787064583
0 0.0662455093 0.7087662728 0.0447205589 0.0814512191
1 0.6247866787 0.1665685285 0.0791926248 0.0911767406
1 0.8339485385 0.1538037823 0.0447205872 0.1167062329
