0 0.6678495244 0.1899240555 0.0788712030 0.1853648770
0 0.4410744444 0.1928420016 0.0609105889 0.2087660143
0 0.2828079137 0.1568545654 0.0716630806 0.1675573421
0 0.1276053335 0.1527691528 0.0752017763 0.1272304853
1 0.3226176202 0.3116412009 0.1338964509 0.1557362054
1 0.5750085247 0.3357926851 0.2136274404 0.1225920236
1 0.8188571703 0.3333249964 0.1956254830 0.1177735893
1 0.5678742862 0.6404520260 0.2329036450 0.1528129167
1 0.8118096484 0.5363636632 0.1732723922 0.0901294011
1 0.3625479273 0.5524204623 0.1461412696 0.1256416895
