1 0.9353009318 0.8336506942 0.0073308599 0.1096058328
0 0.8336907421 0.8542195830 0.0693893828 0.1289202971
1 0.6689329157 0.8176701624 0.1027109729 0.0895780869
0 0.0885720307 0.2297243398 0.1227998052 0.1768468084
1 0.2810474455 0.2366551827 0.0686353298 0.1021823190
1 0.3916524304 0.8568673833 0.0956686860 0.1354249361
0 0.6661472143 0.2050507803 0.0613835943 0.1005742932
0 0.8503632066 0.1728086125 0.0810908026 0.1882360107
0 0.9459481195 0.1582638110 0.0518232751 0.1398742594
0 0.3960579353 0.2425009110 0.0469499815 0.0923890721
1 0.5270892049 0.2254987283 0.0847864339 0.0966267644
0 0.5472827813 0.8602526987 0.0491282725 0.1055011980
