0 0.9750259502 0.6947858415 0.0499480997 0.1094121287
0 0.8182439150 0.6978250525 0.0635669663 0.1592553367
0 0.6471739558 0.7744135303 0.0972200328 0.1641180907
0 0.3541114496 0.7750213848 0.1261991409 0.2090986675
0 0.0764733148 0.7154524437 0.0663714160 0.1580397505
0 0.9449104360 0.1957450933 0.0308486600 0.1203532945
0 0.7607531732 0.2103333758 0.0813283542 0.1787064243
0 0.5845417497 0.2109412252 0.0916112198 0.1823535205
0 0.3330782595 0.2425491773 0.0841327606 0.1434513862
0 0.1091915994 0.2012157018 0.0570233224 0.1604710764
