1 0.8510266756 0.7108572009 0.0609275227 0.1111903290
1 0.6704753486 0.7353622756 0.0551979278 0.0981168148
1 0.9559695406 0.6882630623 0.0480006924 0.1475964238
1 0.3785367322 0.7151305219 0.0339707318 0.0843302900
0 0.3502351365 0.7632938207 0.1110153718 0.1253957948
0 0.6247717512 0.8461877697 0.1427622131 0.2722460859
1 0.7795358380 0.7134410717 0.0351428714 0.1077703946
0 0.8275599996 0.8453460546 0.1460494570 0.2669318010
0 0.3408573021 0.1349919944 0.1137725736 0.2211856688
0 0.5764096476 0.1192392408 0.1121788001 0.2157179753
0 0.7224691385 0.1211631862 0.0981214777 0.2131630764
0 0.8703659010 0.0984582594 0.0779181229 0.1854642632
0 0.1856135838 0.7802074144 0.1402505030 0.1778339871
1 0.0858285535 0.6245173210 0.1565509991 0.1611866728
