0 0.6029854884 0.2098989474 0.0649164001 0.1426653445
0 0.7739007751 0.2195042319 0.0725645650 0.1438400248
0 0.9198526829 0.1925212506 0.0688516245 0.1553422766
0 0.3753189859 0.2224156212 0.0833033826 0.1285811536
0 0.1779109612 0.1990555806 0.0427705275 0.1157024584
1 0.0470791060 0.3109484502 0.0489111783 0.0971200771
1 0.0868329485 0.4788202052 0.1432200049 0.1239143053
1 0.2160489896 0.3736695383 0.1315090309 0.1111873457
1 0.5293624138 0.3844078957 0.2336751428 0.1024164582
1 0.7083618668 0.3634854364 0.0866859208 0.0639453544
1 0.2718153836 0.6123011757 0.1146515963 0.0903775817
0 0.3787944624 0.7728009846 0.0949027708 0.1784578429
1 0.5344576211 0.6353702263 0.2398208602 0.1417165682
1 0.7323388886 0.6315326511 0.1073735634 0.1543425487
0 0.6473072473 0.7521224503 0.0553114569 0.1919342493
0 0.8135696584 0.6855138930 0.0642804125 0.2041599690
