1 0.0552040237 0.6598401066 0.0421544718 0.1186916895
0 0.0793930345 0.8054530215 0.1050055303 0.2246366220
0 0.2300671780 0.8680580256 0.1071627499 0.2102160949
0 0.4243496672 0.7600199463 0.2072926454 0.4799601073
0 0.6694308693 0.8572349825 0.1693064529 0.2081508344
0 0.2719674249 0.0806923005 0.1186466867 0.1613846010
0 0.1053630784 0.0617406166 0.1457176421 0.1204358340
0 0.4541483322 0.1225747885 0.1138302259 0.1991897540
0 0.6906821150 0.1707568603 0.1109623681 0.1890874674
0 0.9393144431 0.1497794381 0.1114663906 0.2657150020
