0 0.1119839669 0.2104310182 0.1368090217 0.2641458012
1 0.1795216008 0.3767259031 0.0304965146 0.0366219298
0 0.6136310109 0.2291923603 0.1493869106 0.1846693409
0 0.8047258455 0.1707653196 0.1087806825 0.3208801737
0 0.9613514348 0.2289596176 0.0772971303 0.2611957461
0 0.0481912265 0.6352859485 0.0963824531 0.2454479380
0 0.4192314101 0.7913825245 0.1801669701 0.1531676508
0 0.7850130027 0.7987425971 0.0396255058 0.2419296867
0 0.3093421303 0.1006831093 0.0735151440 0.1436343873
1 0.5070047674 0.6527777832 0.1601102278 0.1214423537
0 0.1722100599 0.8732680475 0.0494888665 0.1350017981
0 0.6266667438 0.7986186824 0.0308172328 0.1475093820
