0 0.2858583596 0.0965948086 0.0648270127 0.1003923204
0 0.1197337867 0.0814149979 0.0773757476 0.1051174228
0 0.1960632767 0.6099175553 0.0633183829 0.1441859595
0 0.0322474663 0.6020121873 0.0644949327 0.1161082669
0 0.4910890409 0.7324424667 0.1065292516 0.1956609553
0 0.7646550718 0.6492524118 0.0885041357 0.0871576277
0 0.7555254824 0.1560906972 0.0466793210 0.0863529398
0 0.5315728197 0.1110911873 0.0554763762 0.1260855010
1 0.4028645707 0.1991485801 0.2318021091 0.2828083693
1 0.6482832220 0.2543904725 0.2605999933 0.1775532629
1 0.3483886482 0.6114266649 0.2508397547 0.2661813858
1 0.6154101828 0.5595506662 0.2522266459 0.2325760042
1 0.8621663475 0.5325875741 0.2111849893 0.1222129745
