0 0.2959592048 0.5929616251 0.0944244863 0.1001563345
0 0.0982119904 0.6468822820 0.0590740240 0.1288557229
0 0.4559913564 0.5162742412 0.0819456860 0.1074902265
0 0.2587087984 0.1235325691 0.0573237978 0.0592073853
0 0.4214850447 0.0602971965 0.0488772975 0.0646796161
0 0.0930877996 0.1584428648 0.0446746683 0.0689129757
1 0.1825042438 0.4687201944 0.0389438354 0.0320847527
1 0.6594822994 0.3127782550 0.0208891005 0.0486935579
1 0.4551188023 0.1425959310 0.0250607673 0.0461628209
1 0.8004865593 0.0645802222 0.0301926951 0.0159131861
1 0.2647881296 0.2100878506 0.0233983150 0.0448842006
1 0.4411221782 0.3298905634 0.0251227208 0.0284873858
