1 0.6977583607 0.6361322960 0.0147291227 0.0728048167
1 0.9015112772 0.6984714280 0.0336665752 0.0318521944
1 0.5087345036 0.2033985412 0.0504998944 0.0536935779
0 0.7282687043 0.1642659164 0.0841664695 0.0591539289
1 0.8846779896 0.1656310144 0.0210415858 0.0491432513
1 0.4526234976 0.2388908842 0.0434860008 0.0828154841
1 0.0875514645 0.1738215562 0.0385763038 0.0873658005
1 0.1419089773 0.7207679108 0.0322638170 0.0891858902
1 0.6739111796 0.7526200027 0.0231457823 0.0509633307
1 0.4477138006 0.7576253774 0.0462915330 0.0500533371
1 0.9439452114 0.1870174267 0.0455901025 0.0900959863
1 0.2653531219 0.2093139198 0.0154305215 0.0564237022
1 0.9302681870 0.3003199509 0.0280555109 0.0327621675
