0 0.1495578454 0.8608179022 0.1633600908 0.1958952609
1 0.1035609714 0.6434469856 0.0355643319 0.1114133532
1 0.1568701743 0.7293586143 0.0375916443 0.0252387535
1 0.6968202009 0.6912525773 0.0546816931 0.0520735088
0 0.7015622602 0.8475637762 0.1377459332 0.1932656322
0 0.4001323302 0.8725335411 0.1416094838 0.1856305476
1 0.5676239550 0.9363559285 0.0522070237 0.1174101903
0 0.9538867718 0.6329494709 0.0688077656 0.3006589341
0 0.8247814159 0.1780105146 0.0631871662 0.2975275000
0 0.3170424642 0.0994287231 0.0537915708 0.1725728363
0 0.5919098563 0.1164822914 0.0581165775 0.1499879173
0 0.1333276301 0.1513813333 0.0528641299 0.2167875775
