0 0.1805330479 0.1135926687 0.0503949145 0.1640128086
0 0.3440621044 0.1422953641 0.0574957471 0.1795731980
0 0.5236223219 0.1367912010 0.0575975038 0.1774876106
0 0.7625956973 0.1284457777 0.0695000207 0.2029561193
1 0.7944175319 0.2976091196 0.0404584351 0.0549207959
0 0.0513307337 0.7788175659 0.0681955084 0.1576351647
0 0.2377280992 0.8122264736 0.0827949611 0.1550900439
0 0.4171379727 0.7904727290 0.0781366527 0.1887438331
0 0.7162970670 0.8087202652 0.1423353701 0.1372687661
1 0.1383260367 0.5674132478 0.0777249410 0.1049631418
