0 0.2712710058 0.2002246902 0.0652661562 0.1346680291
0 0.5462343941 0.1671349718 0.0671762406 0.1487510410
0 0.7057460895 0.1847025634 0.0435188561 0.1223027768
0 0.8914872767 0.1955416412 0.0530550070 0.1320598979
0 0.7735859324 0.7177245129 0.0940676235 0.2045151541
0 0.5722648353 0.7140101979 0.0650328650 0.1815439337
0 0.3774424968 0.7284077399 0.0753109897 0.1186232013
1 0.1598078950 0.2674080950 0.1961204872 0.1393610656
1 0.4222526245 0.2942088915 0.2063389541 0.2435811401
1 0.6386665349 0.2647913756 0.1530554132 0.2161655351
1 0.8039113795 0.2919403317 0.2005465561 0.1831538868
1 0.9292485959 0.3207981517 0.0723163936 0.1186621383
1 0.2296024118 0.6410580842 0.2326786514 0.2508683879
1 0.4910504335 0.6327521162 0.1942341746 0.1533764262
1 0.6816507223 0.6006456941 0.1275337299 0.1250661496
