0 0.3227510561 0.2635182411 0.0619670919 0.0937950380
0 0.5764179997 0.2686329093 0.0939167286 0.1581464378
0 0.7574553278 0.2723688823 0.0327167964 0.1440646469
0 0.9141698627 0.3190545215 0.0783383396 0.1973957144
0 0.8552977067 0.7048149929 0.0528534849 0.1254174838
0 0.6013978185 0.7272091937 0.0533184607 0.1306849654
0 0.3275739199 0.7172428459 0.0498407165 0.1310618001
1 0.2292209385 0.3759741834 0.0967071344 0.0956382341
1 0.6768689544 0.6351761151 0.1122484394 0.1023281877
1 0.3844930454 0.6356900533 0.0947644182 0.1129812425
1 0.4535994397 0.4018006376 0.1621553246 0.1270719754
