1 0.5873284741 0.7215432415 0.0340645256 0.0336388322
1 0.5475865064 0.6994677989 0.0389309227 0.0714824774
1 0.3760470572 0.2858151709 0.0137880826 0.0262803582
1 0.3590147626 0.3210308337 0.0170322628 0.0567655705
1 0.0840650541 0.5596563819 0.0251428955 0.0420485814
1 0.9145916298 0.2027692987 0.0348756657 0.0977628870
1 0.8659279765 0.6032817322 0.0235208450 0.0578167634
1 0.6570797105 0.6910580703 0.0454194098 0.0567655705
1 0.9178358734 0.3367990466 0.0186543846 0.0336388528
1 0.1765260310 0.2511251355 0.0251429034 0.0388948998
