0 0.7881666013 0.8355053218 0.1962650404 0.2213843349
1 0.1058638744 0.7378825692 0.0441581770 0.0570309212
0 0.1288210426 0.8758705627 0.1146189820 0.2264603226
0 0.4795427446 0.7461326317 0.1212848207 0.5077347367
0 0.3006586977 0.7548932522 0.1661922666 0.4902134956
0 0.1831061325 0.0946821213 0.1069815748 0.1668216808
0 0.3223794140 0.0945077325 0.0726473871 0.1809475523
0 0.4852171492 0.0990754201 0.1158342011 0.1981508403
1 0.7401044659 0.1845713811 0.0373018048 0.0648757267
1 0.7022285639 0.1805076830 0.0304060017 0.0828521420
0 0.7285509944 0.1049168815 0.1350215870 0.1590729145
