1 0.5541233829 0.6068762602 0.0868425705 0.1021179857
1 0.8197869090 0.6439548091 0.3305619202 0.2249026646
1 0.8954196717 0.2336594307 0.2091606567 0.2650204270
1 0.6306942768 0.2774242802 0.2343815711 0.1799220987
0 0.6811189829 0.6682685790 0.1055184121 0.2783930282
0 0.4098527170 0.7782885405 0.1101872857 0.2309810916
0 0.2347669187 0.7223668060 0.0700343193 0.2869028672
0 0.0354025719 0.7874061811 0.0466895459 0.1957260502
0 0.7558222548 0.1303257762 0.1017831996 0.2090987002
0 0.5144372944 0.1436983607 0.0672329099 0.2212555878
0 0.3398183977 0.1759141526 0.0765708465 0.2565106189
0 0.1820077363 0.1716592511 0.0765708465 0.2382752195
