1 0.8486778236 0.1286858858 0.0705474948 0.1757021204
1 0.3973599744 0.1399612473 0.0484057920 0.2053878852
1 0.2336260722 0.1019088831 0.0398461876 0.1698277607
1 0.6642501784 0.7734877469 0.1548451710 0.2541860560
1 0.3976074975 0.7376009962 0.0626489787 0.1784286684
0 0.2863549200 0.6519235237 0.1514081548 0.3500996760
0 0.5134301531 0.7017714383 0.1158943861 0.2940835406
0 0.4914433435 0.1629646400 0.0954950008 0.2163067033
0 0.3161883375 0.1601709023 0.0848540598 0.2206759387
0 0.1431168264 0.1458294971 0.0867710456 0.2119340504
