0 0.8464033853 0.7949744141 0.0188259633 0.0572310547
0 0.6819528302 0.7720819824 0.0376520021 0.0944311523
0 0.4045463633 0.7584896240 0.0476186463 0.0701079590
0 0.7771901606 0.2012027405 0.0332223237 0.0572309937
0 0.6011118225 0.1947642639 0.0310075223 0.0558002319
0 0.3536054582 0.2040642944 0.0321149230 0.0600925537
0 0.0789675119 0.1804565125 0.1251374519 0.0844157349
1 0.7877105807 0.5624734375 0.1605745392 0.0643848633
1 0.9621278178 0.5703427002 0.0420816805 0.1116004395
1 0.5617987193 0.5832196777 0.2602416614 0.0772618164
1 0.9006665115 0.4215421021 0.0919150905 0.0486463623
1 0.7118529140 0.4372806396 0.1616820155 0.0457848145
1 0.5822858403 0.3714649780 0.0708742880 0.1259082275
1 0.9416407157 0.2455567688 0.0852706862 0.1259081909
