0 0.1734007525 0.2161258164 0.0577245677 0.1550476731
0 0.3426463125 0.2400604217 0.0682452658 0.1415710757
0 0.6000020598 0.2422179868 0.0460337763 0.0951878332
0 0.8862186850 0.2646861333 0.1596208971 0.1814525153
0 0.6790290659 0.7675407164 0.0630043298 0.1585465298
0 0.9599557881 0.6721042305 0.0697571812 0.2494360401
0 0.4016601215 0.7549957152 0.0667459555 0.1393018743
0 0.2236449990 0.7249143662 0.0452448843 0.1571332460
0 0.0641548224 0.7184481672 0.0373461982 0.1339031343
1 0.3477772620 0.5854310066 0.0437473905 0.0582232732
1 0.4975435719 0.3672212273 0.1436121528 0.0972034700
