0 0.6248747564 0.3189204463 0.2417065758 0.2866018584
0 0.8890193302 0.3494749024 0.0623835501 0.1553423024
1 0.8054077338 0.4307840058 0.1281384637 0.1946163088
1 0.3783690270 0.2730384184 0.1211759722 0.1059819591
0 0.1607208134 0.2180470373 0.1854995514 0.2901452061
1 0.5525300825 0.6170826305 0.1793648630 0.1398947565
0 0.4438370311 0.7554913556 0.0558630819 0.1232037169
0 0.7167886338 0.7792926416 0.0285041442 0.1641096019
0 0.8831010356 0.8373484191 0.0418956932 0.2158765388
0 0.1001219515 0.5655666775 0.1541805238 0.2804859303
