0 0.2629320844 0.1616087448 0.0976044554 0.1834787333
0 0.5128985735 0.1204193063 0.0810032562 0.2018423427
0 0.6930755868 0.1145465438 0.0822049411 0.1880244605
0 0.8731723888 0.1371442147 0.0706115470 0.1673079180
0 0.7440197236 0.6274618267 0.0569947679 0.1564603739
0 0.5250805209 0.7020573166 0.1206658721 0.1563152714
0 0.2553302141 0.6737737733 0.0918169673 0.1870639935
1 0.1241665163 0.3519650894 0.1742407441 0.1012266833
1 0.3941843732 0.2028648243 0.2037436286 0.2178574945
1 0.6114998259 0.1991993372 0.1550380794 0.1875785149
1 0.7926086994 0.1675107550 0.1515502298 0.1867782408
1 0.3865357867 0.6625397263 0.2131378300 0.3209827762
