0 0.1079939793 0.0546380008 0.1780908155 0.0964646961
0 0.3661133795 0.0810987283 0.0866662960 0.1594136486
0 0.5942737277 0.0877313500 0.0874311617 0.1721605282
0 0.7591039450 0.0625989836 0.0946601641 0.1223124564
0 0.9137684662 0.1022917547 0.0675641806 0.1344569629
1 0.8092768452 0.7255629572 0.0485297477 0.1000414823
1 0.7447073908 0.7428037685 0.0340941779 0.0562759363
0 0.5876148337 0.8359541705 0.0915905037 0.2634542992
0 0.7764556432 0.8469665969 0.1108327431 0.2735493569
0 0.9370399702 0.8133902147 0.0925616274 0.1902804632
0 0.0508048348 0.7040714377 0.0915445426 0.2757048358
0 0.3047198872 0.7875490442 0.1171382866 0.2379664009
