1 0.8793855043 0.4239148997 0.1583267156 0.2030201716
1 0.5374372608 0.6050527040 0.2651270900 0.3391774598
1 0.3083787175 0.3923069809 0.1648846850 0.1300788648
1 0.6250322280 0.2379143352 0.2698112769 0.2881184999
1 0.4058105279 0.1643651044 0.1498951855 0.2018045085
1 0.2357732419 0.1035806206 0.1639478255 0.1823534943
0 0.7749273659 0.1667964820 0.0749474977 0.2236869889
0 0.3805157474 0.6001899694 0.0824423742 0.2419223156
0 0.1959573521 0.5005033654 0.0693264829 0.2589419586
0 0.5107371514 0.1120904303 0.0936844355 0.2066672527
0 0.3107208109 0.0981099867 0.0833791862 0.1908633023
