0 0.8961261186 0.2328236488 0.0316575294 0.1191376225
0 0.6815069433 0.2601766771 0.0567973033 0.1665495350
0 0.4361612792 0.2644315904 0.0670394096 0.1799221408
0 0.2750804918 0.2455883888 0.0633150210 0.1568240258
0 0.1177240905 0.1726469778 0.0968347117 0.1422357252
0 0.9026438364 0.7209231715 0.0502795478 0.1252161334
0 0.6600915203 0.7792763002 0.0754193217 0.1349416425
0 0.4045037876 0.8102764007 0.0521417798 0.1483141499
0 0.1829012800 0.7227466952 0.0316575105 0.0802355859
0 0.0483569212 0.6972172153 0.0791437486 0.1556082941
1 0.2974269554 0.7962959536 0.1117323368 0.1106277958
