1 0.0850889690 0.5952197659 0.1251017991 0.2163499401
1 0.2471255999 0.5952197659 0.0965071288 0.2534384779
1 0.5431998297 0.6191727628 0.1167616454 0.1962602267
1 0.7939991373 0.5882656344 0.0822097383 0.2148044955
1 0.9530571656 0.2954206108 0.0571894354 0.2596198564
1 0.7010664075 0.2822850802 0.1298675695 0.2611651985
1 0.4133322286 0.2799670414 0.1167617086 0.2194405628
1 0.2441469736 0.2289702867 0.0881669751 0.2287127279
1 0.0362396991 0.1926544200 0.0440834876 0.2055323919
0 0.9208880963 0.6585793854 0.0976985635 0.1390821395
