1 0.4967161995 0.6360528111 0.3433162440 0.2236869948
1 0.6614152224 0.3534048694 0.0269085264 0.0717257252
1 0.4090313518 0.3619147010 0.0361873754 0.0717257005
1 0.2294862608 0.3315224594 0.0296922112 0.0863140149
1 0.1506162989 0.6494254018 0.0538171470 0.1045493771
0 0.6706940525 0.2263652943 0.0844372468 0.1920790172
0 0.4261971696 0.2360908065 0.0964996677 0.2090987173
0 0.2614981749 0.1990122572 0.0621680884 0.1835691856
0 0.6892516563 0.7406021389 0.0844372845 0.1264317625
0 0.3649569887 0.7643081098 0.0575286451 0.1398043286
1 0.7941023030 0.2281887997 0.0900045035 0.1203533043
1 0.5537809097 0.2123848541 0.0807256922 0.1203533166
