1 0.4687599403 0.6457783427 0.1769762739 0.1361572462
1 0.5935748016 0.3047772836 0.2514926315 0.2151771337
1 0.2284448095 0.1491689667 0.0968712084 0.1470985044
0 0.7980289447 0.2123848428 0.0493670869 0.1835691910
0 0.6257099432 0.2044828572 0.0735849031 0.2066673058
0 0.3425479162 0.1819925876 0.0512299582 0.1884319348
0 0.0808093349 0.6725234862 0.0624074259 0.1337258651
0 0.3723544592 0.7637002549 0.0940768638 0.1993731070
0 0.6829943554 0.7691708379 0.0689275554 0.1908633221
0 0.8967630432 0.7247981319 0.0735849031 0.1969417750
0 0.0643896095 0.2172475836 0.1287792189 0.2954126195
