0 0.6507103254 0.7087662840 0.0889629871 0.2005888642
0 0.9241542984 0.6832368235 0.0533777544 0.1276474665
0 0.3697745949 0.7288252073 0.0365216314 0.1531769680
0 0.1979355750 0.7622566505 0.0299664619 0.1641182064
1 0.4929180905 0.6692563500 0.1011368642 0.0948237924
0 0.0836883995 0.2176275157 0.0299664698 0.1592554281
0 0.2279020685 0.2407256178 0.0524413557 0.1519612453
0 0.3838213957 0.2455883859 0.0777255718 0.1543926498
0 0.6432186942 0.2346471834 0.0664880302 0.1641181141
0 0.8604756221 0.1689999096 0.0440131995 0.1835692017
1 0.0982034134 0.5938835477 0.0945816750 0.0680785887
