1 0.6353956613 0.3280688251 0.0958661370 0.1127903177
1 0.7889336375 0.2119626029 0.0532445421 0.0998366231
0 0.2992350732 0.1175210808 0.2666734148 0.2139552588
1 0.0481039565 0.7989950777 0.0344582940 0.0981118148
1 0.8503819839 0.6488752680 0.0463863414 0.0918249060
0 0.8930383886 0.7589566317 0.0811065721 0.1229445332
0 0.6674525454 0.8364062171 0.1885492638 0.1914055924
0 0.3801928308 0.8540366227 0.1040683060 0.1500297572
0 0.2188327245 0.8834793245 0.1335724207 0.1850456058
0 0.6023327505 0.1166450359 0.1212183359 0.2059305441
