0 0.6090029870 0.8806465106 0.1443856698 0.2010349252
0 0.8729679437 0.8392645523 0.1523587451 0.2269771181
1 0.3435960934 0.7718144641 0.0508326401 0.1006552445
0 0.3215506942 0.8420919435 0.0866614636 0.1593687643
1 0.1527909644 0.7669495167 0.0376996452 0.1100814807
0 0.1498293417 0.8590118237 0.1549011325 0.1673767041
0 0.6800697609 0.1009993136 0.1441082236 0.2019986273
0 0.4098688573 0.1241675746 0.1088923702 0.1699709338
1 0.0981141526 0.1241402156 0.0536684813 0.0830838617
0 0.0783981041 0.1075207757 0.0997582518 0.1634084278
1 0.2635253247 0.1633799904 0.0420746415 0.0940235325
1 0.2485774193 0.0915499055 0.0926531191 0.1830511438
