0 0.0929607714 0.2233230665 0.1649182421 0.1463129655
0 0.3729504123 0.1832888445 0.0728526351 0.1395239101
0 0.1972340310 0.6884496078 0.0533620249 0.1540403013
0 0.4397156026 0.7632243084 0.0485298610 0.1426901211
0 0.7240861572 0.7475212208 0.0537862494 0.1724002857
0 0.9053848191 0.7429977147 0.0531807323 0.1596401540
0 0.6309600679 0.1869919450 0.0551360480 0.1309033945
0 0.8119270023 0.1724956408 0.0978155608 0.1254340401
0 0.9601795083 0.1777567656 0.0502460593 0.1726060336
1 0.3072688792 0.8300634068 0.0375774875 0.0727876672
1 0.6060202381 0.8462557585 0.0439599292 0.0539309491
