0 0.0875629783 0.1868553531 0.0567865501 0.2565105829
0 0.2849194936 0.1911102654 0.0977473312 0.3379618004
0 0.4687775941 0.1977965718 0.1154349460 0.3707854607
0 0.7503829975 0.2123848374 0.0902998162 0.3829423413
0 0.7122150511 0.7065628212 0.0977473123 0.3792953183
0 0.4124564983 0.7059549573 0.1033328968 0.3683540646
0 0.2057907001 0.6968372952 0.1182277099 0.3452559279
0 0.0228635488 0.6737392078 0.0446845001 0.2869028703
1 0.5339424501 0.5321112903 0.0651648749 0.0863139574
1 0.8686106980 0.3181498653 0.1182277382 0.1179219416
1 0.9370338996 0.3801500815 0.1228824045 0.1398043506
