0 0.2808527665 0.0939229034 0.2454710273 0.1132582719
1 0.1135105066 0.2107549134 0.1473770299 0.1134068036
1 0.4889673117 0.2862259887 0.3653562560 0.2314502446
0 0.6850222693 0.1675566959 0.0403870323 0.1086089471
0 0.9515433879 0.1726771859 0.0367256172 0.0974787446
0 0.7715285892 0.7402665366 0.0906141058 0.1720778340
0 0.9027091720 0.7455106485 0.0635369665 0.1070645419
0 0.4365943349 0.7337622029 0.0746919145 0.1553996590
0 0.1968487934 0.7512165108 0.0518611999 0.1120058002
1 0.8848608070 0.5823085387 0.1729467445 0.0791422937
