0 0.7268025463 0.1991531067 0.0631223311 0.0513483276
0 0.7356618182 0.7718297363 0.0786260190 0.0641854492
0 0.4383224961 0.7896590332 0.0753038110 0.0884333008
0 0.2738722807 0.7782482910 0.0697667661 0.0798751953
0 0.1570406327 0.2077111633 0.0531556313 0.0969912964
0 0.3148464037 0.2340985046 0.0609074753 0.0727434692
0 0.4798503426 0.2276799622 0.0675519292 0.0542010132
1 0.3691094440 0.5806998047 0.0764112011 0.0556273438
1 0.2794093256 0.5899710693 0.0653371301 0.0627590332
1 0.1553795169 0.5842656494 0.1650039436 0.0656117676
1 0.0457460285 0.6078003174 0.0808408583 0.1526187012
1 0.5307911559 0.5735680664 0.1517150121 0.0470693359
1 0.8275767830 0.5293514648 0.0941297827 0.0385112305
