1 0.9399702263 0.7679551592 0.1200595474 0.1884319846
1 0.8321524904 0.8439357742 0.1067110304 0.2018045649
1 0.5630552011 0.7867983675 0.2477550530 0.2285497256
1 0.3589124456 0.7254060197 0.1586745820 0.2662360929
1 0.1849271588 0.7643080985 0.1707375695 0.1787064402
0 0.9513904020 0.6293664847 0.0686662106 0.1787064402
0 0.7027074109 0.6482097178 0.1020713023 0.1799221518
0 0.4702630344 0.6245037619 0.1178460233 0.2273340634
0 0.3013813222 0.6281507979 0.0844408561 0.1543926532
0 0.1278599761 0.5594643288 0.0955759244 0.1483141942
