0 0.7119029035 0.1357901967 0.0936109650 0.2576377783
0 0.8826670561 0.1247779992 0.0839436598 0.1681867657
0 0.5541237071 0.1472354315 0.0624247522 0.2806924230
0 0.2888648049 0.1463515994 0.0952203478 0.2791106005
0 0.0722754086 0.1557244707 0.1401180470 0.2155858851
0 0.6316911157 0.8762096788 0.1235812625 0.1196542646
0 0.8471089317 0.8195936090 0.1131259289 0.1382815226
0 0.3245263103 0.8497776111 0.1185871805 0.1179782801
0 0.0468040028 0.7957507899 0.0936080056 0.1096076053
1 0.0876379196 0.2717592157 0.0522261461 0.1087980620
1 0.4622590299 0.2533948007 0.1478495041 0.1570913506
