1 0.6010773653 0.3345616618 0.1788347517 0.1434513953
1 0.7513547909 0.3339538574 0.1310829684 0.2394909274
1 0.9152086720 0.3789343803 0.1554270490 0.1495298816
1 0.8215778991 0.6409155569 0.3145993819 0.1872162850
1 0.5350676732 0.6798176427 0.2958733031 0.2212555916
1 0.2963091927 0.6524646390 0.1741532415 0.2516478508
0 0.2115733366 0.7247981656 0.0889492438 0.1993731591
0 0.3871310595 0.7430335014 0.0692868061 0.1726279474
0 0.6783227767 0.7618766785 0.0730320901 0.1665495350
0 0.8187689550 0.2014436230 0.0655415979 0.1738436422
0 0.5795422856 0.2257574266 0.0758409583 0.1592553908
0 0.3941533817 0.2287966697 0.0664778621 0.1580397329
0 0.2368536529 0.1558552496 0.0945670750 0.1920789965
