0 0.3866515908 0.2562326105 0.1688602700 0.3631241485
0 0.1219063554 0.7907658729 0.1906075675 0.3311752126
0 0.3804695508 0.9611866828 0.0727315855 0.0481139201
0 0.5346363320 0.8306613543 0.0557555837 0.2629670226
0 0.6948234306 0.8255501378 0.0333005416 0.2709406294
0 0.8618183294 0.8135322098 0.0261483311 0.3263510768
1 0.9097631470 0.3236247043 0.0602080921 0.0879337278
1 0.8117667584 0.3568703831 0.0481112141 0.1194595449
1 0.9588468883 0.2438943292 0.0397215914 0.0604763654
0 0.7436330181 0.1507254263 0.0872094651 0.2170475166
0 0.5846340085 0.1523787939 0.0809384180 0.2035606379
1 0.3878959624 0.8151855875 0.1021232605 0.0563534629
1 0.1247864637 0.2565923153 0.0931899804 0.1446922958
