0 0.4248055557 0.2559533412 0.1188441685 0.1390029117
0 0.2051270626 0.3600469460 0.0683112489 0.1339662347
0 0.5915448266 0.1614607002 0.1112069983 0.1428439076
0 0.7539512054 0.0340922895 0.0544292424 0.0508676909
1 0.3825815704 0.4434418576 0.0733640313 0.0832350286
1 0.3249078018 0.4962592744 0.0555537689 0.0527564060
1 0.4509817110 0.4314363882 0.0494371177 0.0589309267
0 0.4611596348 0.8338753628 0.0911446255 0.1603719400
0 0.7325826726 0.6913911006 0.0961042887 0.1655209727
0 0.8946560380 0.5543403048 0.0598740917 0.1571287117
1 0.4722643718 0.6288804985 0.4301624947 0.1023717143
