0 0.3930851965 0.2112581987 0.1167893740 0.2877044555
0 0.1562182974 0.1790789053 0.0928055697 0.2259184120
0 0.7583876506 0.2240928029 0.0985639213 0.2900182445
0 0.7383578083 0.7213636021 0.0663599449 0.2705133165
0 0.4519699588 0.7882693133 0.0819345984 0.2041169441
0 0.2723257424 0.7673469580 0.0749565351 0.2165169585
1 0.9051539355 0.2661057194 0.1108143117 0.1290568599
1 0.5205282834 0.3023919982 0.1335470370 0.1945567354
1 0.6746505322 0.3003488071 0.1324627187 0.1668204586
1 0.8298388566 0.5493665317 0.2304899763 0.1844632798
1 0.5566527301 0.5993619910 0.2944346135 0.1785072904
1 0.3550680652 0.6032079675 0.1405989959 0.1482068736
1 0.2514693666 0.2426759195 0.1327634944 0.2991244244
1 0.1199536560 0.3020164011 0.0964267277 0.0943242317
