1 0.8704864653 0.4091562759 0.0652761909 0.0861070832
1 0.6533524203 0.2687898748 0.0462372356 0.0719524935
1 0.1397554809 0.4592871370 0.0380778064 0.0589774981
1 0.2784674576 0.1319621212 0.0308248932 0.0365660439
1 0.7344943063 0.1885804861 0.0471439030 0.0577979161
1 0.9271498460 0.2894319745 0.0444242037 0.0684138830
1 0.7721188074 0.7866121528 0.0353579841 0.0837478699
1 0.4715762269 0.7600722786 0.0471439409 0.0825683988
0 0.7517200025 0.7353017590 0.0961010651 0.2736555320
0 0.7045760995 0.1885804922 0.1232995727 0.2937078468
