0 0.5048741674 0.6575782755 0.0638627091 0.0859663313
0 0.3068998984 0.6697674980 0.0530551403 0.0718524861
1 0.6797596525 0.4612670652 0.1031628305 0.0859663724
0 0.0995918605 0.6389735754 0.0628801549 0.1026463676
0 0.1369269679 0.0744186110 0.0451951239 0.1129109969
0 0.2931448796 0.0731355354 0.0334050953 0.0872494165
0 0.4862066216 0.0955894373 0.0422476029 0.0936648377
0 0.7342884863 0.0827586336 0.0334051268 0.0757017110
0 0.7981511954 0.6287089551 0.0609152275 0.0487569722
1 0.9067177157 0.2700882266 0.0677926740 0.0346431475
1 0.2877410952 0.2983159890 0.1051277657 0.0705693494
