1 0.3550497596 0.6431289643 0.0824730223 0.0640017935
1 0.1572543229 0.6511291784 0.0391397314 0.0800022218
1 0.7087051951 0.7089085720 0.0489246721 0.1208922097
1 0.8247265360 0.6653518126 0.1523653660 0.2151170657
1 0.9533285240 0.6475735500 0.0573117281 0.2151170657
1 0.7632212484 0.2253395927 0.0349462034 0.0853356845
1 0.9218769536 0.3426761940 0.0615052877 0.0746687590
1 0.7275761184 0.2555626552 0.0335483502 0.0355565252
1 0.7436513984 0.1666712921 0.0517203784 0.0426678423
1 0.4976302006 0.1844495697 0.0377418782 0.0711130805
1 0.2613939670 0.1897830475 0.0545160375 0.0995583187
1 0.4494044708 0.7364649031 0.0223655878 0.0728908847
1 0.8974146176 0.1746715162 0.0852687286 0.0408900280
1 0.9051027785 0.0768910243 0.0419354692 0.0622239542
1 0.8442963860 0.0831134193 0.0461289657 0.0888913581
