0 0.1460595571 0.1394743869 0.0599700266 0.1411624628
0 0.3142744413 0.1683569994 0.0492080169 0.1983820043
0 0.4779914407 0.1577517530 0.0673689804 0.1895945305
0 0.7496294429 0.1760284572 0.0644609103 0.1087572838
1 0.8873140223 0.2719697498 0.0759176815 0.1241384141
1 0.6051532946 0.2906465692 0.0766180552 0.1204617480
1 0.6841140416 0.3045087419 0.1097537581 0.1310889096
0 0.1149014500 0.7060980870 0.0290393747 0.1172300620
0 0.2953244614 0.7209640146 0.0697834405 0.1607778332
0 0.5129774159 0.7290910501 0.1035820267 0.1849793811
0 0.8134961013 0.6823959289 0.1023622684 0.1285092505
