1 0.6356502578 0.3005223727 0.2499380601 0.2723145784
1 0.8855883367 0.3546205849 0.2275555748 0.1641181540
1 0.8849726695 0.6123469256 0.2300546610 0.2516478018
1 0.3983023669 0.6044448631 0.1333624950 0.0972552461
1 0.6081384255 0.6640136768 0.2937704632 0.2480007301
0 0.3185646665 0.7673473020 0.0802040029 0.2309811111
0 0.1334426437 0.7600531586 0.0736757671 0.2163928242
0 0.4346739667 0.2476398572 0.1688014143 0.3391775110
0 0.2173770671 0.1789533612 0.0568888748 0.1969417689
0 0.7899963115 0.6561116635 0.1259016163 0.3148636626
0 0.7844007185 0.2628359987 0.0848669155 0.3330990397
