0 0.8931940598 0.7712368367 0.1942476205 0.1382057809
1 0.6725456254 0.8536694205 0.1193529157 0.0745012883
0 0.5322871535 0.8811631180 0.0973486633 0.1948494352
0 0.1580498471 0.0977511838 0.0471236929 0.1698827328
0 0.3482639368 0.1134355003 0.0600066948 0.2034155528
0 0.5794764338 0.1304074447 0.0397078104 0.2164792548
0 0.8353001838 0.1407387220 0.0678629726 0.2233466258
1 0.9116331485 0.3026991907 0.0488055382 0.1768407892
0 0.2373154813 0.8694958242 0.0659188411 0.2167694481
0 0.0737012895 0.8323479697 0.0443784472 0.1862652969
