0 0.1586195592 0.2396147820 0.0376236748 0.0774934092
0 0.3981264329 0.2235200082 0.0321177904 0.0500726269
0 0.6509392784 0.2372303686 0.0550591287 0.0798778288
0 0.8275870117 0.2235200390 0.0394589444 0.0786856005
0 0.1439371423 0.7594166171 0.0468001931 0.0822622484
0 0.4352912927 0.7659737618 0.0312001414 0.0763011809
0 0.6968217846 0.7755113663 0.0312000656 0.0906076739
0 0.9161403095 0.7761074928 0.0403766312 0.0917999268
1 0.5564211864 0.6324466582 0.0275295454 0.0453037877
1 0.2962672058 0.6235051309 0.0284471944 0.0417272752
