0 0.0996375599 0.2059617890 0.1320009740 0.1769325978
0 0.3754881234 0.2524378858 0.0938344956 0.1463747491
0 0.6177308171 0.1957480637 0.1215449618 0.2400668916
0 0.9077814046 0.2158498425 0.0731954560 0.1844363811
0 0.9479684923 0.7775413058 0.0926432207 0.1719652223
0 0.7646186304 0.7821852584 0.0523711321 0.1596521676
0 0.4631422174 0.8080087786 0.0841676383 0.1693744826
0 0.1438741748 0.7604850703 0.1434858059 0.1975971224
1 0.7504759037 0.4270096286 0.0769743942 0.0691055922
1 0.8542355115 0.4073237234 0.1162056960 0.0926056420
1 0.4849771578 0.6399353150 0.4225199897 0.1941905338
1 0.1638226813 0.5621708768 0.0662466129 0.0861477459
