0 0.3341499297 0.7826260469 0.0924740387 0.1685044490
0 0.6047837685 0.7579524837 0.0632462992 0.1372566375
0 0.1477524047 0.7592673333 0.0562964938 0.1721678553
0 0.8955178280 0.7496221981 0.0962674490 0.0808548034
1 0.8006858041 0.2203905174 0.0625719612 0.1030830596
0 0.6780778547 0.2016140709 0.0662575553 0.1250392818
1 0.7413522854 0.7794220660 0.1031329622 0.0946922758
1 0.5475038285 0.2394934119 0.0682947920 0.0678273438
0 0.4283895139 0.1825172252 0.0594576298 0.1670414695
0 0.2557511820 0.1502508744 0.0438017669 0.2001753119
0 0.0733530884 0.1574567818 0.0297288149 0.1567827405
1 0.3243386539 0.3137891346 0.1142133548 0.0671744581
