0 0.2518238992 0.8280284296 0.0912577627 0.1759444491
0 0.5088607125 0.8222756604 0.0946799332 0.1770886527
0 0.6904300666 0.8177952111 0.0945141399 0.1801717506
0 0.8510869186 0.7864567841 0.1067685587 0.1790856210
0 0.2068618711 0.1633141973 0.0804884064 0.1990034510
0 0.4221062986 0.1760442636 0.1025891985 0.1777978882
0 0.5942663505 0.1751923471 0.1359414363 0.1911359103
0 0.7808347588 0.1466985816 0.1010569065 0.1520993472
0 0.9463755922 0.1114065628 0.0833646091 0.1207180486
0 0.0152576083 0.7714471123 0.0305152166 0.1038395555
