1 0.7525358188 0.2586605789 0.2282872135 0.1346028969
1 0.5779016309 0.3078166771 0.1136798976 0.1233504535
1 0.4417203628 0.3106804408 0.1298767541 0.1137002677
0 0.6470548580 0.1700673175 0.0701089617 0.1163424099
0 0.3948222582 0.1823792787 0.0800367701 0.1562320186
0 0.2031457292 0.2007237040 0.0917683612 0.2073245491
0 0.1240254036 0.7056114687 0.1100641667 0.1765364209
0 0.3206492658 0.7148847709 0.0640471396 0.1329901844
0 0.6100320310 0.7203437388 0.1044254703 0.1503659399
1 0.7233509294 0.5283683275 0.1737275035 0.0858634447
1 0.3400572790 0.2812711276 0.0672467816 0.1281734409
