0 0.7742610395 0.7707664724 0.0513182686 0.1641180627
0 0.5148706501 0.8236489489 0.1184985261 0.2139614025
0 0.3170621604 0.7744135448 0.0457199106 0.1762751023
0 0.1374482630 0.7804919907 0.0410545903 0.1860005467
0 0.6436328072 0.2504511450 0.0587827584 0.1325102084
0 0.4057027269 0.2796277183 0.0531843626 0.1543926553
0 0.2372855880 0.2838826341 0.0503852026 0.1531769686
0 0.0735337411 0.2911767544 0.0363893077 0.1483141725
1 0.5265338706 0.2389020904 0.0709124835 0.1312945340
1 0.7458027640 0.2085098365 0.0391884299 0.1361572808
