0 0.1472984417 0.0970614143 0.1274580314 0.1941228286
0 0.3069130323 0.0992819403 0.1117443930 0.1879059989
0 0.4635785816 0.1019791903 0.0917742238 0.2012399557
0 0.7132627120 0.1107451864 0.1058205551 0.2092709593
0 0.1314163287 0.8413489822 0.0685638523 0.2210051750
0 0.6320601438 0.8889151519 0.1100985130 0.1982723760
0 0.9251372849 0.8357686662 0.1332170001 0.2068164753
0 0.3144628552 0.8716058037 0.0855556828 0.2153470021
0 0.9430987435 0.1493008323 0.0912162196 0.2106400204
1 0.5898237840 0.7122613131 0.0335903128 0.0428724263
