0 0.3321686342 0.1257838959 0.0945591959 0.2081955727
0 0.5545487938 0.1139346473 0.0783524260 0.1868634413
0 0.7155954047 0.0883928395 0.0715945845 0.1767856791
0 0.8751381554 0.0602700333 0.0588035800 0.1205400666
0 0.6329097344 0.8209635828 0.0903247914 0.2317732172
0 0.9529528802 0.8075615366 0.0506792624 0.2158852523
0 0.1584306651 0.0885483594 0.1102362835 0.1611093778
0 0.3505218962 0.7931868736 0.1403438102 0.1841927577
0 0.0947100249 0.7592898590 0.1180603673 0.1920554421
0 0.8125966993 0.7838869037 0.0554987419 0.2301430237
