0 0.8357423095 0.1168807168 0.0589452454 0.1640505298
1 0.4007415676 0.3156185888 0.0774542995 0.0700024266
1 0.1055546843 0.6767422338 0.0585210015 0.0833361718
0 0.8294206532 0.0858767048 0.0367174691 0.1041703132
0 0.7239374164 0.7776729707 0.0685989408 0.1945859355
0 0.4375885410 0.7830408650 0.0592446265 0.1328552738
0 0.2442640677 0.7427816576 0.0384570663 0.1301713513
1 0.5220680594 0.2018235607 0.0715594700 0.1106278204
0 0.8290203602 0.1234115478 0.0527279703 0.1361573004
0 0.6279948781 0.2127647646 0.0461369359 0.1470985166
1 0.7367463359 0.1726469901 0.0677931700 0.0887453756
0 0.3930728109 0.2310001250 0.0696763009 0.1470985166
0 0.2184113426 0.2109412224 0.0649684546 0.1774907635
0 0.0710554224 0.1538037731 0.0489617037 0.1361572696
0 0.7207396089 0.7154525511 0.0640268320 0.1434513707
0 0.4359142868 0.7349035940 0.0725009592 0.1580397083
0 0.2504247586 0.7002564461 0.0706178473 0.1738436791
0 0.9829672266 0.6583151540 0.0310718124 0.2018045733
1 0.8671539898 0.7160604169 0.1289952294 0.1227847192
