0 0.4900111759 0.2369516351 0.1260430425 0.1889879034
0 0.7698745775 0.2273093969 0.0836305006 0.1558185902
0 0.3048293982 0.2496794001 0.1296271921 0.1326772405
0 0.3044769706 0.3028067777 0.1406232676 0.4234162540
0 0.7272006467 0.7142369009 0.0774856348 0.1240003656
0 0.4517486629 0.7209231896 0.0727608741 0.0984709175
0 0.2249614218 0.7190996296 0.0349630545 0.1118434949
0 0.7205860426 0.2297844313 0.0510271421 0.1641181468
0 0.4763172552 0.2498432974 0.0652013102 0.1361572853
0 0.3081167486 0.2437648620 0.0784305756 0.1629024402
0 0.1455858912 0.2249216658 0.0727609026 0.1689809000
