1 0.8380679032 0.5944090067 0.0677217790 0.0797031665
0 0.7253410401 0.2315023940 0.0665573054 0.1119911595
0 0.4726153455 0.2338775820 0.0429064661 0.1028679481
0 0.3046517795 0.2050114929 0.0607887453 0.1704894525
0 0.1282404943 0.1620249173 0.1155919349 0.1297355806
0 0.2450454627 0.7159146822 0.0861091779 0.1475313627
0 0.4342006014 0.7429059110 0.0491420039 0.1364943284
0 0.7437130384 0.7536089816 0.0981175895 0.1957129104
0 0.0612081562 0.7216946868 0.0276623730 0.0665630634
0 0.9437811344 0.1643307952 0.0813539225 0.1241326830
1 0.6285215923 0.4533607884 0.2515488097 0.6169845766
0 0.2678696218 0.7148493840 0.0828651953 0.1467090437
0 0.4294567356 0.7539317266 0.0506399194 0.1887976519
0 0.7360578373 0.7268747183 0.1242977741 0.2020255270
