1 0.9279921280 0.6427070910 0.0271656546 0.0931843884
1 0.9347835102 0.3348446547 0.0642917930 0.0601570217
0 0.7079510627 0.2334033938 0.1014181205 0.1781119762
0 0.8917713707 0.2015555407 0.1050402750 0.2017029876
0 0.5798201042 0.7630211343 0.1023235646 0.2441667302
0 0.7713373487 0.7547643337 0.0597642890 0.2229349102
0 0.9497245824 0.7883814675 0.0199214086 0.0306682984
0 0.9279921595 0.7765859823 0.0760636692 0.2642190570
0 0.2841681312 0.7406096981 0.1068512735 0.1969847073
0 0.9333755107 0.8798532595 0.0790670274 0.1315826026
0 0.8951713787 0.2018235495 0.0727945543 0.1908633162
0 0.7071188797 0.2230981187 0.0737278849 0.1896476207
0 0.5330652523 0.2164118240 0.0709280507 0.1957260778
0 0.2824840477 0.1762940510 0.0382638123 0.1398043398
1 0.1634929856 0.1465096490 0.0522627311 0.0899610795
0 0.2740846948 0.7646880057 0.0979926366 0.1860005136
0 0.5801950592 0.7713743311 0.0961260542 0.2066673376
0 0.7691808887 0.7671193762 0.0653284139 0.2176084743
0 0.9269023495 0.7896096410 0.0746610895 0.1872162912
