0 0.0679417588 0.8386982923 0.0628914639 0.1335270603
0 0.5861125706 0.7838568475 0.0510423658 0.1001453199
0 0.2734783064 0.1537759792 0.0492194403 0.0894154431
0 0.0766007102 0.1722551745 0.0291670433 0.0548414448
0 0.5905535572 0.7750213796 0.0669185605 0.1580396574
0 0.0626405273 0.8181783912 0.0650597019 0.1568239377
0 0.9139932036 0.4176085433 0.1542844265 0.6637667792
0 0.5394351804 0.0772153381 0.0446123611 0.0875297306
0 0.2657197497 0.1610979282 0.0511183202 0.1361572956
0 0.0844820020 0.1726469874 0.0436829330 0.1300788577
