0 0.2981432872 0.1497819420 0.0505683058 0.0728909170
0 0.5598683207 0.2120058873 0.0710689191 0.0942248400
0 0.7184067128 0.2360065609 0.0546684285 0.0782243978
0 0.8988124889 0.1808939096 0.0546684285 0.1208922436
0 0.1505385634 0.7089085945 0.0697022274 0.0960027148
0 0.4293474808 0.8626906137 0.0533016894 0.0728909273
0 0.6760386838 0.8760243309 0.0355344596 0.0604460807
0 0.8475608609 0.7595766871 0.0369011671 0.0764465743
0 0.8438617452 0.7385506713 0.0476628050 0.1531769251
0 0.6719017127 0.8431000126 0.0607468101 0.1507455818
0 0.4186343742 0.8418843615 0.0607467786 0.0948238244
0 0.1471430724 0.6868838365 0.0971948315 0.1252160053
0 0.9008702546 0.1993921724 0.0439245991 0.1422357572
0 0.7214336524 0.2425491826 0.0476628682 0.1045493001
0 0.5639593496 0.2407256289 0.0672887179 0.1665495491
0 0.2971408645 0.1647450022 0.0271023880 0.1215690007
