1 0.1369845401 0.1092441159 0.0913936453 0.1072238081
1 0.3626378561 0.6627081594 0.1253629288 0.2785716723
1 0.3871538859 0.6621696513 0.0780478697 0.2359099439
1 0.4680539657 0.1704722066 0.0476943986 0.0510505143
1 0.3077867857 0.7894594746 0.0301596988 0.0856918827
1 0.3933561497 0.8272915092 0.0301596988 0.0519620834
1 0.1131515700 0.8582865397 0.0266527415 0.1303610853
1 0.1443633481 0.8336729644 0.0189374827 0.0975428756
1 0.8510118897 0.6212663343 0.0406805313 0.0629015277
1 0.1345439150 0.2105832920 0.0862707475 0.2461363167
1 0.5062796150 0.7374973912 0.1381734949 0.1039241668
1 0.3347902347 0.2078484566 0.0350693996 0.1659141048
0 0.8189954156 0.0811812339 0.2758631267 0.1220045910
0 0.4624002766 0.1152732475 0.0698599751 0.1771914010
1 0.5690506755 0.4054527898 0.1113294505 0.0324386679
0 0.3029502387 0.1187673782 0.0416834140 0.2195804581
0 0.1116213715 0.0979385837 0.0508926534 0.1052351613
0 0.9146133312 0.4966328221 0.1570454137 0.4457864864
0 0.6250409636 0.7871871661 0.1618220616 0.2275239268
1 0.3782124879 0.6607302594 0.0577809788 0.1619635141
0 0.3530173238 0.7963154495 0.1423943568 0.2383689880
0 0.1189189939 0.8353615217 0.0603251571 0.1578346170
