1 0.2537727613 0.6032817800 0.0405865418 0.0473046252
1 0.5581719835 0.1848986431 0.0438334411 0.0367924680
1 0.2992297313 0.4955323332 0.0405865418 0.0378436837
0 0.6823668863 0.6994678128 0.4188533638 0.3027496338
1 0.2970271761 0.4923145130 0.0482739942 0.0471820216
0 0.2855042011 0.6521602138 0.0769163012 0.2134472016
0 0.5460124152 0.6640183849 0.0906513968 0.2276770069
0 0.8303280619 0.6503814369 0.0952297304 0.1695719073
0 0.1275510842 0.6497885386 0.0668439326 0.2015889896
0 0.1898166595 0.1209138709 0.0466991795 0.1565279268
0 0.3322033964 0.1564884032 0.0384581664 0.1470413926
0 0.5812656975 0.1304004115 0.0457835254 0.1470413823
0 0.1197764659 0.6443687562 0.0653628402 0.1359114698
1 0.2877865897 0.6336388947 0.0128884585 0.0214597640
0 0.2845644434 0.6616557132 0.0432683512 0.1394881382
0 0.5437143164 0.6860959453 0.0589186585 0.1025297103
0 0.8300219359 0.6664245359 0.0736482439 0.0965686921
0 0.1975674513 0.0995305841 0.0368241378 0.0786856067
0 0.3328961312 0.1436422102 0.0331417414 0.0643791486
0 0.2834927411 0.6825891105 0.0450616351 0.0760250707
0 0.1157035491 0.6757345507 0.0378822600 0.0706039347
0 0.8325485760 0.6693428819 0.0509704685 0.0604643053
