0 0.4294360843 0.4897996836 0.0781217876 0.1217694730
0 0.2523600339 0.3984725789 0.0572893204 0.0608847365
1 0.4216238992 0.3849426556 0.0234365552 0.0541197340
1 0.5153700570 0.4475186223 0.0468730474 0.0405898107
1 0.5207760932 0.3853191345 0.1035895412 0.2817253133
1 0.4196144002 0.3690253250 0.0291345555 0.0662264581
1 0.5588129002 0.6276238981 0.1213940442 0.1608357366
0 0.4750509981 0.4977990015 0.2549275023 0.5466311253
0 0.7833918679 0.5014782514 0.2371230937 0.4488682683
0 0.4457648310 0.5329816271 0.0708369677 0.1286180512
0 0.4489559020 0.4032482117 0.0598987938 0.3537657791
1 0.3483447064 0.2907968373 0.1263489462 0.2285496811
1 0.5958950488 0.3382087483 0.1834399338 0.2552948816
1 0.2014055321 0.1856396652 0.1637856608 0.2249026669
0 0.4557047746 0.4924645718 0.0874103117 0.2270793352
0 0.2575464318 0.3882946700 0.0458267732 0.1510187921
0 0.0831501157 0.3001085235 0.0466754114 0.1135396881
0 0.8244405300 0.5481320706 0.2596850006 0.1752699783
0 0.0795453389 0.2733409258 0.0355858975 0.0817800527
0 0.2520000745 0.3604544673 0.0218990078 0.0924470303
0 0.4573033415 0.4662351838 0.1067577004 0.1724492295
0 0.7324097184 0.5160143446 0.0684344564 0.1297814009
