0 0.5218187464 0.5490912440 0.1161079029 0.1414186534
1 0.2742181344 0.6647303022 0.1932338677 0.2049666610
1 0.0954367217 0.5475063431 0.1167816455 0.1427789076
0 0.4629715079 0.6455926872 0.0670137689 0.3600046491
1 0.4420341643 0.6810440714 0.0468412343 0.1183736345
1 0.0860358347 0.5576732387 0.0469324990 0.0644646642
0 0.3232689659 0.5327414085 0.0544749723 0.1462480909
0 0.4772572281 0.6104323126 0.0524840402 0.2261477261
0 0.6627512073 0.6056641312 0.0782312450 0.1741248059
1 0.7823455735 0.7623359023 0.2603923684 0.2895719447
1 0.9101590827 0.6436204120 0.0798870880 0.1733010032
1 0.9601699527 0.7666070620 0.0743068280 0.2397056328
1 0.7885924613 0.7430890575 0.2875774875 0.4507452181
0 0.5978349365 0.4427619989 0.1063838997 0.3096192928
