1 0.5755319201 0.1750763652 0.5861162548 0.3237738357
1 0.6161190064 0.2742020542 0.0863743301 0.1226700759
1 0.2788479545 0.7302147162 0.1137947209 0.0782244223
1 0.4687343156 0.8155504496 0.0767771508 0.0853357334
0 0.8121749626 0.4848745542 0.3441261733 0.1920052980
0 0.4543385939 0.5346537422 0.0616959186 0.1813383518
0 0.2240071100 0.4733186991 0.1713776076 0.2186727454
0 0.4444080030 0.6545054288 0.6624882044 0.5210693932
0 0.1182523325 0.6670847418 0.0981571812 0.3531794206
0 0.8398401875 0.7915002065 0.3174633310 0.3359790759
0 0.2049627935 0.5062362763 0.1453281907 0.1457818370
0 0.4236405743 0.6031278698 0.0425016545 0.0764465945
0 0.8126020195 0.7525310989 0.2906289849 0.3027067395
0 0.1924371404 0.6181973600 0.0646883909 0.2334124596
0 0.4104089028 0.6309621087 0.0450006280 0.0911767120
