1 0.3177167850 0.3306191175 0.0639356681 0.1066703771
0 0.7289065594 0.3120917014 0.2380414668 0.3179577386
0 0.6984602785 0.1895404386 0.1253878085 0.0852575527
0 0.9063202867 0.1559364952 0.0516003146 0.0723738564
0 0.2532481486 0.2930002862 0.0802103784 0.1373729539
0 0.5022733938 0.2905689324 0.0764797347 0.1300788411
0 0.7111934814 0.2656472966 0.1772090243 0.1604710358
0 0.9261759419 0.2072941529 0.1016620255 0.1167062668
0 0.4826871553 0.8868648557 0.3674754988 0.1580396512
0 0.8371051250 0.8595118455 0.1324403529 0.1179219797
