0 0.6515831242 0.7654081021 0.1269415412 0.1994742298
0 0.3979440722 0.7806424730 0.0955428723 0.1551485836
0 0.3602643222 0.2240113809 0.1371872948 0.1599805641
0 0.5898223767 0.2185530378 0.1303954574 0.1525975105
0 0.8255963692 0.7043800482 0.0792496963 0.1504925549
1 0.4674467467 0.2279785586 0.0738215336 0.0622239500
1 0.1516545784 0.1586432914 0.0355437083 0.0728909079
0 0.3438211395 0.8437757895 0.1210668681 0.1185925776
0 0.5102431094 0.7641174808 0.4009337403 0.3900003619
0 0.9750259502 0.6947858415 0.0499480997 0.1094121287
0 0.8182439150 0.6978250525 0.0635669663 0.1592553367
0 0.6471739558 0.7744135303 0.0972200328 0.1641180907
0 0.3541114496 0.7750213848 0.1261991409 0.2090986675
0 0.0764733148 0.7154524437 0.0663714160 0.1580397505
0 0.9449104360 0.1957450933 0.0308486600 0.1203532945
0 0.7607531732 0.2103333758 0.0813283542 0.1787064243
0 0.5845417497 0.2109412252 0.0916112198 0.1823535205
0 0.3330782595 0.2425491773 0.0841327606 0.1434513862
0 0.1091915994 0.2012157018 0.0570233224 0.1604710764
