1 0.5326049517 0.2597975706 0.1232659197 0.0947120927
1 0.2398483564 0.8593589049 0.0968518058 0.0862556150
1 0.6942151405 0.8606485961 0.1880527666 0.1470319872
1 0.6274351015 0.3103054011 0.3814477523 0.2226014951
1 0.6794502186 0.8688777699 0.2531050712 0.2039356251
1 0.1758908956 0.8856972159 0.3517817912 0.1892186414
1 0.6185681842 0.3416936375 0.4295944275 0.3458496378
1 0.5951560471 0.4514541547 0.0936449752 0.0790298920
1 0.5230034768 0.2715728586 0.1151370309 0.0872866641
1 0.7038233514 0.8683423710 0.1337279041 0.1291121411
1 0.2042707697 0.8786493280 0.1507399856 0.1212819049
1 0.6461206695 0.3356984719 0.2812852410 0.2289732940
1 0.2068613856 0.8876048643 0.1504016430 0.0622256889
1 0.6534385835 0.8778266473 0.1966791371 0.1137841115
0 0.7193839688 0.4831379335 0.1943652639 0.0817823440
0 0.7390518907 0.1888993824 0.1550294201 0.0551141623
0 0.1062079695 0.4769153772 0.1249490689 0.0764486792
0 0.1015802258 0.2449024993 0.0694161488 0.0533363161
1 0.6268290626 0.3142396834 0.2915478138 0.1671203960
0 0.7234487007 0.1742703143 0.1139184225 0.0668630669
0 0.6862670364 0.4891347796 0.1503090120 0.0887455275
1 0.5731396887 0.4623895150 0.0601236130 0.0838827865
0 0.7519283166 0.7863715881 0.0696168799 0.0607847038
0 0.1206304106 0.2447804921 0.1075895985 0.0547061672
0 0.1040173116 0.4854876924 0.1060074386 0.0595688923
1 0.5501978221 0.2684864490 0.1692954637 0.1604713511
