1 0.7923211903 0.6137939125 0.0339464663 0.0893531702
1 0.5223657870 0.2569067826 0.0193980078 0.0861995366
1 0.6815765602 0.1755028412 0.0436726425 0.0542803971
0 0.8471794247 0.7105898007 0.1233818425 0.1629024626
0 0.5457351353 0.7245702378 0.1205777284 0.1641181171
0 0.2442908460 0.7154525623 0.0579520919 0.1847848591
0 0.0732387259 0.7075505824 0.0766463137 0.1641181171
0 0.7705331544 0.2018235392 0.0486050027 0.1519612439
0 0.5476045342 0.1769018988 0.0607562691 0.1337259032
0 0.3013082384 0.1896666403 0.0467355407 0.1860005649
0 0.1424073354 0.1738626702 0.0803851154 0.1665495390
