1 0.7665239020 0.5948991514 0.0596684815 0.0844473969
1 0.3381890715 0.2771103348 0.0247198415 0.0600021043
1 0.8457978256 0.5448974265 0.0409156465 0.0644466873
1 0.7051505830 0.6226778629 0.0375059716 0.0600020797
0 0.3359937473 0.7203138907 0.0320975555 0.1280722503
0 0.5263538608 0.7150779392 0.0522223809 0.1273185005
0 0.8125083315 0.6998747796 0.0423458823 0.1041672072
0 0.5522353118 0.2293691282 0.0517680667 0.1101905835
0 0.3794805987 0.1778272792 0.0369816498 0.0997657960
1 0.3736026568 0.2819776796 0.0163869404 0.0305206250
1 0.0905961254 0.3148753831 0.1528224344 0.1024923770
1 0.2567074489 0.3603473485 0.1439631405 0.1010488366
