1 0.6071354720 0.0435103960 0.0537012034 0.0567655450
0 0.7019263019 0.7578101693 0.1586627302 0.3794881476
0 0.4138924171 0.7509772666 0.1521535413 0.3658224393
1 0.6076960634 0.2889733083 0.2333586369 0.3464716606
1 0.5592365171 0.5728369374 0.1684321887 0.1094120969
0 0.3943651791 0.0240474813 0.2024980179 0.0480949626
0 0.8873358290 0.6770253087 0.0678612469 0.2437972355
0 0.7239334407 0.6962050845 0.0995478137 0.2877131715
0 0.4144239755 0.7223079077 0.1571027634 0.2805115572
0 0.1048774085 0.6419519198 0.1851897733 0.2381551495
0 0.4057472304 0.1581810380 0.2302461446 0.2897329520
0 0.7322071620 0.1550126609 0.1332250886 0.3017689914
0 0.9061285686 0.1288209200 0.1148844752 0.2261424736
1 0.2551238149 0.3023727283 0.1765303964 0.1511954927
1 0.0857637023 0.4854554364 0.1393511049 0.1759121333
