0 0.1964963049 0.4399075229 0.3269091732 0.6877878392
0 0.2153788678 0.7170433472 0.3740208792 0.1090917487
0 0.2186515571 0.8850156698 0.3263332300 0.1300430909
0 0.8226953047 0.7221005405 0.2777105450 0.1033120241
0 0.8306432356 0.5783306693 0.3141775907 0.1033120241
0 0.8175524844 0.9070507527 0.3515796327 0.0426252533
0 0.1817169889 0.2138486946 0.2150620030 0.2571964135
0 0.8378920608 0.7355862263 0.1033844530 0.0464968302
0 0.9312467682 0.4113000857 0.1080137311 0.3350160685
0 0.1867244149 0.4661426368 0.1836230812 0.4923903488
