1 0.7053348978 0.8205225958 0.2750342640 0.1871165992
1 0.4823780859 0.7616544555 0.3303667114 0.1766043986
1 0.2472155993 0.7280155118 0.2115648730 0.0925070617
1 0.2285144499 0.7298734228 0.1528591964 0.0928525108
1 0.7228256347 0.8249618430 0.1564902006 0.1616694039
0 0.6196852065 0.6675693425 0.0735692060 0.0503166774
1 0.3611110804 0.7926621455 0.0843881886 0.0573050911
1 0.5028399838 0.7549246486 0.1817592046 0.0992356630
0 0.6306847370 0.6005698639 0.0865741872 0.2516478153
0 0.3464955106 0.5890208246 0.0602255246 0.2261183319
1 0.5243490528 0.7969037986 0.4309890073 0.1288631191
