1 0.4244547558 0.6850874900 0.0298767564 0.0608410915
0 0.3776513748 0.2039018078 0.0436738975 0.1355926267
0 0.6274817167 0.2561054243 0.0467571696 0.1039025641
1 0.5096547555 0.3831366595 0.0990781888 0.1033206162
1 0.6795111024 0.3804221240 0.1050081228 0.1259506831
0 0.8003154654 0.2523718233 0.0566217038 0.1577147001
0 0.9661183058 0.2168714912 0.0641867092 0.1896654243
0 0.8952135212 0.7170526521 0.0478783306 0.1797241539
0 0.6874398824 0.7374044289 0.0667456928 0.1241698890
0 0.4115286551 0.7464819410 0.0433814413 0.1747011289
0 0.1141051969 0.7274621016 0.0414423253 0.1310285659
1 0.5788316979 0.6193097749 0.0855802751 0.0980249237
1 0.8225990877 0.5657545037 0.0760076591 0.0605273782
1 0.4203402617 0.5947073325 0.2749648027 0.6890136472
