1 0.8199304166 0.7917073942 0.1614730807 0.0761079227
1 0.1670328555 0.7311684478 0.1034993690 0.0504581975
1 0.8091995267 0.7963437473 0.1458399910 0.0798922520
1 0.6955070147 0.7779475193 0.0940903798 0.0473046396
1 0.5504510799 0.9224893533 0.1113401758 0.0462533539
1 0.7182454836 0.3227718998 0.4845652467 0.5434775165
0 0.6578937649 0.7814499350 0.1362720887 0.2026289398
1 0.7466327451 0.8150030024 0.2551037441 0.2701373381
0 0.2724033265 0.7836804483 0.2485007473 0.2393154817
0 0.5887799307 0.5989856907 0.6438167928 0.6893094007
0 0.6767379370 0.6208684772 0.5041719538 0.4947952196
1 0.6383708556 0.8277827992 0.1023755396 0.0668981216
1 0.3151414094 0.7599013459 0.2013359697 0.0264736250
1 0.9439566994 0.8443639045 0.1120866012 0.1718122445
