1 0.3760654080 0.2082078121 0.0624962516 0.1336081702
1 0.3616533682 0.2062142285 0.0754915526 0.1250343907
0 0.4768949703 0.5978155513 0.6916303327 0.5555703212
0 0.2542823337 0.2828948507 0.0842310335 0.1057650238
0 0.5288121339 0.4524923197 0.3470067102 0.4658865118
0 0.0769145814 0.2741570976 0.0664489121 0.1969417846
0 0.2463125319 0.2911767706 0.0608335547 0.1410200317
0 0.4260053800 0.3063728892 0.0589616648 0.1179219138
1 0.3717231845 0.2261373503 0.0739361406 0.1227847214
0 0.9505775016 0.1896666558 0.0636411908 0.2005888565
0 0.6786984806 0.3100199734 0.0383719546 0.0887453385
