0 0.4913140528 0.4196131368 0.1024882631 0.1606680475
1 0.7589757378 0.5396832918 0.1411139763 0.2375743212
1 0.3997397413 0.6432278488 0.1177294239 0.0914556218
1 0.3763551416 0.3678098568 0.0983766354 0.2260110008
1 0.3509546284 0.1617719390 0.1491776618 0.1587332753
1 0.4340103181 0.1202490050 0.2717453224 0.1976281976
0 0.4287689083 0.4682007814 0.3806046827 0.5928846043
0 0.5250493715 0.4892357377 0.1992552700 0.2800106816
0 0.2470941642 0.5980002008 0.2033818405 0.3077803186
0 0.7016083775 0.5405324300 0.1019856392 0.2175289262
0 0.4997121365 0.4703925232 0.1054008910 0.2823155824
1 0.7603743338 0.5799039359 0.0740060747 0.0888725003
0 0.7829871642 0.7381707937 0.2387282093 0.4230601199
0 0.5190804997 0.5302877902 0.1380147677 0.2625890158
0 0.5128943560 0.5074952984 0.0724823124 0.2241061850
0 0.2386653260 0.5242796781 0.0868280383 0.1108572235
0 0.7618600912 0.5151898671 0.2354103231 0.1210755053
