1 0.3626887665 0.2185374984 0.0227046621 0.0325876382
1 0.1498326487 0.2290496275 0.0689248389 0.0641240622
1 0.0553650626 0.6674058049 0.0227046574 0.0241779618
1 0.0294168814 0.6716106614 0.0194611354 0.0388949352
1 0.4259374493 0.6705594350 0.0145958353 0.0325876749
1 0.7425862706 0.7120823627 0.0397331304 0.0462533729
1 0.6343337464 0.2285240265 0.0535181133 0.0714825243
0 0.4250134512 0.7162369448 0.0773780189 0.0793675189
0 0.2404966390 0.7256066993 0.0858810973 0.0672419659
0 0.3850489998 0.1904269789 0.0535693919 0.0727535876
