1 0.7364483022 0.2048717194 0.0639330388 0.1019677370
1 0.8889972318 0.6994678088 0.0631237551 0.0819946584
0 0.5227988837 0.7935514366 0.5915823054 0.3458493438
0 0.7709176795 0.1053345021 0.0673856144 0.2068252356
0 0.5986108898 0.1270807521 0.1104414493 0.2235473845
0 0.3297697971 0.1391045096 0.1050214554 0.2547770645
0 0.7465706723 0.8352171770 0.0965542852 0.3150521646
0 0.2742367974 0.8472551443 0.1300215993 0.2998203766
0 0.0515484087 0.7354786986 0.0963489971 0.3311055419
0 0.5276158241 0.7950669380 0.5559689543 0.3640532636
1 0.9065902369 0.7063347803 0.0524104192 0.3367461543
0 0.5214672420 0.7871782301 0.5025785082 0.3014910480
0 0.5986790243 0.1665685440 0.0673848950 0.1762750643
0 0.7877308583 0.1446861279 0.0748719625 0.1470985074
1 0.1311967982 0.7914332068 0.1394491503 0.1908634256
