1 0.7416420971 0.6185615305 0.1565013655 0.2385967791
1 0.4066767569 0.7888387209 0.0499601729 0.1228203843
0 0.6954462731 0.7748732313 0.0866462152 0.1949366753
1 0.5136671995 0.6294695680 0.4203704382 0.2669623503
0 0.6896865976 0.7154525732 0.1373265051 0.1604710889
0 0.3737428526 0.7762370564 0.0621680696 0.1677651844
1 0.8400034875 0.7178839466 0.1280476186 0.1118434727
0 0.6813356750 0.2474119220 0.0760862301 0.1920790172
0 0.4373027458 0.2279608669 0.0538171281 0.1920790048
0 0.2614691625 0.2145882885 0.0454662055 0.1653338480
0 0.1213590149 0.1300978468 0.0324758490 0.1325102207
