0 0.6669478257 0.7274192810 0.1633125748 0.2215528427
0 0.6717575696 0.7211261872 0.1393760049 0.3812172182
1 0.4374774419 0.6352055703 0.1656825345 0.2034504552
1 0.4343261719 0.3324757730 0.1528597196 0.1956896382
1 0.2579267334 0.2989362778 0.1240288130 0.1176273715
0 0.3928568384 0.2162360468 0.0704620701 0.1605366245
0 0.6536131341 0.2231267744 0.0725537879 0.1711090334
0 0.8449404873 0.2096519778 0.1102247391 0.1677158356
1 0.4524321680 0.6132747035 0.1627817802 0.1547710788
0 0.3417624154 0.7587555424 0.0876427498 0.1364081598
0 0.8842918292 0.7497399853 0.0660684065 0.1490735946
0 0.6639230207 0.7350028992 0.1425569626 0.2439995058
1 0.3607383888 0.2945641733 0.3538925114 0.2898103899
