1 0.4138669649 0.2208041761 0.0362824580 0.0998653071
1 0.2211630011 0.1865516128 0.0364725045 0.1371702552
1 0.7349341620 0.1385420185 0.0455906966 0.0923613457
1 0.5003178129 0.3849913100 0.0659310208 0.0749864109
0 0.4561300007 0.3772183033 0.1080146856 0.1344268823
0 0.7370383283 0.3305804232 0.1157299744 0.0777298207
0 0.2576354773 0.4037379189 0.1094174568 0.1435716062
1 0.5497661161 0.1467722448 0.1648275519 0.0320064351
1 0.0987697267 0.1481439312 0.0526045527 0.0749864355
0 0.0640507216 0.3282942484 0.0687366151 0.1828936654
0 0.2562566316 0.4199459620 0.0866619624 0.1000050215
0 0.0653518186 0.4209091223 0.0481807110 0.1596952895
0 0.2504522939 0.4232615825 0.0926595530 0.0819857318
0 0.0693279545 0.3939564941 0.0549238792 0.1119927000
0 0.4510129309 0.4149175701 0.0613667756 0.0290243316
0 0.7283797859 0.3489220409 0.0699321808 0.0765884731
0 0.4486508175 0.3805299893 0.0736619268 0.1398043698
0 0.2570364991 0.3853927231 0.1305401853 0.1932947004
0 0.0817397157 0.3513534140 0.0745943822 0.1470984890
