1 0.6947937770 0.5464563047 0.0639289809 0.0727234378
1 0.1879283739 0.6910575584 0.0626242880 0.1386818510
1 0.1915780914 0.6889556541 0.1102873524 0.1892185180
1 0.1587351639 0.5470417901 0.1370482451 0.1177359318
1 0.7069281347 0.5444137647 0.0997452446 0.0557143354
1 0.1755616324 0.6633477449 0.0813876229 0.2264528628
1 0.6063575697 0.3291099052 0.4295750209 0.6094627918
0 0.6594951179 0.6705248060 0.0840357431 0.1261354898
0 0.6697703486 0.7043043250 0.1550366514 0.0976156582
0 0.4493967945 0.7437812449 0.1240293136 0.0846959604
0 0.2556009518 0.7689029122 0.1528218524 0.1148420202
0 0.9521585974 0.5291703327 0.0664443117 0.0516788894
0 0.2843934717 0.1911042316 0.0686590728 0.0904380565
1 0.1531660044 0.5535742473 0.0963442121 0.1148419710
1 0.7035462184 0.5392189702 0.0476184158 0.0602920213
0 0.7229257714 0.1408608616 0.5359839398 0.2397326256
0 0.2587778317 0.7405621810 0.1089612688 0.0761445026
0 0.6820406896 0.7007397146 0.1450563040 0.0502288868
0 0.4514002640 0.7216447225 0.0854334103 0.0574587025
