1 0.6009793066 0.5939850665 0.3444931795 0.2218061350
1 0.4759291234 0.3458986121 0.0621217104 0.1166847346
1 0.3581398496 0.7921388981 0.2073413516 0.1639894152
1 0.6663281424 0.4052922005 0.1105282512 0.1471699262
1 0.1279574213 0.2619897011 0.1119277001 0.2306749096
1 0.4767827475 0.3546268731 0.0509656766 0.0840442298
1 0.4218031884 0.3490366847 0.0162217253 0.0248499893
1 0.3502087519 0.2719536350 0.2276535648 0.2224712510
1 0.3446107203 0.2385221753 0.2127254488 0.1021179519
1 0.5596686784 0.3023458968 0.1446160273 0.1811378104
1 0.7509349665 0.2585810647 0.1427499444 0.1884319665
