1 0.7937375967 0.8650821311 0.0776650282 0.0888919554
1 0.3550581593 0.3295079598 0.0998550821 0.0933365876
1 0.7194864041 0.3456196439 0.1869081817 0.2544532813
1 0.6956867886 0.4040112211 0.0805662553 0.1368926904
1 0.7823978912 0.9275813448 0.0518901497 0.1280035980
1 0.3392835722 0.3328981384 0.0614488327 0.1191144074
0 0.8692649223 0.8281318308 0.1979567528 0.2309811111
0 0.3632708416 0.2280051067 0.2239215499 0.2028567795
0 0.5564559153 0.2810713358 0.0915083074 0.1629024512
0 0.7940682510 0.1902745073 0.0140063794 0.0996866027
0 0.5428872377 0.2389020997 0.0569593138 0.1191376642
0 0.3701419677 0.2565296007 0.0513566866 0.1325102359
0 0.1894597683 0.2510589808 0.0466879312 0.2066672873
0 0.8281504030 0.8971982210 0.0728330972 0.1252160310
0 0.5582942550 0.8923355078 0.0392178245 0.0595688382
0 0.3617381590 0.9379238061 0.0364165863 0.1094121518
