1 0.6962753059 0.2076640119 0.0485301596 0.0672776964
1 0.3092475219 0.7301172533 0.0315446132 0.0315363926
0 0.6325292400 0.6966420594 0.0976291162 0.2122655181
0 0.3537843852 0.6895270248 0.1222645181 0.2810443300
0 0.1868112119 0.7179872044 0.0748185864 0.1909203526
0 0.4025989592 0.2033321856 0.0720813178 0.1909204040
0 0.2360819920 0.1920666987 0.0912421824 0.2134513778
0 0.2432715144 0.1165710757 0.1085649243 0.1058233910
0 0.4150246101 0.1590106643 0.0703975697 0.0870838409
0 0.6622642715 0.1639711322 0.0848163506 0.0727535774
0 0.3577735861 0.7713532624 0.1017796017 0.1124373619
0 0.1889890523 0.7647393121 0.1170465499 0.0948001335
