1 0.7010452964 0.5784216712 0.0848763836 0.0943639346
1 0.6206836858 0.4852372142 0.0451470367 0.0707729818
1 0.1245179098 0.3708209245 0.0677205314 0.1344686449
1 0.2080398749 0.3932323379 0.0541764251 0.0707730230
1 0.1199113869 0.3904109548 0.0885169841 0.1366578178
1 0.6131923770 0.4734568525 0.0482820243 0.1240432472
1 0.5826137795 0.2038204937 0.4635070612 0.3521565966
0 0.1854152482 0.2239886862 0.1247116987 0.1403322207
1 0.1179295059 0.3594207249 0.0527447787 0.1195994801
1 0.3879180073 0.6258040208 0.4608363790 0.4632612427
