1 0.9096341515 0.1724969362 0.0247291214 0.0675916014
0 0.2881991667 0.7482113797 0.0952531131 0.1802442976
0 0.5771641305 0.7731135599 0.0631967417 0.1541562448
0 0.7594273267 0.7440610299 0.0760193029 0.1719435981
0 0.8945218721 0.7292382968 0.0238133098 0.0901221079
0 0.6055569084 0.2140005563 0.0705239286 0.1268824931
0 0.3582651579 0.2199296383 0.0247291845 0.1031661343
1 0.8189062285 0.2930031513 0.1588473253 0.2214484244
0 0.6022548212 0.2132437643 0.0491836635 0.0922123678
0 0.5625590775 0.7662619650 0.0568033644 0.1280620598
0 0.7440423941 0.7375033277 0.0578995343 0.1615103066
0 0.8862357734 0.7336606884 0.0281744344 0.0460237783
0 0.2844080089 0.7350452421 0.0608878257 0.1420214092
0 0.8368318719 0.2944116918 0.1532211027 0.1674161836
