1 0.6314363178 0.2691600057 0.0520308267 0.0704313451
1 0.1790118144 0.2949147404 0.0170726292 0.0546631153
1 0.2452698415 0.6560066901 0.0308933317 0.0304851303
1 0.5281876036 0.7033113063 0.0422750656 0.0515095182
1 0.0721046660 0.6218422736 0.0195115600 0.0189218269
1 0.2507908210 0.7363532428 0.0229270156 0.0426894250
0 0.0930528434 0.7695561478 0.1183034891 0.2893395283
1 0.2338248144 0.1950274697 0.0165074588 0.0462468852
0 0.2219027587 0.2039211081 0.0623615277 0.1778726448
0 0.4007336123 0.2258587265 0.1027130977 0.1885450010
0 0.2714251444 0.7191588720 0.0733665065 0.1553421448
0 0.5772717550 0.7286454163 0.0871227536 0.1695718880
1 0.4498500387 0.3085806078 0.3671513702 0.4862870704
0 0.3901322403 0.1501013555 0.0498852993 0.0582941695
