1 0.4414799546 0.8056404386 0.0663382783 0.1324529564
1 0.6158202745 0.9102361760 0.0558212906 0.0767385183
1 0.5312793615 0.9007752329 0.1084064826 0.1797575484
1 0.6797315264 0.6936861580 0.0331691708 0.0409973515
1 0.4306494609 0.8058001672 0.0506233251 0.1440040347
1 0.5435257948 0.9364704690 0.0985102354 0.0960026623
0 0.4235012369 0.2298697062 0.0665801701 0.1474533441
0 0.2503749054 0.2038235295 0.0525087951 0.1412507030
0 0.6840560905 0.1815783140 0.0547578789 0.0996054240
0 0.9221903114 0.1656306210 0.0428384445 0.0985562716
0 0.6692875781 0.7727534371 0.0624244900 0.1441940133
0 0.9486917002 0.6629946317 0.1026165996 0.2199868776
0 0.3979424247 0.7828247317 0.1089275461 0.2259920703
0 0.2085513010 0.7444493402 0.0885065195 0.1671652919
1 0.5122967152 0.7375355346 0.2341895507 0.3328824497
1 0.7967725674 0.7204054809 0.2619220949 0.2568471321
0 0.0978054409 0.1549170475 0.0411317248 0.0880057296
