0 0.6969868276 0.6369534366 0.1933592280 0.1976282056
0 0.9148562999 0.6448375224 0.1416151803 0.1944745713
0 0.4273732462 0.7352418959 0.3240809310 0.1776551125
0 0.3274496333 0.6083059583 0.1310157592 0.3135448962
0 0.7045878109 0.6043324524 0.1422456646 0.2824793252
0 0.9333974676 0.5963854784 0.0907751484 0.2232381639
0 0.6844242396 0.5645662518 0.2842129972 0.4619178819
0 0.7032579939 0.6456425701 0.0969721272 0.0824962744
0 0.9267253355 0.6428299423 0.0694692743 0.0602385227
0 0.1945925387 0.6720398781 0.3218982017 0.1618626629
