1 0.2882260874 0.7018862760 0.0592694910 0.1268981295
1 0.2845180881 0.7399395354 0.0753841353 0.1335041172
1 0.3607128465 0.1486317789 0.4644636907 0.2859301590
1 0.6935309701 0.5752683411 0.3224685707 0.4303542956
1 0.3413293273 0.7190582693 0.6546478200 0.2729749488
0 0.7525705569 0.6553240137 0.1177624875 0.3787978303
0 0.7586808122 0.6555038293 0.1640465218 0.1653338775
0 0.5144858916 0.6396998730 0.0637437996 0.0632158741
1 0.3977785513 0.7861905332 0.1884191243 0.1373730488
1 0.6251001287 0.7898375925 0.1406113315 0.1616867937
0 0.7111805615 0.5951700985 0.1841111479 0.4577335471
