1 0.6698754095 0.4088838334 0.0769309751 0.0780373801
1 0.6666043928 0.4925130776 0.1261046871 0.0933041862
0 0.8049447583 0.2983531361 0.2013007872 0.0695173412
0 0.8256901649 0.1061524979 0.1401800832 0.0587772998
0 0.8518252711 0.5681437477 0.1219822545 0.0580410301
0 0.2944214852 0.5263547082 0.1504395023 0.0670557034
0 0.2893024568 0.2304657058 0.1406003398 0.0943387964
1 0.1803056532 0.3206167587 0.0589897402 0.0781793228
0 0.6223034274 0.5634379523 0.3414421820 0.2316250902
0 0.2899132759 0.2228933946 0.1708978961 0.0936098536
0 0.2891220954 0.5316845446 0.1313382303 0.1057670433
0 0.8350458945 0.5687637991 0.1060200353 0.0607856836
0 0.8010245785 0.2976597404 0.1898865238 0.0923942556
1 0.2994076267 0.6812172551 0.1107671676 0.1616898812
