1 0.5574742260 0.6523274247 0.0427996665 0.0672777237
1 0.8207324357 0.6171118008 0.0314940776 0.0662264670
1 0.4456298387 0.2949147686 0.0258412831 0.0483558614
1 0.7052541092 0.3401169418 0.0201884887 0.0672777032
1 0.7993922827 0.6320979416 0.0934549390 0.2095829543
1 0.5837866488 0.6335938361 0.1048122676 0.1955759602
1 0.3986462075 0.3231167537 0.1026662690 0.1440625755
0 0.6820431041 0.2206667469 0.0793808054 0.1653338094
0 0.8422053726 0.2237059634 0.0784467816 0.1592553764
0 0.4340950607 0.2267452107 0.0392234223 0.1142748863
0 0.2417135086 0.6643935788 0.0448268089 0.1118435193
0 0.5214137923 0.7257859425 0.0756451514 0.1276474819
0 0.7978455756 0.7209231879 0.0793807424 0.1787064255
0 0.9706153692 0.6838446176 0.0457606121 0.1726279310
1 0.3309000830 0.1507645833 0.0644384728 0.0887453325
