1 0.0900539017 0.6249958474 0.0705076628 0.0378437134
1 0.5443015972 0.7889852478 0.0729390197 0.0525607049
0 0.6883753487 0.7524052618 0.1063966283 0.1969848731
1 0.9457279634 0.6450661676 0.0263718854 0.0342069125
0 0.6920674074 0.7652959655 0.1040332304 0.1726280126
0 0.4057418852 0.7543546766 0.0749788669 0.1896476316
0 0.2168888729 0.7725899861 0.0646693243 0.2188241071
0 0.0538098260 0.7507076048 0.0590458591 0.2358438734
0 0.7393978789 0.1829803516 0.0356150556 0.1337259142
0 0.4891558599 0.2255295033 0.0562341786 0.1823535250
0 0.3279513188 0.2188431929 0.0618575396 0.1908633344
0 0.1330062658 0.2237059736 0.0674809859 0.2078830148
