1 0.5550792925 0.3156017162 0.1835773917 0.2875112206
1 0.5695673585 0.3193374274 0.1651146208 0.2920659024
1 0.5757842432 0.2190874761 0.1510513488 0.2336933072
0 0.3487829008 0.4004202589 0.1162586202 0.1399954953
1 0.3312065002 0.2171082262 0.0410589729 0.0800027661
1 0.5826926699 0.3504462143 0.1573927401 0.3466787422
0 0.5258088930 0.5093406086 0.5312004346 0.5800201519
0 0.3347684822 0.3496252195 0.0526946658 0.0973639800
0 0.3558169731 0.3513534392 0.1057536757 0.1811378351
0 0.1368226506 0.2498433020 0.0402425288 0.1799221052
1 0.5560939031 0.5403932308 0.1001384729 0.1580397892
0 0.6946031759 0.5002754391 0.0739339826 0.1288631349
