0 0.7525065154 0.8634900118 0.1017545834 0.1314017188
0 0.2207104620 0.1996201065 0.3689033122 0.1920790362
0 0.6209005160 0.1771298360 0.3866480201 0.1884319401
0 0.8917408720 0.2172475954 0.0952610916 0.2540791850
0 0.1240484508 0.6451704496 0.2297473744 0.2735302558
0 0.4668016658 0.7412099800 0.0896574758 0.2054516523
0 0.7675279162 0.7867983559 0.0448287002 0.3014910844
0 0.9547812859 0.7947003218 0.0420269677 0.2200398403
0 0.7661734111 0.8474138280 0.0931527759 0.0485023750
0 0.9202988746 0.8077300755 0.0745221905 0.1058233726
