1 0.2883383402 0.2574323984 0.0587885828 0.0998653233
0 0.8025374082 0.1344404036 0.3124654789 0.2533425468
0 0.3825611832 0.7635918588 0.4566183562 0.3426956399
0 0.7693712216 0.0180215346 0.1747095845 0.0292009614
0 0.7388012197 0.6733229087 0.0735200939 0.2160932945
0 0.9031137901 0.6326603805 0.0391415133 0.1859970463
0 0.4676519148 0.7272340839 0.0920583517 0.2232840543
0 0.1928444947 0.6795916580 0.0506859015 0.1889577443
1 0.9105167955 0.1742967288 0.0768154635 0.1354721760
1 0.6632186210 0.5413495435 0.1652414303 0.0536809622
1 0.8110957382 0.5190393697 0.1490155211 0.0857427594
1 0.3442697903 0.5688414196 0.1893969054 0.1092016069
1 0.2556158292 0.1670624359 0.0614804749 0.0914692794
