1 0.6361456894 0.5670148455 0.0436882205 0.0378436953
0 0.6449647113 0.7149743159 0.0811288973 0.1537512606
0 0.4348027113 0.7248109192 0.0866223963 0.1326225127
0 0.8351106969 0.6687723163 0.0654581210 0.1884745691
0 0.1435657269 0.6730210941 0.0893336878 0.1330847377
0 0.3396813835 0.1572355564 0.0656572854 0.0878142599
0 0.5982916669 0.1654561252 0.0634590335 0.1616000269
0 0.7726629862 0.1533648341 0.0760338016 0.1280251261
0 0.0962097540 0.1290885813 0.0724190689 0.0949552842
1 0.6986318077 0.2841499412 0.1418224056 0.1027403694
1 0.5820426383 0.5835017891 0.1297866449 0.0774517148
0 0.6644033851 0.6956216151 0.2059082403 0.1945104050
