1 0.1250992105 0.2292138898 0.1236661133 0.1061725970
1 0.3619238796 0.6381360345 0.0299061677 0.0809434373
0 0.3840369091 0.8416837559 0.0871508668 0.1095927789
0 0.3854175364 0.8125642566 0.0732604905 0.1999538769
0 0.0722544929 0.7608983165 0.0619103244 0.2093476842
0 0.0418100044 0.1515597605 0.0492107848 0.1191144109
0 0.1976441545 0.1782271687 0.0574125836 0.0871135211
0 0.4512164034 0.2004500089 0.0615134919 0.1137809292
0 0.0718832595 0.7000194614 0.0874858369 0.1351148681
0 0.3944873077 0.7746882043 0.1202930323 0.1991166477
0 0.7102564702 0.7542431483 0.0738161600 0.1653378938
0 0.8333622626 0.0604901925 0.2966516582 0.1209803849
0 0.7090865162 0.7613646625 0.0653379457 0.0720136644
0 0.3895951735 0.7916104350 0.0908086273 0.0921775455
0 0.0656741614 0.7174363179 0.0542636904 0.0820956295
0 0.4421977595 0.1571698615 0.0387597823 0.0417679288
0 0.1991185468 0.1586101326 0.0376523572 0.0302457479
0 0.0474016953 0.1175623332 0.0553711155 0.0374471033
1 0.0779645416 0.3775317294 0.1559290833 0.0907372437
1 0.8513902856 0.4488252429 0.0598008393 0.0489692780
1 0.3115219059 0.5446034692 0.1118496466 0.0590512432
1 0.6719878810 0.3732109101 0.0863789649 0.0705733872
1 0.5889312290 0.5193987039 0.1461797665 0.0489692780
