1 0.4482051776 0.7077495774 0.1260203855 0.2866571266
1 0.1582884638 0.7447436229 0.1523300199 0.1997127181
1 0.7547847108 0.7508431431 0.1014789305 0.1753060582
1 0.4868519629 0.6287586381 0.2031149596 0.4206287062
1 0.4026106703 0.7254592099 0.0196770625 0.0877808107
1 0.4218599582 0.6043439383 0.0188215134 0.0677801048
0 0.7798096156 0.6127266880 0.0552248509 0.1130591703
0 0.9642042963 0.5665305264 0.0383765056 0.0960395292
0 0.5827787325 0.6370405450 0.0767531622 0.1422357398
0 0.4002560608 0.6431190092 0.0861132450 0.2638047306
0 0.1344281859 0.6157659937 0.0617768825 0.1701966067
1 0.2598540354 0.5932757397 0.0954733844 0.1519612630
