1 0.6222445556 0.6276780466 0.0281763602 0.0322233657
1 0.3724990325 0.6465675913 0.0239072628 0.0300010663
1 0.1180574636 0.6137886877 0.0187842874 0.0600020834
1 0.8271639703 0.5254522749 0.0589143074 0.0477794122
1 0.6837203932 0.2282197262 0.0332993451 0.0911142624
1 0.7200081935 0.2359977679 0.0273225861 0.0511128858
0 0.6704981565 0.7062418259 0.1147540680 0.0977804843
0 0.4013725541 0.6689074668 0.1174862888 0.1404483866
0 0.1390775462 0.6217950149 0.0819671820 0.1813384002
0 0.9191319705 0.6520181144 0.1202185474 0.0888913852
0 0.6493233034 0.6742409607 0.0450819269 0.0835578666
0 0.4034217291 0.6937970477 0.0505464442 0.0728909280
0 0.1479573300 0.6626850777 0.0560109141 0.0497791619
