0 0.5021049589 0.5522951346 0.1238747892 0.3890937298
0 0.7270043357 0.5596623351 0.1317098711 0.3552511701
1 0.5546216205 0.2558555789 0.0264407388 0.0504582434
1 0.6459623152 0.3073650713 0.1434209304 0.1282480942
1 0.8843294065 0.2963273158 0.0592912623 0.0956604400
0 0.7157693431 0.5339885693 0.0896427374 0.1266042255
0 0.5029976782 0.3889214440 0.0804090871 0.2306774022
0 0.2328903547 0.3322134899 0.0229805657 0.1520004396
0 0.7147186637 0.4055820261 0.0772734484 0.1880160785
0 0.9231568137 0.3821529716 0.0371239269 0.1972555596
1 0.2001388672 0.1580352041 0.0967105821 0.1327883629
0 0.5014327240 0.3602737847 0.1015607658 0.1857303267
0 0.7159334858 0.3982950393 0.0813838777 0.1647451886
0 0.9258778733 0.3695843664 0.0452895939 0.1717018362
1 0.4133860239 0.1789938248 0.0452586051 0.0346343475
1 0.5505119074 0.2484928298 0.0248906947 0.0292153382
0 0.5430506329 0.3825814295 0.1371364582 0.1616867535
