0 0.7968398336 0.1295650459 0.0886071082 0.1589768185
1 0.2707114659 0.7254592085 0.1224228142 0.1544498528
1 0.1525691848 0.6943470199 0.1001640992 0.0544463147
1 0.2305861241 0.7106864226 0.0753365788 0.0960026775
0 0.4730329286 0.7746882076 0.0725970491 0.1031139505
0 0.7483538850 0.7346870715 0.0479415024 0.1155587192
0 0.9154640949 0.7435762037 0.0780760454 0.1013361733
0 0.7928709356 0.1204477860 0.0931433801 0.1102252747
0 0.6374036404 0.1808939089 0.0917736627 0.0960026570
0 0.4627597631 0.2217839337 0.0712273316 0.1351148635
0 0.2155188131 0.2208950245 0.0780760928 0.0942248387
1 0.2412462936 0.7160361110 0.0766133521 0.1086440968
