1 0.7183725141 0.1765217953 0.0858357246 0.1913209179
0 0.2411502688 0.2115902920 0.0664427245 0.2147878011
0 0.4997557090 0.1819935531 0.0442951372 0.2536863819
1 0.3042617478 0.4477947671 0.1255245303 0.0615877903
1 0.2202492794 0.6056135316 0.1195941981 0.0307938708
0 0.2237086085 0.7833199993 0.0573261618 0.0808340144
0 0.4199024445 0.7942261913 0.0701750957 0.0872494387
0 0.7361847074 0.7506014963 0.0681983685 0.0667201102
0 0.5053974772 0.1924619179 0.0355817673 0.0923817221
0 0.0705094009 0.2129911976 0.0593029220 0.0769847623
1 0.8019121292 0.4824378778 0.1225593454 0.0333601283
1 0.6900430313 0.6255229215 0.0301596355 0.1183668300
1 0.7265151451 0.2207995444 0.0329652984 0.0919618553
0 0.7291964075 0.1527653518 0.0570005220 0.1041470717
0 0.4877707759 0.2200104906 0.0746659528 0.1433414792
0 0.2374725530 0.2023783012 0.0943919591 0.1525779986
0 0.0789518121 0.2422763205 0.0772146779 0.1510169306
0 0.2159830948 0.7525915547 0.0876418053 0.1609302890
0 0.0215331557 0.7447873000 0.0430663114 0.1009801046
0 0.4268493652 0.7813964405 0.0905154374 0.1378382158
0 0.7311249907 0.7292188466 0.1142858496 0.1510628899
1 0.5897012156 0.6511130207 0.1809425166 0.1003087667
0 0.7465085936 0.7823698317 0.0951048001 0.1261453240
