1 0.2609184590 0.5939850738 0.0217467019 0.0599191761
0 0.7147801921 0.6633651660 0.4494318647 0.2659571059
0 0.4743583063 0.7101441904 0.2714310587 0.3742320971
0 0.5489444344 0.6810424854 0.1202005508 0.2005234379
0 0.2543175596 0.7140698272 0.0948951528 0.2076007640
0 0.2064180933 0.2033248662 0.0732048359 0.2193962195
0 0.0523264224 0.1661690545 0.0596483926 0.2229348765
0 0.4734801870 0.1467065151 0.0831462618 0.1934461793
0 0.6944503643 0.1596815475 0.0985102904 0.1910870870
0 0.8381487348 0.6450661922 0.1129704640 0.1096981128
0 0.5542223752 0.7146466635 0.0697698481 0.0725165965
0 0.2597203381 0.7609862544 0.0559881588 0.0607462467
0 0.2126278274 0.1630289382 0.0372407455 0.0901778585
0 0.4597337406 0.1123724030 0.0421677248 0.0991602174
