1 0.5329518504 0.6439633523 0.0426043509 0.0688913161
1 0.7370268398 0.5984061949 0.0281189758 0.0444458992
1 0.3301550258 0.2100593861 0.6373615383 0.4122365548
0 0.5674998060 0.5363339086 0.0741471460 0.1064781435
0 0.7258202642 0.4951780012 0.0770007755 0.1110374697
0 0.8820951765 0.4987522741 0.0753509767 0.0768956338
0 0.2625457726 0.5839966805 0.1304590229 0.1399397327
1 0.5339846732 0.6571677669 0.0519030966 0.1070126933
1 0.7247634539 0.5958869934 0.0490974799 0.0375001477
1 0.9593792728 0.7349120355 0.0385766345 0.0978662798
1 0.8110347410 0.7591499575 0.0266529241 0.0603661322
0 0.5718598941 0.5844540258 0.0855699302 0.1975618916
0 0.7461559553 0.5556428725 0.1241464892 0.1710373909
0 0.9120352420 0.5922284280 0.1304589663 0.2460376863
0 0.5758681713 0.6020454161 0.0612543846 0.0703401627
0 0.7523175996 0.5764129885 0.0667399240 0.0667635518
0 0.9027110556 0.5621065694 0.0603402538 0.0643790953
0 0.2126456563 0.6248597176 0.3374887772 0.6492382419
0 0.6159402992 0.4819993173 0.1320590914 0.3868625518
1 0.9096370548 0.5756686303 0.1097498170 0.1780611100
1 0.7451111859 0.5945446876 0.1195276717 0.1994037259
0 0.5730568173 0.5558238860 0.0921850541 0.0682129891
