0 0.5627439823 0.2107446793 0.0524916906 0.1725067404
0 0.1001610538 0.2555626038 0.0643023020 0.1336081602
1 0.7602761296 0.7526165763 0.1681612260 0.1974730874
0 0.6004633923 0.7822443100 0.2301780732 0.1481048258
0 0.3052868823 0.8296841300 0.1228411346 0.1704747001
1 0.6594986342 0.1611082873 0.1156853640 0.1673892934
0 0.6054930944 0.7467522443 0.0667041446 0.0487569717
0 0.3008442004 0.7987169888 0.0507748236 0.0551723541
0 0.0957538082 0.2309543283 0.0149337642 0.0872494091
0 0.1047140691 0.8089816660 0.0607306532 0.0577386050
