1 0.9248875804 0.5344272463 0.0210151531 0.0609703832
1 0.9256958991 0.6521631528 0.0549627254 0.0946092137
1 0.8792200478 0.7367858887 0.0557710064 0.1082750393
1 0.3687942297 0.6999934194 0.0404137442 0.0325876585
1 0.5740961314 0.7204920594 0.0210151909 0.0420485995
0 0.6165245085 0.8291470315 0.0916336608 0.2350804208
0 0.7937375888 0.8124531293 0.0848333460 0.2333212214
1 0.9075011073 0.6345514364 0.0800365273 0.1588864630
1 0.4472969367 0.9213184538 0.0557917296 0.1131604584
0 0.3043151534 0.8140128210 0.0642792656 0.2532704712
0 0.0480649208 0.7795369089 0.0236683861 0.1928545193
1 0.1761981818 0.7636863838 0.0723670666 0.0723975318
1 0.4380843152 0.2027898784 0.0856421942 0.0659110218
0 0.3108922965 0.1372234351 0.0787536356 0.2211159576
0 0.1086977282 0.1591343292 0.0382775232 0.1559787354
1 0.1890898259 0.2303379314 0.0859536097 0.1041651625
0 0.6318936259 0.1158566056 0.0647348170 0.1758674880
0 0.7199946785 0.1345877144 0.0766805769 0.1851227151
0 0.8822244221 0.1134173611 0.0912478611 0.1808185209
0 0.5373734636 0.1413130241 0.0850007578 0.2239753391
