1 0.7055814477 0.2239487519 0.0690488644 0.1488940568
1 0.8483676214 0.6317406901 0.0869502679 0.0622243812
0 0.9123295173 0.1737826134 0.0477372019 0.0888913626
0 0.5522551073 0.7489096924 0.0177309208 0.0800022621
0 0.8454974951 0.7524653228 0.0313701051 0.1297813828
0 0.2651503430 0.7249090335 0.0136391843 0.0640017900
0 0.8436255865 0.7373349588 0.0671512190 0.1167061646
0 0.5503051569 0.7318643812 0.0550267648 0.1033336525
0 0.2602490877 0.6917465986 0.0475654720 0.1130591786
0 0.9019165795 0.1866274350 0.0811410815 0.1580397119
0 0.4579721929 0.1665685437 0.0289123346 0.0960395203
0 0.1170863243 0.2139804369 0.1492249952 0.2954126748
