1 0.1301897685 0.6195755623 0.0728672922 0.1009164869
1 0.3547971843 0.7362602889 0.0912843116 0.1345553653
0 0.3740149133 0.7557077269 0.1809670719 0.4173318872
1 0.8392445505 0.6726618292 0.0704650125 0.1419138607
1 0.7203347289 0.6810715488 0.0632583430 0.0830458482
0 0.3939291306 0.7681372595 0.0404941512 0.0723863599
0 0.1091618550 0.6508442092 0.0739827898 0.1599706220
0 0.3838099539 0.7018281019 0.0797879820 0.2192889790
0 0.8567095721 0.6732337989 0.0351032022 0.1533150696
1 0.9576960057 0.6753127285 0.0846079885 0.1896421164
1 0.8946788647 0.5302433403 0.1169163833 0.0849412025
1 0.7753527229 0.6234630418 0.1317025644 0.1881207384
1 0.5658087836 0.6206543364 0.3376089591 0.1916436639
1 0.2538249781 0.5952638846 0.2278237519 0.1224252957
1 0.7194700641 0.2126925451 0.1723875446 0.2189340700
0 0.6185076678 0.1354862998 0.0414285542 0.1005479265
0 0.7838435044 0.1289186308 0.0567443848 0.1047813317
1 0.4650160048 0.2681401158 0.2900472005 0.2475482316
0 0.1782268430 0.2871234158 0.2414994511 0.1882885727
