1 0.7128233129 0.4936525282 0.2281357292 0.1752145969
1 0.4989991026 0.9195230562 0.1150015819 0.1032825996
0 0.2934693872 0.8108511655 0.0557028362 0.1653246146
0 0.9206490567 0.4559454660 0.1378229623 0.1275964041
0 0.1008054228 0.8542225705 0.0658972153 0.1359025216
0 0.0756137888 0.2423890673 0.1234443292 0.1107725747
0 0.2539129982 0.2214514635 0.0912857857 0.1502055399
0 0.5367946613 0.1658294057 0.0991771149 0.1449703798
0 0.8727263556 0.1506528862 0.2383393069 0.2395115498
0 0.3015086484 0.8288037886 0.0891160971 0.0491122508
0 0.1158256908 0.8808321280 0.0867732132 0.0457298408
0 0.2623340873 0.1952635206 0.0640678194 0.0618496510
0 0.0645038199 0.2346668228 0.0862951556 0.0546915329
