1 0.5766492571 0.3663972629 0.0566741754 0.0546630941
1 0.3187819139 0.3196182764 0.0218600003 0.0620216247
0 0.1734007525 0.2161258164 0.0577245677 0.1550476731
0 0.3426463125 0.2400604217 0.0682452658 0.1415710757
0 0.6000020598 0.2422179868 0.0460337763 0.0951878332
0 0.8862186850 0.2646861333 0.1596208971 0.1814525153
0 0.6790290659 0.7675407164 0.0630043298 0.1585465298
0 0.9599557881 0.6721042305 0.0697571812 0.2494360401
0 0.4016601215 0.7549957152 0.0667459555 0.1393018743
0 0.2236449990 0.7249143662 0.0452448843 0.1571332460
0 0.0641548224 0.7184481672 0.0373461982 0.1339031343
1 0.3477772620 0.5854310066 0.0437473905 0.0582232732
1 0.4975435719 0.3672212273 0.1436121528 0.0972034700
0 0.8981437604 0.1688550310 0.1835838934 0.3192116939
1 0.8074273530 0.7811812534 0.0964339673 0.1017047513
0 0.4092672913 0.7717355708 0.0531383064 0.1522971533
0 0.6766488527 0.7855519120 0.0524771554 0.1296819871
1 0.5442710545 0.8038840345 0.0983196124 0.1039596065
0 0.2236766776 0.7429663750 0.0494694048 0.1379820711
0 0.9571252985 0.7470469321 0.0605645032 0.1720046177
0 0.0655468374 0.7262967017 0.0415449913 0.1374803769
0 0.3518082676 0.1447739044 0.0656255244 0.2523092647
0 0.1915925620 0.1434620978 0.0512107391 0.2371115967
0 0.6012458248 0.1678031670 0.0423644640 0.1902188383
