1 0.6727462642 0.3020717705 0.0260151004 0.0811796477
1 0.4229271786 0.2269471875 0.0242550117 0.0683288984
1 0.6650731426 0.3099931009 0.0444675792 0.0704313525
1 0.1828024762 0.2216911239 0.0339570321 0.0578167712
0 0.3950339073 0.7693735383 0.2514437210 0.3101080695
1 0.2880593528 0.6383162192 0.1568618806 0.1724472712
1 0.6471774204 0.3642784513 0.1720983962 0.2053908431
0 0.2255809563 0.1773640957 0.0448967484 0.1231845013
0 0.4019808020 0.2123474418 0.0648172867 0.0845488477
0 0.6674739428 0.2117136487 0.0441766534 0.0644972515
0 0.9551874586 0.2949938752 0.0736478695 0.2705289227
1 0.3024638783 0.2678023441 0.1401325573 0.1781190318
1 0.5160629808 0.6565374063 0.2639137142 0.1434420860
1 0.2821966991 0.6347606446 0.1378365036 0.1669634530
0 0.1678183532 0.7239655135 0.0559150128 0.0940929692
0 0.3792948605 0.7712622874 0.0927668485 0.1643304152
