1 0.4057068586 0.2276570973 0.1354954952 0.1454468546
1 0.4095481439 0.2337754853 0.1249715578 0.1466717755
1 0.5405114726 0.5660092344 0.0992924617 0.2555644012
1 0.4300914071 0.6354561128 0.1249714897 0.1500052026
1 0.3556220694 0.5676759756 0.0855969755 0.1588943857
1 0.3855809581 0.0998819409 0.1763296818 0.0455571463
0 0.3370863575 0.3391957041 0.1616832006 0.2297331041
0 0.5664508866 0.3320331601 0.1762329238 0.1889860206
1 0.4108879064 0.2314593568 0.1187133449 0.1316326048
1 0.3815463097 0.1957501358 0.2857174060 0.2549903307
0 0.2982120578 0.3696071884 0.2142879694 0.1050869711
0 0.5387885903 0.2686305508 0.0786720029 0.1929813943
0 0.3179293306 0.2848015328 0.1373319084 0.2025151563
0 0.0955240575 0.3220254923 0.0703697800 0.1781798389
