1 0.3059567728 0.3041763610 0.0211665057 0.0554388462
1 0.1890807098 0.6285525335 0.0322099356 0.0672343894
1 0.2217507843 0.6338604731 0.0331302135 0.0636956656
0 0.1309824714 0.2131514858 0.0650609303 0.1878226875
1 0.3060997741 0.3078421846 0.0200655356 0.0280564925
1 0.4894256972 0.3164150058 0.0218896925 0.0264978066
1 0.1899629548 0.6234778475 0.0346586197 0.0389673670
1 0.2215813510 0.6254261988 0.0200655166 0.0381879875
1 0.6284820633 0.3272675364 0.2617805832 0.1847848367
0 0.4141254734 0.3230126359 0.1688294749 0.2346281522
0 0.2263263451 0.3059929667 0.1991808881 0.2103143739
1 0.8475810392 0.5783075209 0.2541927276 0.1325101982
0 0.5563975485 0.6068762606 0.3224833145 0.1823534650
0 0.3320819194 0.6500332308 0.1868506369 0.1835691995
0 0.7294952279 0.6281508121 0.1014874032 0.3172950836
0 0.3932588988 0.6372684805 0.0929510703 0.2747459320
0 0.2083052164 0.6816411852 0.0663936325 0.2565105953
0 0.1490252009 0.1613258520 0.0654451553 0.1932946926
0 0.3150092727 0.2439927895 0.0597542731 0.3221578697
0 0.5056538279 0.2324437098 0.0616511705 0.2552948850
0 0.7698056422 0.1892867488 0.1043328728 0.2297654148
0 0.4052945870 0.7164607432 0.0691988554 0.1355045255
1 0.7407168796 0.6394695456 0.0499769237 0.0800708670
1 0.2092310904 0.6271509656 0.0595879276 0.0603611391
0 0.2082700052 0.7004465893 0.0845764084 0.1724602653
0 0.3231209248 0.2483543159 0.0432492799 0.1355044768
0 0.1395516829 0.1806020836 0.0432492894 0.1502868092
