1 0.5218437936 0.2113432512 0.0917528302 0.0452021801
1 0.2719811706 0.2097664401 0.0540686533 0.0357412644
1 0.5349513709 0.3653460723 0.0311304553 0.0252291003
1 0.4829307628 0.3842679405 0.0532494046 0.0336388168
1 0.6082716987 0.3054268945 0.0532493663 0.0357412644
1 0.4534388049 0.1377582811 0.0253958675 0.0241779380
1 0.7381183875 0.2518149857 0.0524302324 0.0441509808
1 0.1257500771 0.5345914907 0.0892951702 0.0546630958
1 0.0419592890 0.3415553491 0.0245486532 0.0891013847
1 0.9232562313 0.2299536278 0.0238473348 0.0819013355
1 0.4522726125 0.1417522170 0.0287570104 0.0387005979
1 0.2755222620 0.2097032874 0.0343681120 0.0252004119
0 0.2959592048 0.5929616251 0.0944244863 0.1001563345
0 0.0982119904 0.6468822820 0.0590740240 0.1288557229
0 0.4559913564 0.5162742412 0.0819456860 0.1074902265
0 0.2587087984 0.1235325691 0.0573237978 0.0592073853
0 0.4214850447 0.0602971965 0.0488772975 0.0646796161
0 0.0930877996 0.1584428648 0.0446746683 0.0689129757
1 0.1825042438 0.4687201944 0.0389438354 0.0320847527
1 0.6594822994 0.3127782550 0.0208891005 0.0486935579
1 0.4551188023 0.1425959310 0.0250607673 0.0461628209
1 0.8004865593 0.0645802222 0.0301926951 0.0159131861
1 0.2647881296 0.2100878506 0.0233983150 0.0448842006
1 0.4411221782 0.3298905634 0.0251227208 0.0284873858
0 0.6965262769 0.3762750848 0.0776866949 0.0729414310
0 0.4819402139 0.5130401881 0.1373729550 0.1495297985
0 0.2863021611 0.5999620580 0.0947399941 0.1410200345
0 0.1034540039 0.6674328142 0.0871607718 0.1665495230
0 0.9191651921 0.1562351831 0.1231619808 0.2018045439
0 0.4227277128 0.0796467282 0.0511595914 0.1094120759
0 0.2512483794 0.1331370684 0.0568439926 0.1240003897
0 0.0882956047 0.1884509736 0.0378959919 0.1373729629
