1 0.5287614816 0.8569509941 0.2707438357 0.1702059919
1 0.5319518700 0.8644327532 0.1895608099 0.1200814052
0 0.4613255973 0.6901199832 0.1711444277 0.2253098070
0 0.8846349235 0.6183766148 0.0637239912 0.1624602379
1 0.5373870644 0.8613689043 0.1662430854 0.1261477108
1 0.5384395441 0.8661813122 0.1331315817 0.1017837971
0 0.4439316909 0.6889353077 0.1511876099 0.1495298865
1 0.8358996185 0.8135435539 0.1810519200 0.1920791091
1 0.8245206719 0.7905373155 0.3509586561 0.2707296896
1 0.5349515836 0.8626906189 0.1856123285 0.1048917715
0 0.4667117614 0.6484624628 0.1910715499 0.0888913249
