1 0.6481538827 0.1380212415 0.0894330641 0.1522118230
1 0.4264862287 0.6361854553 0.0408749574 0.0844475039
1 0.6466150649 0.1917249956 0.1081483744 0.2933439009
1 0.7466735463 0.3306189014 0.0425780948 0.0444460469
1 0.4354995331 0.6444763922 0.0343512499 0.0377455681
1 0.6384433327 0.1626304011 0.0533348055 0.0743116071
0 0.7568648330 0.7240960152 0.2413628841 0.1733937417
1 0.6584813103 0.1542113673 0.1129237530 0.1711425966
1 0.4410503562 0.6205062374 0.0638265150 0.0604032455
1 0.8941483657 0.1317889306 0.0694376376 0.1208065156
1 0.6469083770 0.7349063504 0.0448889809 0.1683969805
0 0.7503634195 0.6497926527 0.2069100850 0.2580867152
0 0.2643000411 0.7051623437 0.3780492493 0.1839554325
0 0.5785228036 0.0938081103 0.0946876705 0.1510081553
0 0.7475578016 0.1322465481 0.0946877082 0.2059202102
0 0.7649204174 0.6933710652 0.2176103250 0.2258690126
0 0.5980353998 0.1528361628 0.0923897987 0.1840339476
0 0.7482675144 0.1261081865 0.0734265001 0.1652047834
0 0.2640227611 0.6778962412 0.2593676705 0.2982537546
0 0.7644011282 0.7343017824 0.1208013245 0.2348941434
1 0.6767609058 0.1802915512 0.0686910320 0.0819038637
1 0.6342148374 0.1561257701 0.0867314097 0.1887447111
1 0.7467159465 0.3339433609 0.0267831923 0.0344020474
1 0.4477465692 0.6504672389 0.0451825004 0.0487897811
1 0.8571847508 0.6193447236 0.0440952975 0.0903984316
0 0.7552868403 0.7842067595 0.2544605835 0.1597110871
0 0.2943765006 0.7535672588 0.2665219301 0.1854873165
0 0.2894920849 0.0492106177 0.0598723950 0.0941140419
0 0.5746074813 0.0425166411 0.0737423891 0.0758231863
0 0.7322813961 0.0377966645 0.0766864112 0.0739161379
