0 0.3344242512 0.7152494000 0.0690082485 0.1627778494
0 0.5981991250 0.7624315241 0.0935243625 0.1816507155
0 0.8533479599 0.7765859788 0.0880762881 0.1085185389
0 0.7393936497 0.2363522540 0.0998802915 0.1934461491
0 0.9046501400 0.2263260657 0.0799042080 0.2182166499
0 0.4674466800 0.2192487973 0.0590201751 0.1356482249
0 0.8960731060 0.1171446898 0.0536326938 0.1159970427
0 0.7310779017 0.1332055676 0.0666894178 0.1211380292
0 0.8597656503 0.7531389216 0.0823524345 0.1191375896
0 0.3324291310 0.7166682623 0.0664434458 0.1677652585
0 0.6024141820 0.7513154348 0.1029406378 0.1422357457
0 0.4704630734 0.2097255389 0.0542777467 0.1750593596
0 0.7367048821 0.2395099260 0.0832883279 0.2127457178
0 0.9088963619 0.2255295015 0.0683151064 0.2139614372
0 0.2290206412 0.2237059788 0.0374329592 0.1811378028
