1 0.1227029428 0.6202653911 0.0104841392 0.1166847851
1 0.9213792358 0.3059456789 0.0506760352 0.0684138830
0 0.4913779622 0.1242873659 0.1057107364 0.0970047711
0 0.3167437858 0.1176734013 0.0710376468 0.0948001163
0 0.1450694932 0.0961780240 0.0727290009 0.1179489770
1 0.1932736140 0.5817530450 0.0524325439 0.1256652783
0 0.3040584978 0.7564718694 0.0964082228 0.0804699027
0 0.5171713814 0.7856835218 0.1031737147 0.0903908004
0 0.8085102282 0.7239532101 0.1090935202 0.0286605133
1 0.7120812573 0.2795325180 0.4594359218 0.1755698191
1 0.7535965769 0.5555138638 0.4594359218 0.1046202677
0 0.1492172903 0.1266701878 0.1227526307 0.1084474590
0 0.3210709894 0.1702269461 0.0845629240 0.1777827130
0 0.4901968280 0.1737826011 0.1145691107 0.1635600930
0 0.7527511172 0.1480041085 0.1186608849 0.0942248328
0 0.1273946048 0.7124642410 0.0872907704 0.1315592349
0 0.3081137642 0.7569099038 0.0995660268 0.1351148407
0 0.5188391151 0.7684657949 0.0982021273 0.0835579171
0 0.8073077789 0.7346870724 0.1186608849 0.0835578678
