0 0.9092409869 0.5938536613 0.1580006559 0.1745014806
0 0.5275405478 0.7541638036 0.4586854462 0.2848789830
0 0.5172231718 0.7796582376 0.4567297167 0.1885276056
0 0.3794293896 0.7143737793 0.0882223739 0.2585770146
0 0.1739972314 0.6771211440 0.1025060254 0.2629596833
0 0.2223094971 0.1172361832 0.0730985643 0.2125590609
0 0.3974939841 0.1725672810 0.0857017767 0.3297952475
0 0.6432563626 0.1533931409 0.0831811040 0.2892556375
0 0.5344996974 0.7978091332 0.4099811089 0.1256652832
0 0.2255345653 0.0626948449 0.0794602620 0.1253896898
