0 0.6413315425 0.7364245189 0.4061812608 0.4373049245
0 0.6975657853 0.1866397221 0.3454967501 0.3721296826
0 0.2685465039 0.6579405799 0.0874603444 0.2058748095
1 0.5951379445 0.6958009651 0.1356766242 0.1790127224
1 0.7347886303 0.6456550077 0.1366996313 0.3634241556
0 0.6533346043 0.2139121059 0.2731811272 0.3497678458
1 0.3654169616 0.2863940912 0.0668440617 0.1785750178
0 0.2408352616 0.5388134774 0.1023785032 0.3576046945
0 0.4560407573 0.6735157386 0.0708746775 0.0992739268
0 0.2434168113 0.6116494175 0.0797340043 0.0848863798
0 0.7627951196 0.7691927377 0.1173861080 0.1611401661
0 0.3984550936 0.1023312253 0.0575856480 0.1079063875
0 0.6841685685 0.1490906622 0.2990024573 0.2359553035
1 0.5955752373 0.4663354549 0.1107416718 0.0589888444
1 0.8558180749 0.5145336391 0.1284602940 0.0546725476
1 0.3037709979 0.4246116546 0.0786265511 0.0330912681
1 0.3901494855 0.4296472797 0.0653375530 0.0431625182
0 0.7742694774 0.8120463625 0.1844557261 0.2019301163
0 0.4526531332 0.8146547984 0.1346628620 0.2638200507
1 0.1033624986 0.6051843687 0.0552076746 0.2037601088
1 0.2935993130 0.6580617514 0.0616682270 0.1134518951
0 0.2514117564 0.7124872169 0.1490117053 0.1619613627
0 0.4047800150 0.0546009222 0.1167405063 0.1048282260
0 0.8079053829 0.0543722670 0.1700452031 0.1039625362
