0 0.5020028936 0.7330198840 0.1162449581 0.1277823570
0 0.2939467090 0.7286293574 0.0716646622 0.1242900042
0 0.8732342409 0.6473265246 0.2092995234 0.1719085570
0 0.0902163142 0.7021807212 0.0560386326 0.1623045561
0 0.7904967946 0.1633658172 0.3516496029 0.1897166010
0 0.3790070653 0.1443811137 0.0548742979 0.1639202883
0 0.2051273097 0.1396317976 0.0334843790 0.1371605464
0 0.2019443926 0.1142253901 0.0491761264 0.1191144099
0 0.3706458485 0.1782271692 0.0532741290 0.1297813713
0 0.0878830844 0.7160198679 0.0669341812 0.1528931075
0 0.2886856379 0.7471318816 0.0751302062 0.1084474792
0 0.4970012140 0.7471318611 0.0983522843 0.1511152840
0 0.7881060406 0.4097065470 0.3642920856 0.4194130365
0 0.3715052955 0.1902744914 0.0504404441 0.1312945072
0 0.2052386184 0.1501567040 0.0392314670 0.1288631383
0 0.0810056665 0.7014721014 0.0765947541 0.1470985464
0 0.2883719648 0.7245702525 0.0859355907 0.1349416248
0 0.4901337490 0.7434134811 0.1139580333 0.1191376266
