0 0.0544566220 0.7248879057 0.0811851527 0.3079834959
0 0.2257676130 0.7350654328 0.1208623282 0.1992339479
0 0.5353841723 0.7903640881 0.1551336813 0.2593073011
0 0.2607418112 0.0963182729 0.1085958798 0.1847986985
0 0.0950372910 0.0845022684 0.0980189379 0.1669231479
0 0.9497583956 0.1215408528 0.0634489424 0.2255363845
1 0.6950291117 0.5091980419 0.0609048827 0.0588679942
1 0.4282654411 0.2421898077 0.0941996733 0.1177359518
0 0.6678248922 0.6605729014 0.4206501576 0.3847442408
0 0.5251102659 0.7228190429 0.0901351157 0.0576176746
0 0.2180160447 0.6818399757 0.0403237114 0.0564859669
0 0.0562689601 0.6742802625 0.0490318844 0.0579577763
0 0.5215338391 0.6868838518 0.0685560647 0.1470985260
0 0.2289966249 0.6686485150 0.0901559625 0.1568240130
0 0.0505629985 0.6358248991 0.0807646952 0.1787064561
0 0.8633750981 0.5762560723 0.1774944489 0.2370595239
0 0.5135512722 0.1264507753 0.0582256576 0.1033336703
0 0.2590486030 0.1130782003 0.0488344280 0.0936081712
0 0.0965800914 0.1155095538 0.0582256952 0.1057650177
1 0.3759695822 0.7203153106 0.1267817976 0.1167062819
