0 0.3865799290 0.7688546829 0.0858577691 0.2029490636
0 0.7931034730 0.1498599386 0.1287866725 0.2266264905
1 0.8483906736 0.2868505894 0.1014683034 0.1116220316
1 0.8516205514 0.2834754201 0.1509403191 0.1551484824
1 0.8376325097 0.2739223931 0.0677194123 0.0979911332
1 0.5564010922 0.3632718713 0.1825807779 0.1860465482
0 0.7720129938 0.1064121556 0.1279802983 0.2128243113
0 0.5888082863 0.1148168636 0.1209677139 0.1914564088
0 0.4375986345 0.1575526669 0.0973001235 0.2541355891
1 0.8491333688 0.2795633207 0.0697412019 0.1333370439
0 0.7732385314 0.1240034433 0.0820484728 0.1244479031
0 0.5968343149 0.1977832699 0.0765785746 0.0835578655
0 0.4477795516 0.2200061065 0.0492290837 0.0888913462
0 0.2064202752 0.2448956957 0.0396567618 0.0675574477
0 0.1018084512 0.7844662532 0.0765785793 0.0551126347
0 0.4012854170 0.8200227671 0.0847834219 0.0835578163
0 0.6686267286 0.7657990705 0.0423917109 0.0391121923
0 0.8436634706 0.7240201132 0.0396567618 0.0942248761
0 0.7748103000 0.1272351916 0.1081721995 0.1308760087
0 0.6078723870 0.1849954410 0.1338777448 0.1100246463
0 0.4534549524 0.2309702154 0.1148145317 0.1441261985
0 0.1956916375 0.2197265686 0.0898680923 0.1204011385
0 0.8423793906 0.6846773573 0.1209166121 0.1394251166
0 0.6685696781 0.7312559709 0.1044635962 0.1659293017
0 0.3846713340 0.7631796164 0.1241967607 0.1653593129
0 0.0864130673 0.7352197452 0.1671007078 0.1941344675
