1 0.2871343776 0.2459019091 0.0542620054 0.0883019569
1 0.2911216318 0.2475579793 0.0645214819 0.0625160985
1 0.9408803188 0.2334033736 0.0372589017 0.0979026026
0 0.4987717858 0.3908732267 0.1708456708 0.3231965750
0 0.9186158047 0.3106639017 0.0945103832 0.3444284426
0 0.5438729634 0.5681278715 0.6968254713 0.1716423700
1 0.2974155588 0.2428262595 0.0847474407 0.1198887767
1 0.4854786823 0.3293439315 0.0399931757 0.1446081174
1 0.7525759424 0.3886703389 0.0333276569 0.0457307752
1 0.6959189698 0.4269853016 0.0399931757 0.0432588104
1 0.8777926898 0.3398496487 0.0399931757 0.0519106052
1 0.9411152127 0.2360284383 0.0428498356 0.0667421891
0 0.5235374159 0.4351063568 0.1174258338 0.1652155319
0 0.7494252786 0.4764102398 0.1371462486 0.1035506076
0 0.9130146772 0.3775136039 0.0806742119 0.0802807699
