1 0.2927076941 0.6372964446 0.0273734157 0.0444459877
0 0.3602858749 0.1650578224 0.4516616613 0.3266780157
1 0.5886829840 0.8700822681 0.2720236198 0.2122296157
0 0.3440328934 0.8156359578 0.2070115991 0.3655682240
0 0.7272609966 0.8073023474 0.3113728942 0.3422341543
0 0.4156602618 0.0755247797 0.2850856355 0.1163866503
0 0.7271916505 0.8170448322 0.2518914462 0.0933642145
0 0.7290156816 0.7453025308 0.1694323064 0.1481614401
0 0.4809579021 0.7906140274 0.0298998054 0.0834307306
0 0.3242607022 0.8035601939 0.0974512597 0.1380922132
0 0.1620264976 0.8107524813 0.0520478336 0.0805537664
0 0.1747616089 0.1555335746 0.0376516300 0.1308999258
0 0.4045472441 0.0821720757 0.1605730838 0.1107614872
1 0.5933590456 0.5273756939 0.2037616663 0.0489076527
0 0.7554423141 0.7184917933 0.1020131454 0.2005888688
1 0.6679356199 0.8169626732 0.0842310146 0.1106278191
0 0.4816914409 0.7318643698 0.0318205575 0.2249026487
0 0.3286717796 0.7573938608 0.0982695549 0.2516478017
0 0.1653571496 0.7798841601 0.0449232002 0.1774907262
1 0.8995709668 0.7160603956 0.1394491267 0.1203533114
0 0.1733123126 0.1987843294 0.0533463263 0.2018045430
0 0.3511333797 0.1288821415 0.0365001215 0.0984708738
0 0.4545503526 0.1069997162 0.0542822144 0.0425491579
