0 0.0720311343 0.3278380462 0.0576083180 0.1371036994
1 0.2320542306 0.3105510678 0.0118874454 0.0214597101
1 0.2677165103 0.3165121148 0.0173739326 0.0309974000
0 0.2540002358 0.3671808358 0.0795543468 0.1275660832
1 0.4579153544 0.3385678890 0.0155451035 0.0202675081
1 0.4249963371 0.3397601648 0.0137162745 0.0274207202
0 0.4473995402 0.3773145899 0.0768110466 0.1406803300
0 0.7258396974 0.3469133277 0.0429775771 0.0584180710
0 0.7307108159 0.3458828246 0.0391620122 0.0802355327
0 0.4528467582 0.3708044601 0.0876483705 0.1325102260
0 0.2533067908 0.3592554134 0.0951078813 0.1653338116
0 0.0682194878 0.3319023802 0.0568782066 0.2103143856
