0 0.7316669049 0.5853549544 0.0621908207 0.2181703139
1 0.7034531773 0.6067308417 0.0352419863 0.0943639506
1 0.7141770089 0.6231199397 0.0272537836 0.0533628695
1 0.5174954103 0.7363677633 0.0263453569 0.0379469075
0 0.1568368355 0.7227305719 0.0517822209 0.1363717173
0 0.2967396538 0.7221376730 0.0554160316 0.1778761166
0 0.5338476955 0.7221376730 0.0645006388 0.1446725972
0 0.7346173277 0.6248987102 0.0772191416 0.1778761166
0 0.9405712090 0.4648325093 0.0690473047 0.1261601610
1 0.2252262229 0.5510826296 0.1671020583 0.4837209674
