1 0.6965781182 0.3480008315 0.0654818408 0.0746362757
0 0.1261050295 0.2239748765 0.0722583630 0.2687698518
0 0.3088514505 0.2501963246 0.0966245631 0.2753252229
0 0.4768941317 0.2715012573 0.0949440891 0.2917136247
0 0.7491232557 0.2518351545 0.0983049737 0.3201201673
0 0.0756922218 0.7156270345 0.0873821956 0.2097715847
0 0.2500365073 0.7123493644 0.1319135037 0.1944757635
0 0.4281617475 0.7199972544 0.1050266797 0.2447334675
0 0.7323190224 0.7358393916 0.1487178002 0.2720475425
1 0.7965495002 0.3798418039 0.1398608436 0.0884457161
0 0.1582015051 0.1512708568 0.0583175430 0.0666825111
0 0.1465351217 0.2044447157 0.0366737528 0.0548414648
0 0.3179849934 0.2241161205 0.0495096263 0.0703401611
0 0.4926437781 0.2324615581 0.0724306507 0.0798777982
0 0.7374411395 0.2372303664 0.0595949036 0.0917998548
0 0.0708954810 0.7409374096 0.0467590419 0.0667635831
0 0.2428037623 0.7415335402 0.0623454366 0.0870310363
0 0.4555115821 0.7451101592 0.0715138274 0.0822623205
0 0.7268974190 0.7528594868 0.0641791464 0.1096829296
0 0.1525235406 0.1103168638 0.1012480552 0.2080083243
0 0.4944959154 0.1196707459 0.1054506386 0.2002877104
0 0.3273442020 0.1241860573 0.1210997871 0.2212382140
0 0.7431879266 0.1257936176 0.1020222708 0.2305821968
1 0.1098573903 0.7652877242 0.0503377811 0.0829727943
0 0.0815665701 0.8025818899 0.0888777643 0.1212775542
0 0.2544732037 0.8365543866 0.1435266828 0.1863619101
1 0.4160962888 0.7649029356 0.0309478902 0.1118788799
0 0.4508465175 0.8156965570 0.1120375046 0.1279118496
0 0.7453706525 0.8506585426 0.1178807911 0.1947048200
