1 0.3849059681 0.6779179242 0.0556017424 0.0830458732
1 0.3236634812 0.6558424005 0.0427085475 0.0641240380
1 0.2225328097 0.2332544835 0.0676890654 0.0788410415
1 0.5456674298 0.2789822950 0.1853390531 0.0883019714
1 0.8833069415 0.2395617742 0.0435144005 0.0746361974
0 0.7809675376 0.7877697675 0.2675329250 0.3405932302
0 0.2942747134 0.1372903537 0.0664296815 0.1386109323
0 0.6906335789 0.1878015460 0.0522192610 0.1766557709
0 0.1040003230 0.1010557708 0.0597281205 0.1507743071
0 0.0922660898 0.6801188381 0.0827198135 0.1349381800
0 0.2776721494 0.6860818940 0.0577355919 0.1785449889
0 0.4538387712 0.6987367054 0.0711788969 0.1578331179
1 0.3626892373 0.6374139247 0.0940273037 0.1773104321
0 0.4630985414 0.1911534878 0.0543067389 0.1547741497
1 0.5581982497 0.3611110262 0.2766006706 0.1186035353
1 0.8866826958 0.3073409763 0.0490374964 0.0858174017
1 0.7687622826 0.3097549340 0.1430781220 0.1493638490
0 0.4613938842 0.7195439254 0.0490102101 0.0771628828
0 0.3046457391 0.0967291861 0.0633752782 0.0617303063
0 0.2776056248 0.7167880993 0.0735152962 0.1091303664
