0 0.2590451420 0.8580219582 0.1162059853 0.0958661045
1 0.1717102208 0.2527498576 0.0671252031 0.1428592523
1 0.5789211697 0.3566280688 0.2207853253 0.1650718802
1 0.5565903775 0.7026342749 0.2282286494 0.1873611306
1 0.1305571504 0.3139406618 0.1500420425 0.1967689442
1 0.1939066411 0.6493513639 0.0518813022 0.0551126513
1 0.0416587613 0.5782382806 0.0833175225 0.0871135152
1 0.3174661010 0.8066890506 0.0423242377 0.0853357739
1 0.1031143405 0.7844662159 0.0914749461 0.0942248092
1 0.4833497671 0.3906775124 0.0300365517 0.0497791809
1 0.7291033604 0.1968943569 0.0491506808 0.0817800550
1 0.5420575598 0.2253395892 0.0464201225 0.1315592051
0 0.5590807065 0.8505246559 0.0858947281 0.2124302737
0 0.2588123489 0.8310641344 0.1010083418 0.1675660658
0 0.8725537362 0.8667013956 0.1943264747 0.2322473128
0 0.2113712833 0.1221605214 0.1196586668 0.2161882254
0 0.3566099813 0.1179694831 0.1213189965 0.2222107140
0 0.5050449894 0.1536419318 0.1215924088 0.2546141228
0 0.7557063928 0.1716563326 0.1234205931 0.2183710820
0 0.9455075602 0.1221252791 0.0760284187 0.1213768899
1 0.4834167796 0.3876841405 0.0360273652 0.0546699206
0 0.1999679211 0.1690793865 0.0571579886 0.0844533723
0 0.3509522115 0.1923876027 0.0553540607 0.0824866211
0 0.5056604035 0.2087104459 0.0392085428 0.1035043914
0 0.7568511095 0.2063460267 0.0644116779 0.0916483842
0 0.2602224266 0.8357696739 0.0911440669 0.0872832307
1 0.1737491972 0.3019248274 0.0232050460 0.0309748695
1 0.4840533431 0.3932187066 0.0272532539 0.0428801956
