1 0.2361010278 0.7316940785 0.1184319789 0.1671429889
1 0.5613833796 0.1661410515 0.6765224532 0.3164153470
1 0.1123722567 0.1929470099 0.2247445135 0.2943398599
1 0.2662184309 0.7081720984 0.0446003074 0.0990821820
1 0.5638569180 0.5996535484 0.0664451901 0.0990821820
0 0.0884190762 0.6039817094 0.0796540846 0.2986419849
0 0.2918106022 0.6650497082 0.0522920023 0.3325248663
0 0.5173958127 0.5641890758 0.1155288243 0.3608918974
0 0.8077380114 0.4779059464 0.1149208144 0.3033698112
1 0.2624625027 0.7108317041 0.0667880219 0.0982473659
