0 0.3687674323 0.2426812650 0.3609899043 0.1103999584
0 0.7967972212 0.7122218477 0.4064055575 0.2480591880
0 0.3529659848 0.2264591082 0.2807801841 0.1607585186
0 0.7266134574 0.7956871181 0.1829335467 0.1511645524
0 0.7815904637 0.6346091638 0.2854171342 0.3805109813
0 0.3388641231 0.8127077723 0.1252821138 0.2139614515
0 0.3708911288 0.3215690108 0.2552741546 0.2309810661
0 0.7236592863 0.1933137260 0.0659379347 0.1884319685
0 0.8861492149 0.1337449068 0.0932551477 0.1568239833
0 0.0882998209 0.4935891477 0.1554251951 0.1568239833
0 0.0298976331 0.7841390789 0.0499244704 0.2516478269
