1 0.9491787843 0.6633651621 0.0479083145 0.0536119032
0 0.7896786464 0.8027590011 0.0796902463 0.2466500384
0 0.5405321466 0.2756630662 0.0961778954 0.2122613452
0 0.2991714399 0.8193604413 0.0952618956 0.2015889690
0 0.6000708550 0.8187675400 0.0632026287 0.2098897502
0 0.8716588448 0.2394956335 0.1044217042 0.2110755528
0 0.7141103203 0.2875212553 0.0970938951 0.2359777233
0 0.6773698805 0.3810746034 0.5143857470 0.4850040352
0 0.3080040427 0.8171183268 0.0504934274 0.1413602759
0 0.6005806465 0.8122550439 0.0331586556 0.0980620094
0 0.7856030538 0.8096790505 0.0365041254 0.1638939500
0 0.5332639240 0.2484309031 0.0684397159 0.1458700278
0 0.1681292812 0.2748390865 0.2724340279 0.1503462247
0 0.7022836093 0.2519827252 0.0674750266 0.1528816503
0 0.8576959348 0.2399194548 0.0793202561 0.1381926451
0 0.5325992927 0.2467528441 0.0874463722 0.2002309061
0 0.7071496985 0.2542625279 0.1154433055 0.1843043692
