0 0.6633357815 0.7472980332 0.1466760197 0.3080056341
0 0.4078721897 0.7971315532 0.0349799507 0.1449330545
0 0.6789669259 0.7971315121 0.0277782119 0.1341971966
0 0.9145671665 0.7716341064 0.0462969778 0.1717724938
0 0.8065403912 0.1215185300 0.0897013872 0.0332234906
0 0.6696239781 0.8134864268 0.0978782075 0.1905510180
0 0.4093099505 0.7888260453 0.1206151109 0.1177156493
0 0.7981938572 0.0908051333 0.1482062785 0.1374350859
0 0.6009493125 0.1524576515 0.1247548511 0.0877117735
0 0.9017826173 0.7876575406 0.1146480342 0.1599669383
0 0.1130687603 0.1071736243 0.1977702620 0.2143472485
