0 0.5088197375 0.1667723649 0.0803597555 0.1826541896
1 0.7478613772 0.6991064552 0.0386699738 0.0872507005
1 0.2395130333 0.3143621986 0.0273911868 0.0304851917
0 0.3970123968 0.1461679887 0.3037199716 0.2365230956
0 0.3796758863 0.1186421845 0.3528826567 0.1528931357
1 0.2352004698 0.2940793147 0.1117970790 0.2080723389
1 0.5033568234 0.3110565247 0.1047403887 0.2186010471
1 0.7534607154 0.2749398335 0.0527137257 0.2048984902
1 0.1245367828 0.6330753701 0.1158014605 0.2054076984
1 0.7142269770 0.6082428102 0.0937006431 0.1730000020
0 0.0723270969 0.1500379324 0.0388294474 0.0970640016
0 0.2405553290 0.1761535141 0.0616992559 0.1294899552
0 0.5050455362 0.1653147937 0.0534544891 0.1191296070
0 0.1389158582 0.7662231117 0.0630958089 0.0941758496
0 0.4129081203 0.7143616298 0.0560422349 0.1364558799
0 0.7174518304 0.7073961877 0.0545891009 0.1009666884
0 0.5835783291 0.7569886897 0.1258069295 0.0804064662
