1 0.9293927549 0.1511684433 0.0504499344 0.0588909370
1 0.5484525897 0.2811729462 0.0530152442 0.0811139154
1 0.4509729339 0.3122851447 0.1248423390 0.0900031150
1 0.2017157746 0.6817424050 0.1496398309 0.1733393509
1 0.9348075310 0.0964471219 0.0793513294 0.1084474535
1 0.0639953692 0.2991194282 0.0533569115 0.1084474587
1 0.3581424439 0.3613433735 0.0779832063 0.1013361647
0 0.5952345988 0.3345844582 0.1516762511 0.1355044543
0 0.7999974966 0.3031720538 0.0758380939 0.1786195901
0 0.3174775102 0.3179543702 0.0625664401 0.1219540335
