0 0.7654745728 0.7942233207 0.0979347722 0.1826542008
1 0.5179954982 0.6274596678 0.0917147378 0.0725337875
1 0.6291895036 0.7635918430 0.1387895924 0.1324529073
1 0.4510356262 0.2327288790 0.0308421211 0.0504582825
0 0.2710251761 0.1017528110 0.0686324088 0.1333370694
0 0.2547205410 0.2047571542 0.0535078970 0.2661842949
0 0.4225408194 0.2311393375 0.0985032035 0.2921727243
0 0.6195472737 0.2587027901 0.0790457950 0.2764221559
0 0.8545564400 0.2905976527 0.0528998481 0.2551589006
0 0.0975410363 0.6930242127 0.0723572960 0.2346831989
0 0.2805624319 0.7103498630 0.0735733860 0.2378333320
0 0.4778728791 0.7198001805 0.0960710392 0.2157825638
0 0.7551411789 0.7894963235 0.1155284162 0.1992444877
0 0.7695990353 0.8159513869 0.0826331481 0.0327929557
0 0.4237515235 0.1843498312 0.0519520841 0.0676554587
0 0.6167037294 0.2084941634 0.0578480171 0.0443896558
