0 0.4217099731 0.1913701838 0.3780341602 0.3773857494
0 0.1011798326 0.1942276223 0.0761762697 0.0871135360
0 0.2589735260 0.2404511225 0.0598527793 0.0800022131
0 0.5507558438 0.2253395906 0.0394484399 0.0853357022
0 0.7908471182 0.2688963587 0.0462499366 0.1333370424
0 0.1780362406 0.7897997288 0.0775365464 0.0835578684
0 0.4555354926 0.7897997288 0.0856983010 0.0728909149
0 0.7228326031 0.7684657970 0.0489704901 0.0160004796
1 0.0651321317 0.5684602457 0.0503307479 0.0888913452
0 0.4517727016 0.7971434216 0.0470644806 0.0510807561
0 0.2685300735 0.2050264571 0.0656740545 0.0386018275
