0 0.2175883683 0.2394846510 0.1279197101 0.1444073066
0 0.1955577445 0.4560956299 0.0980717745 0.1587377975
0 0.2360656580 0.8176650954 0.0909651307 0.1058251983
0 0.8529229351 0.5564091039 0.0824371753 0.0970064318
0 0.8642935749 0.3199559098 0.1023358071 0.0959041096
0 0.8777962005 0.1226359803 0.1321837062 0.0936993991
0 0.1857256474 0.5067827446 0.1962182512 0.6787327141
1 0.9023148181 0.2665503089 0.1349983490 0.1009584676
0 0.1289116290 0.2365633639 0.2578232580 0.1251270084
0 0.9311409759 0.1319442342 0.1377180482 0.1047174084
0 0.9025291486 0.3252684090 0.1949417029 0.1131527659
0 0.9003765006 0.5693005386 0.1761830282 0.1115435454
0 0.2333490690 0.7911052290 0.1163113820 0.1446962303
0 0.1639599087 0.4574850594 0.1634771528 0.1785539791
0 0.2041017089 0.0305617859 0.1264246903 0.0342348445
