0 0.8105425380 0.1734411460 0.0583276393 0.2127173075
0 0.6558473199 0.1737698201 0.1149297057 0.2141418406
0 0.3921209786 0.1674067718 0.0866969255 0.2214642750
0 0.1558003643 0.1404355649 0.0766697326 0.1935144496
0 0.4245966520 0.7760674466 0.1298028147 0.2528220146
0 0.7264744296 0.7706278934 0.1223749818 0.2210432893
0 0.9102698045 0.7444224819 0.1319849165 0.2295250431
0 0.6616019095 0.1889015680 0.1111219731 0.1234035389
0 0.8203776189 0.2031607423 0.0837125659 0.1055663427
0 0.4047208604 0.1796985185 0.1088193521 0.1223982842
0 0.1523061372 0.1694343885 0.0832336632 0.1240616357
0 0.1331770014 0.6393311818 0.1216717795 0.1114192265
0 0.4339476463 0.7338114092 0.0899992504 0.1729063629
0 0.7317624231 0.7383384499 0.0701579494 0.1500448822
0 0.9116489838 0.7241214219 0.0609325235 0.1553003455
