0 0.9494769960 0.6501354073 0.0586015401 0.0671162216
0 0.4645959601 0.2079889826 0.0537621783 0.1892146216
0 0.8612507155 0.1369204911 0.0666244488 0.1546878861
0 0.5175678201 0.6553761167 0.0545735601 0.1683198625
0 0.7984757547 0.6552421058 0.0515691859 0.1724697597
0 0.9558304381 0.6046048583 0.0574860413 0.1482686048
1 0.6748359992 0.5464585596 0.1360748178 0.0646690424
1 0.9782951572 0.4355899623 0.0434096855 0.0723685262
1 0.7415939010 0.6857895354 0.0978192373 0.1617896435
1 0.4064836467 0.5104366417 0.1506329126 0.0493817834
1 0.3836599395 0.3307664481 0.2088084168 0.1447190676
0 0.1689862744 0.3370123380 0.2183165379 0.2293243532
1 0.9537835671 0.2273247302 0.0890312337 0.0917286730
1 0.3434566039 0.4303627477 0.3052898724 0.4379333891
1 0.8736970091 0.2277020614 0.2517303126 0.2026606493
1 0.6996281847 0.6662178502 0.1892440021 0.3272853595
