0 0.2117781614 0.1121258430 0.1078113923 0.1796564242
0 0.3925954509 0.1323669521 0.1049403888 0.2016887343
0 0.6383157945 0.1367126640 0.1374336882 0.2460848911
0 0.8715534388 0.1189155746 0.0862471572 0.1878486911
0 0.0738105715 0.6967066162 0.1135167001 0.2553258627
0 0.2688871461 0.6980757504 0.1040334139 0.2572267601
0 0.5832532155 0.7351974518 0.1453198469 0.1861436861
0 0.8485639823 0.7672185403 0.0877255713 0.1908250373
1 0.5719701694 0.5767455355 0.1364570626 0.1975237177
1 0.6341575141 0.2884769761 0.0924507149 0.1585378718
1 0.3650760907 0.2379228074 0.0975749224 0.1298198636
0 0.0786291416 0.5543341093 0.0883840938 0.2979972978
0 0.7097182170 0.6852764148 0.4360868499 0.4110246119
0 0.0922643608 0.6589960676 0.1507361293 0.3416443900
0 0.5807224025 0.6894450995 0.0316542711 0.0974683292
