0 0.4971525682 0.7570159986 0.1275647237 0.0845621221
0 0.5835230021 0.7337928582 0.3591869437 0.3489010627
1 0.7248106398 0.6205292853 0.3140359318 0.2027265283
0 0.1421935043 0.1477934990 0.1985704640 0.1977995507
0 0.0283544422 0.4288387160 0.0367195755 0.2054950840
0 0.2752531164 0.6240478908 0.0345141526 0.2351469008
0 0.4894289377 0.7553590880 0.0499148153 0.2352496736
1 0.4057630226 0.5414913604 0.1420859511 0.1219985729
0 0.6086861342 0.9138919158 0.0541255608 0.1584814414
0 0.1421027783 0.9228811226 0.0485422424 0.1464030603
0 0.8906759067 0.7863347736 0.0365473981 0.3159049073
0 0.6964883810 0.1474580044 0.0933575610 0.2571696652
0 0.8891428472 0.1132450702 0.0834425793 0.1672590936
1 0.9635427753 0.2862773598 0.0618118711 0.1355096107
0 0.4099667954 0.1139372498 0.0790271109 0.2001269472
0 0.7493065046 0.6861141386 0.0466718266 0.1116793595
0 0.2962044825 0.8961371179 0.0563914202 0.1619151231
