0 0.3078588047 0.9068838674 0.0907895268 0.0639906459
0 0.7680987691 0.6904790055 0.0907895268 0.1873182418
0 0.2134698518 0.3271852525 0.1080538491 0.1462710377
0 0.4533692510 0.2893344126 0.0842621717 0.1218925348
0 0.6129717213 0.2502005076 0.0822794912 0.1206094901
0 0.7691045717 0.1892542351 0.0852534647 0.1270248668
0 0.3111148489 0.8962310485 0.0594791856 0.1578187872
0 0.6040498640 0.8288693431 0.0525398826 0.1411387568
0 0.7755482124 0.8186046996 0.0505572967 0.1360064963
0 0.9371333159 0.7602245930 0.0346961679 0.1013632682
