0 0.5416000862 0.8235110504 0.2624564916 0.3132617270
0 0.7271032860 0.1772869380 0.1330869851 0.2196610679
0 0.9055095828 0.1538009900 0.0875647684 0.1831389251
0 0.8118658828 0.8372473925 0.1096195813 0.2222181121
0 0.9761277307 0.8505448775 0.0477445385 0.2211579499
0 0.5593348440 0.8993190778 0.2154560847 0.1761338154
0 0.4650430822 0.1976468635 0.1338225232 0.2893996011
0 0.5942986239 0.4081434462 0.1921281583 0.3099359480
0 0.5792741544 0.8082644068 0.1287316750 0.1804474596
0 0.8064476670 0.7464673180 0.0586865461 0.1606723978
0 0.2517656299 0.2286079278 0.4922093111 0.1161784882
0 0.7349826760 0.2137766315 0.0596330789 0.0741564613
0 0.9124619561 0.1717546302 0.0889762890 0.1112347124
0 0.1627985151 0.7062992186 0.3255970302 0.2508960454
