1 0.5084188816 0.3619330737 0.0938313175 0.1012673405
0 0.4597640596 0.7587072547 0.1031845601 0.1623592392
1 0.4646217732 0.4003369540 0.1259773904 0.0622921499
0 0.1428189072 0.2587716944 0.1220812439 0.1435336188
0 0.3412921684 0.2757900673 0.0559449672 0.1061183772
0 0.5695399086 0.2647610220 0.0515475761 0.0956336278
0 0.8970338419 0.2573142271 0.2059323162 0.2092974454
0 0.9644862691 0.5899806720 0.0710274618 0.1800515399
0 0.7037244014 0.7112840484 0.0706151170 0.1365266644
0 0.4363838694 0.7535249653 0.0854554653 0.1393026045
0 0.2586415734 0.7415485305 0.0477676109 0.1180002495
0 0.1524765541 0.2564183253 0.1251313084 0.1572331002
0 0.3530185196 0.2657931551 0.0730768056 0.1066848644
0 0.4382774080 0.8018693238 0.1078722633 0.0835655663
1 0.5183352883 0.3724567780 0.0634623009 0.0606796524
0 0.1723454825 0.2629938580 0.1668272195 0.1700112691
0 0.4461400682 0.7624613608 0.1392045215 0.1529715190
