1 0.4065561694 0.7173712836 0.1234321062 0.1944745716
1 0.6873036150 0.2748102927 0.2170145197 0.3143129394
1 0.3952732451 0.7105068220 0.0661944407 0.1268431795
1 0.3964848955 0.7040436716 0.0995759082 0.1875483760
1 0.7413796910 0.6940174861 0.0253465914 0.0448229035
1 0.1891859109 0.6067308214 0.0706084022 0.0920048877
1 0.7010967402 0.2086328577 0.1403115916 0.1167754613
1 0.5150707629 0.7577131997 0.0615560527 0.0707729969
1 0.3989220277 0.7015954631 0.0674749172 0.1434655803
0 0.4820681392 0.5778838187 0.0667741327 0.1099992437
