1 0.4551446887 0.1708743508 0.0499540093 0.0483566340
1 0.3109226971 0.1309275513 0.0805709312 0.0946107844
1 0.7339201282 0.1913733410 0.0982965408 0.1314038863
1 0.2635266273 0.3224926980 0.2497226371 0.1127010831
1 0.5986983555 0.2912372048 0.3022595324 0.1485440119
0 0.4010289765 0.0819374972 0.1349741788 0.1090170510
0 0.7341795106 0.7129785156 0.0856978503 0.0461226030
0 0.5038664275 0.7206656161 0.0792705489 0.0726780007
0 0.2703397022 0.7346421786 0.0664158612 0.0363390447
1 0.1278669768 0.5201021839 0.1971051270 0.0545085227
1 0.3721059419 0.5208010254 0.2313842603 0.0866546076
1 0.6452679586 0.5131139249 0.2463814386 0.0880522461
1 0.8916493632 0.4879561435 0.1949626876 0.0852569247
1 0.6291995692 0.3328164839 0.4070649248 0.1020287864
1 0.2285619967 0.3579742765 0.3599311208 0.1020288086
1 0.9120026145 0.2790067915 0.1199770176 0.0894498846
1 0.4732324096 0.6643570446 0.0480636546 0.2792086737
1 0.5384616575 0.6860069247 0.0411974036 0.2627846236
1 0.7730580886 0.6553984597 0.0572185878 0.2881672141
1 0.2809777659 0.6934723677 0.1167260109 0.1851436879
0 0.4434787066 0.1813409798 0.2357408062 0.3045912559
0 0.7240653320 0.8376198952 0.1202676320 0.2666039595
0 0.5079416979 0.8447300692 0.1557676045 0.2780533558
0 0.2988274361 0.8470866033 0.1479626404 0.2727580788
0 0.3928043021 0.0557706798 0.2025821477 0.1115413596
