0 0.5125311626 0.7406020884 0.1582575587 0.2480007169
0 0.1370103928 0.6531706064 0.2366744750 0.2457116768
1 0.8239580114 0.6686241760 0.0603519246 0.1993509682
1 0.5346235127 0.6477618522 0.0804693460 0.2132591512
1 0.3139245560 0.6044918919 0.0911196790 0.2070777530
1 0.2642229219 0.2992840044 0.2189239106 0.2518930997
1 0.8322415912 0.3023747159 0.0934863945 0.2086230902
1 0.6908286039 0.3008293540 0.0781025928 0.1962602444
0 0.5195972457 0.7531805770 0.0959265559 0.2051645299
0 0.7964552230 0.7550585287 0.0456654628 0.1926231107
0 0.9638350101 0.7416351540 0.0664810162 0.2298599255
0 0.6539537503 0.1660873191 0.0932642839 0.1719321558
0 0.8365309896 0.1845166543 0.0727557924 0.1588726151
0 0.6537225297 0.1658197731 0.1141403821 0.2094160300
0 0.8230463695 0.1867613742 0.0641450823 0.1995611614
0 0.5150561622 0.7343227334 0.0764079807 0.2254301722
0 0.7909739038 0.7552642699 0.0698047539 0.1687646701
0 0.9678443183 0.7355545450 0.0330157946 0.1835470007
0 0.5152492075 0.7469004091 0.0660475081 0.1539456396
0 0.6698056894 0.1609477458 0.1103201773 0.1684495743
0 0.8394465688 0.1839942593 0.0529037494 0.1619984624
0 0.1446112596 0.6944865549 0.2892225192 0.1602374824
