0 0.5564161874 0.7713915720 0.0898913656 0.0625759148
0 0.2913018714 0.6952856716 0.1120384757 0.1234607581
1 0.8313228254 0.5260175368 0.0137658432 0.0630728041
1 0.4827231196 0.6122170699 0.0550634046 0.0925067930
1 0.5260450558 0.6905324717 0.0380585301 0.0388949710
0 0.5657230383 0.7635918816 0.1821949303 0.4204855382
0 0.3065349818 0.1356843868 0.2208275161 0.2513634814
0 0.6027849713 0.0747300277 0.0558445472 0.1487078118
0 0.7655744794 0.0396968811 0.0772252288 0.0753178568
0 0.5402890919 0.8607354814 0.0930673093 0.1747343475
0 0.2873985894 0.7486296808 0.0478678870 0.1054356295
0 0.0538111616 0.7414196622 0.1076223232 0.1974695947
