1 0.5983486283 0.7916864820 0.0877867719 0.0997833611
1 0.3273069423 0.6995137469 0.1163174912 0.0845621089
1 0.6011810180 0.7856349578 0.1052588833 0.0922254455
1 0.3495691227 0.7150768793 0.1816796865 0.1288933089
1 0.2190769162 0.6978540864 0.0648856006 0.1366714128
1 0.8369320588 0.5950727374 0.2047500672 0.2933434748
1 0.4195013069 0.2072815017 0.6964387288 0.3311226095
1 0.2717064008 0.3895100394 0.2134015305 0.1022257891
1 0.6112121926 0.7954587800 0.1285756879 0.1132368264
1 0.7994837005 0.5825500867 0.1285755897 0.0766707135
1 0.3303356339 0.6987357284 0.0964317414 0.0920049167
1 0.2775277762 0.3808470961 0.1316369472 0.0743115704
0 0.5094232045 0.6586310144 0.2678660165 0.2477054111
0 0.7818810485 0.5790113909 0.1760262254 0.1851892915
0 0.5080786388 0.7090793901 0.2354358234 0.3201707531
0 0.8027581163 0.6290367018 0.2092762929 0.2881536324
0 0.5226933916 0.7188383931 0.2792915719 0.3413485523
1 0.8755007043 0.7168917765 0.1469387751 0.1398725989
0 0.7748205871 0.6213009782 0.2476741825 0.3343454776
1 0.6001907312 0.7835507946 0.0734975727 0.0861643858
1 0.3241407006 0.6973800896 0.1001907557 0.0676268774
1 0.8194741627 0.5410902256 0.1222253801 0.1305255925
0 0.4504524654 0.4962568384 0.1559550868 0.1307820310
1 0.5940224240 0.1294764804 0.4145207302 0.2260911555
1 0.1902763539 0.2174132478 0.2431380072 0.2984826407
0 0.4686997307 0.5539172954 0.2296451682 0.2231410879
1 0.8204826422 0.5903699654 0.0901746067 0.0684560550
1 0.6450481338 0.6027173434 0.0688135296 0.1183593523
0 0.7125869223 0.4024392380 0.2932106319 0.2559001282
1 0.1614785290 0.5848899884 0.0521200584 0.1070789732
0 0.4967339317 0.6643936148 0.1908849224 0.2066673473
1 0.3673739813 0.7744134949 0.1214721631 0.1568240256
1 0.5156646508 0.8260803790 0.0615248615 0.1021179842
1 0.8643056389 0.7039035104 0.0678351503 0.1373729197
1 0.2451130444 0.8084528734 0.1262048305 0.1033336169
1 0.0983998643 0.7184917831 0.1135843696 0.0960395941
