0 0.6461426498 0.7807538305 0.0598490234 0.0731354992
0 0.8305954724 0.7813954145 0.0402264280 0.0744185686
0 0.3454257619 0.7974339055 0.0706414829 0.0680031723
0 0.6068973647 0.2168404266 0.0323773597 0.0692863033
0 0.7707463736 0.2059342688 0.0461131727 0.0808340144
0 0.6184806046 0.2300123483 0.1227073929 0.1288631482
0 0.7593151561 0.2275809625 0.0697200933 0.1361572685
0 0.3321634331 0.2415613966 0.0539168322 0.0863139656
0 0.3493610498 0.7339158312 0.0678609149 0.1568240164
0 0.6565942134 0.7497197707 0.0669312881 0.1641181120
0 0.6221473699 0.2846648628 0.0499796122 0.1800297504
0 0.6568788242 0.7914800197 0.0720828588 0.1576263477
0 0.8211332890 0.7729357102 0.0909899593 0.1978055741
