1 0.6436182094 0.7488748818 0.0840667205 0.1198384153
1 0.8982434403 0.3362734492 0.0759834498 0.0620216457
1 0.6040098870 0.3814756418 0.0242500010 0.0746361715
1 0.2988637420 0.3725403160 0.0476916875 0.1303505031
1 0.1816553172 0.4571630221 0.0315250359 0.0536118731
0 0.3578721667 0.8135245187 0.4938921326 0.3101080850
0 0.5894224217 0.8687702386 0.0784302702 0.1761752154
0 0.2929322989 0.8355441077 0.0772419261 0.1344494375
1 0.4587053257 0.2753380635 0.0926902736 0.0989053625
0 0.3422929312 0.2659803783 0.0956592452 0.2010524757
0 0.0777362235 0.2339281252 0.0772908345 0.2124859754
0 0.2895757037 0.8026060825 0.0886814851 0.1447825953
0 0.5973192818 0.8610968791 0.0700910862 0.1850575294
0 0.7476609591 0.8119485140 0.0618613815 0.1763121044
0 0.5987727621 0.2675868034 0.0757281661 0.1665183156
0 0.7618006234 0.2522016867 0.0727226175 0.1635905930
0 0.9410451070 0.2612963343 0.0533365424 0.1366203815
0 0.2521168324 0.9138613009 0.1704555628 0.1663856020
0 0.5681851305 0.8447692994 0.1098917056 0.3104614012
0 0.7360508384 0.9264668005 0.0881523302 0.1396316539
0 0.3338448818 0.1369995268 0.1110342812 0.2243376053
0 0.0971020919 0.1038076975 0.1363105676 0.1790657350
0 0.5965470092 0.1324990510 0.1066742809 0.2554970613
0 0.7642372765 0.1245669067 0.1138518768 0.2441932551
0 0.9152024630 0.1210860566 0.0745942783 0.1870887547
