1 0.5118156093 0.2590092180 0.0483194106 0.0840970780
1 0.4461817411 0.2274728014 0.0620099436 0.1282480761
1 0.1783186280 0.6210192556 0.0350331221 0.0679767960
1 0.3085092601 0.1902937388 0.0246178655 0.0494376384
0 0.3866236658 0.6179294124 0.0653320539 0.1137065733
1 0.5996628941 0.6506818238 0.0123089328 0.0655048722
0 0.6233339215 0.6463560434 0.0350331221 0.1211222462
1 0.4926106292 0.7698449796 0.1456173434 0.1514449358
1 0.2694491113 0.6964405904 0.1610077773 0.0973574341
1 0.3931646441 0.1138412432 0.0840555323 0.0695410252
0 0.9294625462 0.5728120819 0.0722166760 0.1560809947
1 0.5174721066 0.2436511852 0.0509068706 0.1900788093
0 0.1631910636 0.7627015984 0.0800903339 0.2818290452
0 0.0211342254 0.7192630306 0.0422684509 0.1995230384
0 0.6305183751 0.7443502053 0.0881400911 0.2054933415
0 0.9392352718 0.7226793231 0.1103313182 0.2718044398
0 0.3769522752 0.7223176972 0.0610113994 0.2237530094
0 0.1275246214 0.0621606398 0.0790042122 0.1243212797
0 0.4928890833 0.0997605316 0.0749053577 0.1419974806
