0 0.7313442299 0.1163575224 0.1176621266 0.2129780853
0 0.5432173632 0.1043873484 0.1228621891 0.2049108190
0 0.2804410708 0.0824609641 0.1078087892 0.1649219283
0 0.2902466879 0.7546480524 0.0915730426 0.2684130368
0 0.5835649045 0.7459189601 0.0995605089 0.2203270010
0 0.7618772328 0.7446139752 0.0830459950 0.1976916832
0 0.9200931274 0.7396790984 0.0639379137 0.2202692019
0 0.0410191393 0.6365355012 0.0777598363 0.1785996405
1 0.8984084838 0.5659636837 0.0624576452 0.0735849675
1 0.3302059006 0.6059097597 0.0194673069 0.0336388095
0 0.4186200182 0.6989421870 0.4120583912 0.3500541943
0 0.2724043907 0.1137192784 0.0702827884 0.1761226603
0 0.5450468849 0.1162151887 0.0864626362 0.1758450886
0 0.7292169445 0.1284036496 0.0854556668 0.1546702596
0 0.0239646132 0.5408097235 0.0372093997 0.1006939574
0 0.2964244509 0.6174039085 0.0786414914 0.1910099721
0 0.5854705858 0.6511068459 0.0508596380 0.2130336275
0 0.7610726181 0.6412750449 0.0444547079 0.1427264937
0 0.9255005072 0.6219898813 0.0293877798 0.1896236548
1 0.4839891763 0.4842233338 0.2716586302 0.1171079904
1 0.1974007415 0.4548400060 0.1994694809 0.1416204056
1 0.1734043755 0.2781408016 0.1889999524 0.1213798984
0 0.7625885405 0.6394719271 0.0534689462 0.1665495392
0 0.5834206769 0.6431189620 0.0534690727 0.2054516274
0 0.2930936334 0.6443347086 0.0863008030 0.1762751022
0 0.0224656628 0.5628834769 0.0440884420 0.1470984542
0 0.9286237625 0.6224521714 0.0290796644 0.1446670839
0 0.7250664907 0.1319213688 0.0759822267 0.1750593505
0 0.5477747075 0.1367841439 0.0909910908 0.1920790371
0 0.2841821292 0.1270586180 0.0609733783 0.1653338490
