1 0.7050060131 0.3067883472 0.0965092412 0.1896053207
0 0.8558777232 0.7385516186 0.0794753840 0.2896148069
0 0.8795626417 0.2111169838 0.0655820493 0.1066696351
0 0.6862321642 0.2164504576 0.0560179911 0.0853357032
0 0.4013600479 0.2040056711 0.0792449951 0.0675574368
0 0.3439757265 0.7035751159 0.0628494639 0.0462235171
0 0.6595894331 0.7817995125 0.0710472201 0.0960026630
0 0.8529199294 0.7773549275 0.1106697742 0.1048918330
1 0.9553918909 0.5951276542 0.0888090157 0.0888913564
0 0.8329827579 0.8001921995 0.0664794168 0.0592398402
