1 0.7877157888 0.6432606982 0.1346649094 0.1997305818
1 0.2236966968 0.5337610766 0.1000069554 0.0718524111
1 0.7271971596 0.6473135994 0.0653510839 0.0757016492
0 0.8182925847 0.5934242666 0.0396066670 0.1064955537
0 0.6336262516 0.5684041946 0.0465378678 0.0872494124
0 0.3474677112 0.5465918538 0.0405968981 0.0769847612
0 0.8165674328 0.5832217790 0.1111437322 0.1629037152
0 0.3401163068 0.5001094364 0.0791104603 0.1041265163
0 0.6271892387 0.5414435825 0.0884255535 0.1194243600
0 0.6308897790 0.5732164046 0.0638858615 0.0813502959
0 0.8043256054 0.5596663791 0.0741272730 0.0469060082
0 0.0624353149 0.4816868282 0.1085508284 0.0934716620
