1 0.7410337839 0.3059524734 0.0274386009 0.0325876378
1 0.8503848248 0.5834729340 0.0540702488 0.0367924465
1 0.8374725531 0.6996320459 0.0524561153 0.0756873961
1 0.7414614849 0.3142025154 0.0434660538 0.0401046901
1 0.8605403166 0.5807807700 0.0606712957 0.0636956175
1 0.3208370232 0.8178702296 0.0298828883 0.0401047889
1 0.3973553581 0.8467692156 0.0325995214 0.0271295344
1 0.8338268209 0.6922481994 0.0488992442 0.0766707238
0 0.2990749478 0.2081373147 0.1213043971 0.1015391427
0 0.4927206857 0.1981607024 0.1647909413 0.1715372944
0 0.3825331220 0.8469357784 0.1656083575 0.0727250676
0 0.5735630391 0.7851248436 0.1394510399 0.1086084063
0 0.4476810870 0.0034890869 0.1840819436 0.0069781739
1 0.8572225061 0.5825400738 0.0717613457 0.0624734329
