1 0.5634078979 0.2985939833 0.0365046982 0.0494070398
0 0.7749640094 0.2465545100 0.2478922694 0.4348483335
0 0.3696476172 0.0927845050 0.3162946149 0.1591011338
0 0.3972132265 0.3284500153 0.2786294764 0.3901799724
0 0.7921649208 0.7549624973 0.0694223830 0.2394909635
0 0.6012532888 0.8041979523 0.0816182538 0.2066672452
0 0.2771255714 0.8358058700 0.0806801221 0.1920790257
0 0.3901715318 0.2522746830 0.4099675801 0.3330990793
0 0.7476032352 0.1927058719 0.1754323155 0.3014911412
1 0.1157653194 0.2583531452 0.0600410178 0.0996866086
1 0.1354662840 0.9239434136 0.1294634480 0.1106277323
1 0.4427074401 0.8473549553 0.1529169634 0.0887453623
