1 0.8540481067 0.7028542764 0.2652128900 0.4400152288
1 0.6310475195 0.6022951924 0.0341109522 0.0922253998
0 0.3758396333 0.1722812299 0.6794637162 0.2360420627
0 0.3924647362 0.9167219311 0.0862883861 0.1242025592
0 0.2076937759 0.9279951392 0.0695797950 0.1074976156
1 0.5714172477 0.3691212349 0.2039628085 0.1214558542
1 0.6507873913 0.6168430030 0.5657430164 0.1358862423
0 0.7233895778 0.7756293064 0.1698071274 0.2176086770
0 0.3931051524 0.8358058637 0.0970326496 0.2941969780
0 0.2107024373 0.8187862276 0.0830375940 0.3039225195
0 0.0348307327 0.7482762118 0.0485163460 0.1847848454
0 0.4756762257 0.2030392446 0.0438512497 0.1568240182
0 0.2932735200 0.1945294204 0.0709084892 0.1981574957
0 0.0950096475 0.1623136503 0.0531813622 0.1823534785
0 0.9467683225 0.7187680499 0.1064633551 0.1649426653
0 0.7379132650 0.8575296333 0.2319455970 0.2654651577
0 0.3988109015 0.8785028573 0.1211984194 0.2109355327
0 0.2188221325 0.8767428709 0.1178998788 0.2032813011
0 0.0376345930 0.8321767802 0.0623976661 0.1830323839
0 0.0948600462 0.0635019659 0.0911887033 0.1216493356
0 0.3002732843 0.0942308755 0.1113021936 0.1736870534
0 0.4792870007 0.1033701009 0.0816689646 0.1777600604
0 0.8250875856 0.0808191215 0.2726893758 0.1439739077
