1 0.2503539513 0.5908314254 0.0298122328 0.0599192040
1 0.4755572156 0.1225156830 0.5350088142 0.2186524707
0 0.0382544614 0.5164361077 0.0656691267 0.2443353340
0 0.2285733132 0.5152461674 0.1155290210 0.3434974450
0 0.4681440296 0.5937825415 0.0924232093 0.4133075825
0 0.7037623906 0.5549110094 0.1076244230 0.3260449474
0 0.8940812897 0.5572908898 0.0978956522 0.3308047083
0 0.2201194646 0.4181134877 0.0789961706 0.1063467927
0 0.2299106619 0.4880892640 0.0816159815 0.2305051552
0 0.4634486097 0.5156612580 0.0512231626 0.1263337457
0 0.7160109016 0.5713969044 0.0637040059 0.1761622782
0 0.8866931024 0.5052979399 0.0626735911 0.2461467387
0 0.0235161843 0.5170180146 0.0470323686 0.2004419063
0 0.8788695462 0.4671240436 0.0456515892 0.1253231085
0 0.7163067886 0.5332833195 0.0448591476 0.0852999181
