1 0.7533215742 0.6607385295 0.2505726896 0.2463915687
1 0.5128354568 0.6136749781 0.1773120180 0.1633381750
1 0.1916564941 0.5596903278 0.1762503217 0.1771804964
1 0.7418323290 0.6686571731 0.1837628190 0.2087802258
1 0.3602754657 0.5642670808 0.1140596927 0.1132368197
1 0.1762303552 0.5522978606 0.1161713514 0.1219408029
1 0.5892840245 0.5864622996 0.0839015438 0.1208896008
1 0.4755329142 0.6059097855 0.0822880077 0.1093262130
1 0.7417589291 0.6679313685 0.1936189716 0.2459840511
1 0.6046122075 0.1906803272 0.5195441825 0.2396767459
0 0.9095289915 0.5470779162 0.1605758943 0.1717171717
0 0.4217106151 0.5918109521 0.0487264628 0.1688311747
0 0.5324525818 0.5853174486 0.0354373902 0.0952381070
0 0.6332278229 0.5903679947 0.0310076889 0.0851370969
0 0.2622421698 0.5369769061 0.0819490497 0.1197691433
0 0.0845013148 0.5117243809 0.0520487270 0.1154401272
1 0.7306807171 0.6755050300 0.1506090268 0.1544011485
