1 0.2253930747 0.5706941293 0.0202019195 0.0304851701
1 0.4896338940 0.5654380350 0.0315149386 0.0599192391
1 0.4334726233 0.6059097695 0.0436360979 0.0378437119
1 0.4807450690 0.6395486354 0.0169695475 0.0252291249
1 0.6807438574 0.6674057829 0.0646460822 0.0494070506
1 0.8298338334 0.2537531711 0.0218180490 0.0210242789
1 0.7183194323 0.2427154136 0.0460603675 0.0767386107
1 0.4706441281 0.2605860519 0.0872721958 0.0346900406
1 0.8678134406 0.2416641960 0.0460603675 0.0620216130
1 0.4563712248 0.5817099684 0.1111770658 0.1950249522
1 0.6651897253 0.6246235020 0.1455883246 0.1743715490
1 0.6940951374 0.6735640485 0.0520862398 0.0614852353
0 0.6541503831 0.4172285944 0.3560483009 0.3185107599
0 0.7306814483 0.7075295483 0.0442968780 0.0561845554
0 0.8895967256 0.6902419663 0.0321152875 0.0619470991
0 0.4577016176 0.7046483010 0.0542637643 0.0475407890
0 0.1941348838 0.6607090773 0.0764122033 0.0374563866
0 0.2340021175 0.1838604351 0.0653379838 0.0518626845
0 0.8458534670 0.1435227950 0.0376523878 0.0432189058
0 0.1798719360 0.6510209861 0.1027960934 0.1337258668
0 0.4485435698 0.6941779974 0.0850403927 0.1227847135
0 0.8849597523 0.6868838543 0.0663501596 0.1276474429
1 0.6228297227 0.6668249669 0.1532596925 0.0996866142
0 0.4396656912 0.1756861987 0.0598086025 0.1240003836
0 0.6980577609 0.1781175940 0.0869093820 0.1774907377
0 0.8513174157 0.1738626629 0.0626121054 0.1495298599
0 0.2265974433 0.2164118514 0.0728917732 0.1568240275
0 0.7265603107 0.6862759333 0.0523324564 0.1580397590
