1 0.6874589841 0.3504648112 0.0250298997 0.0336388676
0 0.2752737763 0.7551821187 0.3601069411 0.4267927836
1 0.5773319686 0.3404545531 0.2096681516 0.0635182651
0 0.3674431084 0.2126031785 0.2741140728 0.2985384286
0 0.4211000647 0.7474786159 0.0494755201 0.1851922800
0 0.3628632727 0.2026378321 0.1515187665 0.2549747449
0 0.7086988402 0.7283758845 0.0871403592 0.1964948253
0 0.4180813624 0.7067380391 0.1203794243 0.1672545114
0 0.8991498711 0.6722344794 0.0979205675 0.2479577234
0 0.2932101636 0.1821670763 0.1383464908 0.2713499961
0 0.4459303233 0.2231034880 0.1078024620 0.3157952366
0 0.4310193022 0.7600236391 0.1263024827 0.1284980902
0 0.7469476432 0.7685895765 0.1178314587 0.1570799468
0 0.4225812077 0.8027861748 0.1337536583 0.2227314460
0 0.7038700324 0.8367089975 0.0915094801 0.2780418576
0 0.8874387505 0.7787922986 0.0965175156 0.1759946062
0 0.6717584468 0.1054024186 0.1065428553 0.1487184613
0 0.8521320879 0.0731274900 0.1008214399 0.1462549801
0 0.3463183316 0.0785472831 0.2057073294 0.1509898050
0 0.0565736274 0.1366622119 0.1131472548 0.1543276953
