1 0.8299774739 0.7085674111 0.0355280211 0.0452022090
1 0.9648223308 0.4872868787 0.0549068727 0.0504582243
1 0.4432069767 0.6549554501 0.1291926603 0.0935579696
1 0.3119957018 0.2602246842 0.0347205373 0.0483558429
0 0.5928982089 0.1441589469 0.1538882364 0.2364217856
0 0.6293798727 0.7615662032 0.1416508455 0.3016187149
0 0.2916310391 0.7414139493 0.1199504939 0.2982220508
0 0.7727066261 0.1482198171 0.1151100933 0.2800106417
0 0.6029930668 0.1945026094 0.1133391892 0.2229285690
0 0.6074203586 0.8135344307 0.1753215276 0.1465621085
0 0.8281955758 0.8024337645 0.1068457688 0.1612182782
0 0.1541624425 0.2321844332 0.2660686303 0.1910412832
0 0.5866140362 0.1513808911 0.1052858341 0.1874836976
1 0.4596000340 0.3385860926 0.0596325481 0.0996076065
1 0.6831218648 0.1204539014 0.0222311395 0.1401812355
0 0.2879695142 0.7293719680 0.0824611024 0.2156734826
0 0.6188025939 0.7407623044 0.1062069847 0.2394476631
0 0.8247722997 0.7741831242 0.0815861862 0.1868263923
1 0.0524167156 0.6854891096 0.0638953203 0.2377466166
1 0.9729999361 0.5329918052 0.0397640252 0.1130301175
0 0.7824355732 0.2272946237 0.0240310448 0.0415972481
