1 0.7116490489 0.7276814779 0.0984726071 0.0500017262
1 0.5665091261 0.2182193743 0.0274010160 0.0533351706
1 0.5468145983 0.6010104504 0.0496643732 0.0855585888
0 0.1827895873 0.1136772490 0.0588410263 0.1048451844
0 0.3435045924 0.1336206109 0.1027522263 0.2039922310
0 0.5762339554 0.1547036091 0.0623539210 0.2347620132
0 0.1859925077 0.1213367013 0.0794625156 0.0728909117
0 0.3579329455 0.1346704091 0.0753523822 0.0853357077
0 0.5846751143 0.1577821622 0.0465814485 0.0497791740
0 0.7888115495 0.0715575420 0.0548017152 0.1048917995
0 0.0921445489 0.6920192320 0.0726122933 0.0906692248
0 0.2832655776 0.7302425089 0.0520616422 0.0995582863
0 0.5689195871 0.7577988133 0.0753523505 0.0835578276
0 0.8223775914 0.6795744308 0.0534316391 0.0231117326
0 0.5542711655 0.7184917822 0.0833791862 0.1470984668
0 0.2741545997 0.6966093840 0.0496527648 0.1470984668
0 0.0919382900 0.6637857456 0.0505896085 0.1519613041
1 0.7088504904 0.7209231804 0.1152319045 0.1009022517
0 0.7880139116 0.1057840277 0.0543370625 0.1398043520
0 0.5828448515 0.1525881064 0.0524633118 0.1531769724
0 0.3472284496 0.1762940532 0.0571474987 0.1957260902
0 0.1921806632 0.1677842420 0.0599580774 0.1519612733
1 0.4676130104 0.1604900887 0.0749475611 0.1276474564
