0 0.5592345435 0.2203975994 0.0617221988 0.0346078788
1 0.2846406466 0.5874233108 0.0469930618 0.1074665588
0 0.3788575996 0.1722037391 0.0691856942 0.1092362469
0 0.2926307877 0.8112069435 0.0717577550 0.1473432374
1 0.8364448784 0.3576686672 0.0795835663 0.0988923224
0 0.6310681009 0.7749053881 0.4817797957 0.3177887970
1 0.6633385489 0.4275619863 0.2808741081 0.1349415860
1 0.6329105193 0.7004843579 0.2986627931 0.1604710500
0 0.3819947272 0.1888941291 0.1287018919 0.1333370316
0 0.5599867243 0.2635628784 0.0903651960 0.1582266208
0 0.7920608993 0.2573404842 0.0260142122 0.0746687554
0 0.0568170311 0.1640045522 0.0533976053 0.0942248393
0 0.2087948219 0.1977832699 0.0424442409 0.1120030962
0 0.2964216514 0.7542431709 0.0616126267 0.1048918377
0 0.1506051178 0.7337981613 0.0465517481 0.0888913953
0 0.4798903152 0.7871329445 0.0972110035 0.1315591924
0 0.7749462860 0.7960220791 0.0985801725 0.1528931155
0 0.7854895231 0.7810998182 0.1057960104 0.1385886452
0 0.4905716945 0.7665115320 0.0739634914 0.1604710500
0 0.2958323444 0.7507075757 0.0646010426 0.1410199854
0 0.1465009195 0.7221388506 0.0280874033 0.1252160537
1 0.6857792359 0.8661981461 0.0786447064 0.2139615146
1 0.6871836685 0.2729414359 0.1076683602 0.0461962478
0 0.8014057070 0.2382942500 0.0440036249 0.1179219597
0 0.5593858646 0.2753728006 0.0730273543 0.1726279470
0 0.3735408287 0.2224902877 0.0552385559 0.1592554413
0 0.2036119860 0.1787254413 0.0299598855 0.0765884780
0 0.0467906205 0.1835882136 0.0365136535 0.1203532998
1 0.1095191785 0.5410010414 0.1151583930 0.1081964273
