0 0.2775823112 0.7203446818 0.0855978090 0.1790584157
0 0.6202672100 0.7511043305 0.0710502101 0.0428345464
0 0.2748844330 0.7755200326 0.1289428900 0.0642518606
0 0.6446084647 0.1107273858 0.0657872106 0.0659652515
0 0.3429741862 0.1377131640 0.0730237641 0.0771022410
0 0.1683091807 0.1008754318 0.0710501786 0.0839557686
0 0.9386772325 0.7108398192 0.1105224861 0.0822423521
0 0.9034811003 0.0820282180 0.1111803060 0.0822423905
1 0.2603358268 0.6015793472 0.1071956452 0.1224000417
1 0.1538839434 0.2679689816 0.0740031753 0.1786542679
