1 0.4075541400 0.9311973926 0.1433873211 0.0833366087
1 0.2315787253 0.8967515692 0.1419389308 0.1233381809
1 0.7414004223 0.7717466750 0.1564225635 0.3311240370
1 0.4539015480 0.5028473373 0.2215986275 0.2488986461
1 0.3329637110 0.2300589122 0.1969765824 0.2588989919
1 0.6557187872 0.8380604275 0.1701790700 0.1841874728
0 0.4210093008 0.6325676224 0.1276225905 0.1280802157
1 0.7195548857 0.6844307442 0.1396796694 0.1291997478
1 0.4247430366 0.9256216894 0.1683183598 0.0932567301
1 0.4284804916 0.9335762898 0.1129081424 0.0904334668
1 0.2640767071 0.8914237102 0.1217925262 0.1419407895
1 0.7432552458 0.8880349930 0.1325699357 0.1336230771
0 0.3837661928 0.7140095525 0.1636499092 0.2372678774
1 0.2192830478 0.9018706236 0.1998336583 0.1230121813
1 0.4052752725 0.9161565916 0.1721943878 0.1050566588
