1 0.5319363715 0.2516835860 0.0644137072 0.0893531744
1 0.5385316075 0.2835342543 0.0650498334 0.1368277449
1 0.4079802427 0.6167570221 0.0298145212 0.0648751409
0 0.3579631746 0.5017190500 0.5996611604 0.1714122775
1 0.3137830327 0.1635851540 0.0317050804 0.1982678326
1 0.3403593365 0.8265050766 0.0233125197 0.1861041354
1 0.1585215188 0.8589605580 0.0699376156 0.2384079091
1 0.5319884120 0.7938849188 0.0447600846 0.1593440926
1 0.9045227996 0.7604348407 0.0680726042 0.1483967441
1 0.4965533655 0.1569679896 0.0428950921 0.1240693742
0 0.2345204073 0.1314242832 0.1249551779 0.1094730164
0 0.5842085233 0.1533188939 0.0634101230 0.1654259228
0 0.4116956965 0.1752134985 0.0839251161 0.1751567992
