1 0.8889109451 0.2838769950 0.0298435459 0.0452021770
1 0.2759089987 0.2817745760 0.0427488282 0.0830459236
0 0.7509854753 0.7495646884 0.2314888371 0.2785716361
1 0.7492997334 0.2830577612 0.0948583959 0.1916241623
1 0.5904119312 0.2969659781 0.0664008960 0.2132591756
1 0.8044362103 0.5975377302 0.0723295576 0.2271673104
1 0.9532453381 0.6160820331 0.0569150627 0.2117137999
1 0.2406215766 0.6029465040 0.0782581877 0.1452634666
1 0.0888481258 0.3093288091 0.0735152553 0.2039870241
1 0.2910150896 0.3440993308 0.0509864012 0.1560809938
1 0.8755800229 0.2397877861 0.0699580678 0.2008963138
0 0.7021579014 0.1902934666 0.4036070014 0.0924702114
0 0.6399303078 0.7511783849 0.4443166632 0.1743291305
0 0.6961760309 0.0960946118 0.1226905531 0.1669524308
0 0.8500480534 0.1145151628 0.0922738814 0.2145491371
0 0.7749655520 0.8306640953 0.1546880921 0.1815508167
0 0.4691447444 0.8421760154 0.0983169918 0.2133128225
0 0.1443206897 0.7943695007 0.1878646835 0.2526520124
0 0.2971999067 0.0889115273 0.0954289077 0.1778230545
0 0.5401295129 0.0881540371 0.0872887138 0.1667261069
