1 0.7750484353 0.7310042439 0.0331516077 0.0336388168
1 0.8259888073 0.6421766580 0.0283001437 0.0430997571
0 0.2591770474 0.7089286921 0.4358224774 0.3553102452
0 0.4046096046 0.7893435907 0.1581272087 0.1900961301
0 0.0858256180 0.7827592821 0.1716512359 0.2208047684
0 0.1294376449 0.0984038858 0.1548054384 0.1875030360
0 0.6132795693 0.1357362798 0.1002478647 0.1963186533
0 0.7644236725 0.1105829478 0.0921256944 0.1774966930
0 0.8590069761 0.8608939063 0.0754164894 0.2538342649
0 0.6889055837 0.7219328631 0.0718834754 0.5561342738
0 0.4039256030 0.7711256523 0.1069769529 0.1204037041
1 0.1946585532 0.8333542349 0.0882011829 0.2453908882
1 0.2824187232 0.8505545115 0.0061740875 0.2591510506
1 0.7697302563 0.8236073918 0.1217176230 0.3038718484
