0 0.2190692079 0.2178523396 0.0786742373 0.1774638652
0 0.3730977640 0.2507454884 0.0531222711 0.1774995889
0 0.6871574370 0.7310850367 0.1449309543 0.1796337348
0 0.3797788026 0.7777049500 0.0951257286 0.1721508493
0 0.1550599450 0.7563924879 0.1372503621 0.1862502579
1 0.3575857012 0.2325072256 0.0161318957 0.0755307183
1 0.4105403789 0.2061169651 0.0238471447 0.0573305153
1 0.6258660154 0.2247721594 0.0238471447 0.1019210097
1 0.1436628722 0.3116779866 0.0469928995 0.1556114104
1 0.0479236183 0.1565215058 0.0350693192 0.1146610922
1 0.3340892713 0.7207269271 0.0589164322 0.0728007711
1 0.1938119865 0.7566722598 0.0434859501 0.1101111185
1 0.6427458134 0.3196585079 0.0895069803 0.1601035528
0 0.1988468962 0.2111643821 0.0918262687 0.2552270235
0 0.3797326147 0.2406405350 0.1353375130 0.2134775134
0 0.6334232631 0.2212389436 0.1193948326 0.1806476023
0 0.1395019021 0.6826424477 0.1893175568 0.2584617071
1 0.8059051007 0.7439175345 0.1900395437 0.1933987644
1 0.7607986324 0.1779080952 0.0657870977 0.1026840107
1 0.6656070883 0.6235766610 0.2333873575 0.4388131595
