1 0.5042471998 0.3258800738 0.1579620097 0.1739131506
1 0.6281799732 0.7300170209 0.1488951880 0.1381429036
0 0.8462269156 0.7342517228 0.1534589463 0.4333315304
1 0.9133210401 0.6838477183 0.0741531769 0.1597828961
1 0.7156535814 0.7383264968 0.0683245086 0.0762952754
0 0.8181632230 0.8440887968 0.1040962531 0.1139636713
1 0.7987836155 0.9277583654 0.0852703487 0.0591457758
0 0.6437466230 0.7885495387 0.0764110617 0.1471430030
0 0.2097483544 0.6998309489 0.4194967088 0.1399301647
0 0.8430798612 0.1812239332 0.0786259118 0.0923250335
0 0.6592503279 0.1934858542 0.0476184642 0.0735715015
0 0.4122985499 0.2050264865 0.0409740651 0.0908824560
0 0.1847264173 0.1538149485 0.0398666590 0.1182914531
1 0.9421927867 0.6111123591 0.0974518163 0.0836695932
1 0.9205983669 0.4517074105 0.1406406559 0.1139636960
1 0.8004447247 0.4242984381 0.0930221917 0.0591457512
0 0.8412446089 0.1854049830 0.0551580833 0.0936648143
0 0.8185904313 0.8885325631 0.0551580833 0.1193264399
0 0.6570558985 0.7653569182 0.0275790417 0.0910986407
0 0.8227485364 0.8843960643 0.1065613322 0.1304286313
0 0.6341778307 0.8401162653 0.0745527038 0.1281103791
0 0.8458592676 0.1714746354 0.1000204358 0.1620323606
0 0.1924133490 0.1614990450 0.0627772297 0.1490850502
0 0.4130920637 0.1739623722 0.0572350182 0.1525315169
0 0.6649156308 0.1748563506 0.0769522477 0.1631359627
