0 0.8644478014 0.1050420173 0.0767087191 0.0693409485
0 0.6150973064 0.2975024689 0.2630795845 0.3760149456
0 0.2913097336 0.1613378101 0.0697022432 0.0995583207
0 0.5380009367 0.1737826053 0.0656020889 0.1244479111
0 0.7108898212 0.1613378153 0.0587685512 0.0746687405
0 0.8783118440 0.1328925778 0.0765358125 0.0817800345
0 0.0856198184 0.1026695221 0.0874694611 0.0782243978
0 0.3692122221 0.7524653521 0.1052367027 0.0942248913
0 0.6357207478 0.7373538114 0.0478348276 0.0817800447
0 0.8386772302 0.7142420855 0.0738023343 0.0924470267
