1 0.9105188729 0.6701980982 0.0649463163 0.0609704042
0 0.5538510238 0.8058544061 0.0487096050 0.1677465194
0 0.2501932560 0.7682791245 0.0652916219 0.1355391771
0 0.7507622218 0.8313518671 0.0590733443 0.1892181299
0 0.3171261136 0.1844495688 0.0741406809 0.0462235059
0 0.5594562870 0.2048945794 0.0535460368 0.0551126431
0 0.7365701128 0.2093391480 0.0562920145 0.0462235059
0 0.2594611385 0.7409094786 0.0823785196 0.0675574083
0 0.5512184294 0.7729103626 0.0617838945 0.0426678291
0 0.7393160527 0.7782438474 0.0453081792 0.0782244267
0 0.8890872238 0.1720391359 0.0563309924 0.1264317708
0 0.7276050832 0.2243138093 0.0469425315 0.1337259244
0 0.5562650095 0.2158040083 0.0535144617 0.1483141459
0 0.3008978721 0.1799411162 0.0403705446 0.0814512448
0 0.7477903461 0.7701585965 0.0835575821 0.1726280115
0 0.5468764919 0.7507075530 0.0760468965 0.1483141092
0 0.2572413624 0.7160603205 0.0751079710 0.1154905955
0 0.9285189185 0.8163548249 0.0356762574 0.0875296470
1 0.4313979763 0.1793332956 0.1192338774 0.1507455875
