0 0.2194318253 0.6853630307 0.1022738551 0.2632514836
0 0.8298788678 0.5958338149 0.0922291468 0.1458555528
0 0.4714638045 0.6088778118 0.0438316499 0.1600854049
0 0.6303535513 0.5466224245 0.1168843787 0.1707576913
1 0.5450603973 0.5985512955 0.1635200741 0.1135310550
1 0.8656245448 0.7078774920 0.0939026037 0.1955256921
1 0.4940615258 0.3714891137 0.1440919296 0.1198383837
1 0.3540171579 0.7126080039 0.2088523640 0.1166847296
1 0.2657810411 0.2563812010 0.2590417531 0.2154988210
1 0.8777756931 0.7158581978 0.0740437678 0.1748555022
1 0.3335988594 0.6607241191 0.1756120679 0.1403134621
1 0.7596432702 0.7340899367 0.2861436225 0.2645572337
