1 0.5461479246 0.6255214891 0.1606504928 0.1692454362
1 0.5781204578 0.6818661388 0.1296285782 0.2575325022
1 0.7962566366 0.6451340235 0.1020377857 0.2965526966
0 0.3504200859 0.7498578858 0.0626440871 0.1091303665
0 0.6881901546 0.1783013787 0.1219020006 0.1477118039
0 0.8507261133 0.1590106600 0.0778818687 0.1532234408
0 0.8364327206 0.1499928799 0.1293956668 0.2254162425
0 0.6685681247 0.1699160349 0.1101611707 0.2379393700
0 0.6182772693 0.7514758514 0.0454040370 0.0620071185
0 0.2827300947 0.1999008569 0.0343299255 0.0432607823
0 0.6758629141 0.1674552805 0.0719820560 0.0504709195
0 0.8447439110 0.1350096886 0.0598004482 0.0490288818
1 0.5552892562 0.6408075099 0.1243414196 0.2014625519
0 0.6820036186 0.2168709510 0.0892221061 0.1866309678
0 0.8623461662 0.1705222021 0.0854254355 0.1705634065
0 0.3450478093 0.7588422937 0.0512552424 0.1656195126
0 0.8053958863 0.7100216441 0.0493569071 0.1693274599
0 0.2857246024 0.2372643944 0.0275259723 0.1211247194
