1 0.2150643329 0.6623139631 0.0314954609 0.0683288820
1 0.6632692693 0.3343352535 0.0589530200 0.0683289065
1 0.6838432472 0.2883807587 0.0835335146 0.1805563671
0 0.7002701918 0.7373350087 0.0803181161 0.1653338284
0 0.3916054856 0.7580016943 0.0569698678 0.1750593362
0 0.2020172006 0.7677272511 0.0663092275 0.1799221146
0 0.6447011903 0.1811568244 0.0457627116 0.0984708950
0 0.3621866158 0.2437648574 0.0597716757 0.1945104131
0 0.1889421536 0.2461962282 0.0476305458 0.1726279961
1 0.1422455249 0.4048437976 0.0775163837 0.0547060364
