1 0.3015729858 0.6290364684 0.1211015381 0.1072237559
1 0.2968105713 0.5028908521 0.1360691406 0.0777898348
1 0.3032458618 0.6460872127 0.1107177002 0.0764011152
1 0.2607861572 0.8649097721 0.0451470215 0.0191002316
1 0.3008758667 0.6245278074 0.1253501709 0.0605783734
0 0.4040679199 0.4155671034 0.1127597656 0.0533348432
0 0.4374355957 0.6786855125 0.1472780273 0.0426678746
0 0.4454898560 0.8360232435 0.1035548584 0.0408900088
1 0.2798020630 0.6386844178 0.1357719482 0.0551126714
1 0.2622960449 0.6078256954 0.1471817871 0.1680880288
1 0.3080977051 0.6203689292 0.1793683594 0.1064955967
1 0.4044251587 0.8179631746 0.0963274170 0.0551723862
1 0.3745304321 0.4182839223 0.1262221436 0.0128308121
1 0.4492672607 0.6979952554 0.1062923340 0.0538892899
