0 0.0996996022 0.1778567386 0.0803085754 0.2018855192
0 0.2665816889 0.1245622011 0.1271982613 0.2210349213
0 0.4282961608 0.0600094406 0.1022241514 0.1067618102
0 0.2961595200 0.9187468556 0.1301625438 0.1118771533
0 0.4733043732 0.8214335631 0.1674079599 0.1730855786
0 0.6315949893 0.7203114793 0.1556703715 0.1488080735
0 0.8941582433 0.5315561635 0.1687248779 0.1651166014
1 0.7274241040 0.6733698469 0.2921623021 0.3522423238
0 0.0950321136 0.0812402521 0.0827292270 0.1624805041
0 0.2598042579 0.0500488230 0.0918678509 0.1000976460
0 0.6739898950 0.7401774555 0.1482769311 0.5196450890
0 0.4891307797 0.9229625617 0.1677313735 0.1385420673
0 0.3172805604 0.9418225485 0.0782222896 0.1163549031
0 0.9235543360 0.6923498255 0.1528913280 0.2210647676
