0 0.3129523141 0.7705459646 0.1653154582 0.2503039444
0 0.6624578314 0.6817557175 0.0989288899 0.2790550329
0 0.5283830852 0.1168807151 0.1379798273 0.1911104083
0 0.7216850265 0.1397124947 0.1028340658 0.1691242621
0 0.8416597986 0.7333961389 0.1002565625 0.2919486789
0 0.6526294653 0.7935046649 0.1197763763 0.2199892148
0 0.3255766638 0.8370333827 0.1662442067 0.2261220782
0 0.1383437321 0.8702674563 0.1088507990 0.2476507827
0 0.5336654379 0.0938474637 0.1323449429 0.1827169282
0 0.7056219760 0.0899552093 0.1115150847 0.1766783490
0 0.9180784048 0.1089711359 0.0747628222 0.1850682677
0 0.3589441367 0.1052975291 0.1044958837 0.2063378180
0 0.3301338764 0.7874412921 0.1539365559 0.3403571103
0 0.6519602900 0.7277910839 0.0990235386 0.3567316482
0 0.5425843107 0.1464939015 0.1197284201 0.2233958882
0 0.7257778571 0.1517571627 0.1206286571 0.2315831880
0 0.1419682621 0.6043304361 0.2310858010 0.6287089632
0 0.1964045657 0.1362524180 0.2914135461 0.1329040527
1 0.9374275602 0.2351577749 0.0749349337 0.1174500907
1 0.3890943350 0.5967804550 0.0796926747 0.2163554681
1 0.6590979282 0.5457823804 0.0630404707 0.1885383365
1 0.7935049874 0.4569220270 0.1153759058 0.0849968116
1 0.5657266336 0.2606568019 0.0880187925 0.1931745251
1 0.7405747439 0.2676111002 0.0856399062 0.2379910252
1 0.3867154487 0.2907920381 0.1938792164 0.1421764710
1 0.2160303696 0.5210560617 0.1689008867 0.3245331611
1 0.5258802805 0.4631036939 0.1772270440 0.1004507325
0 0.8117091967 0.8329116011 0.1265555751 0.3180324860
0 0.6335355391 0.8549168477 0.0939844736 0.2330447866
0 0.3243848433 0.8793743367 0.1775300083 0.2059052807
