1 0.6122587060 0.8708156370 0.1250259415 0.1576821052
1 0.6653556942 0.1526864867 0.1191286957 0.0590216336
1 0.4561421060 0.1404972385 0.2067522682 0.0962309619
1 0.8278039185 0.1610264945 0.0954998849 0.0397755091
0 0.7293504559 0.4170008451 0.0403659509 0.0667201862
0 0.9016439917 0.4285485610 0.0127990155 0.0744185538
1 0.9178888741 0.1995188824 0.0354432478 0.0834001916
1 0.3172245992 0.1745517749 0.2725603642 0.2667457010
1 0.7388500068 0.2394564595 0.1719444299 0.2686355570
0 0.7009801224 0.5065818231 0.3022353637 0.2370596009
