0 0.5155793819 0.8703228895 0.3568832587 0.2018329869
0 0.1980255827 0.1172523780 0.2760559454 0.0961569691
0 0.5568982991 0.8686504607 0.4225779490 0.1153884570
1 0.2739115038 0.1620406235 0.0611169586 0.0519001869
0 0.2086897094 0.8137417850 0.0547315985 0.1521619135
0 0.2027605658 0.1240034417 0.1842319520 0.1635600934
0 0.4440494237 0.1506708479 0.0838667684 0.1351148527
0 0.5203544648 0.8591349529 0.2887217415 0.2008944946
0 0.1848873182 0.8120225667 0.2502254826 0.1493375127
1 0.0439636252 0.5897941564 0.0481202869 0.1066695993
0 0.8936303800 0.6964637761 0.0838668000 0.0746687154
