1 0.4066674774 0.7795243183 0.0437010204 0.0294340443
1 0.0922629188 0.7679609595 0.0299432958 0.0462533365
1 0.3261442918 0.7563975762 0.0331804451 0.1009165405
1 0.2351005024 0.2675831785 0.0258969101 0.0672776855
1 0.3993381850 0.7860223738 0.0481281139 0.0471819463
1 0.0928620038 0.7765859501 0.0381392581 0.0566183946
0 0.2587605611 0.1499693638 0.0730336949 0.1624602226
0 0.0759713348 0.1044195699 0.0903317070 0.1208922504
1 0.4047363887 0.7819465680 0.0265248490 0.0504965832
1 0.0977988705 0.7801891391 0.0276274385 0.0875090692
0 0.3684643540 0.7680962353 0.0875371360 0.1347175740
0 0.0639873427 0.7402875656 0.0627983817 0.1186503273
0 0.2661791061 0.1390021706 0.0941975785 0.1050550044
0 0.0744537396 0.1186091372 0.0666043445 0.0865158831
1 0.5387811968 0.1624850535 0.0589924095 0.0828080588
