0 0.4247151577 0.7526989713 0.1434445334 0.1606901539
0 0.6715061972 0.7329251384 0.0674206157 0.1132406282
0 0.4492799590 0.2024448823 0.1110952052 0.1487784607
0 0.6440855132 0.1922752119 0.0747825113 0.1106123044
0 0.2427014707 0.2315619823 0.1302343731 0.0800022307
0 0.4620435449 0.2191172050 0.0589481711 0.0693352612
0 0.6573950650 0.2306730784 0.0493519969 0.0853356950
0 0.9123802244 0.1986721902 0.0959621214 0.1102252906
0 0.4133770161 0.7337981788 0.0658025993 0.0426678782
0 0.6848128411 0.7471318805 0.0767697098 0.0515569581
0 0.9315726677 0.7240201132 0.0520937429 0.0835578667
0 0.2280136259 0.2266581006 0.1489574525 0.1622665948
0 0.1457891123 0.5820991921 0.0703079089 0.1684481363
0 0.6859565154 0.7630300016 0.1012093748 0.1273003163
0 0.9189331750 0.7100545808 0.0930120151 0.1329567463
0 0.4167201686 0.7226099920 0.1177067571 0.1289208837
0 0.4466125551 0.2349456111 0.0947270998 0.1226408621
0 0.6599098652 0.2202897081 0.0791393025 0.1149190438
0 0.9026078985 0.1955699216 0.1054600894 0.1128117835
