0 0.7485103041 0.4754241426 0.0932861932 0.1944928886
1 0.6668403928 0.2362849616 0.6563386067 0.4725699232
0 0.0867188059 0.5277010127 0.1102441065 0.2335508282
0 0.2588622499 0.5695750740 0.0641584302 0.2252940238
0 0.4734767876 0.5766522927 0.0813276083 0.2771941202
0 0.7414060914 0.5424453785 0.0786166805 0.3432489743
0 0.1152787988 0.4825315090 0.0813814531 0.1499210043
0 0.2727912959 0.5502101670 0.0656302235 0.1242202981
0 0.4686974629 0.5125157321 0.0820377463 0.1379273743
0 0.7407346669 0.4846732366 0.0826940253 0.1456375492
0 0.9681563425 0.4791047523 0.0636873151 0.1139399663
1 0.5670119182 0.6482096781 0.3436596559 0.4084718177
0 0.7397584821 0.5282363029 0.0670555795 0.2382752352
0 0.4668797030 0.5732168466 0.0726434689 0.2382752352
0 0.2680414219 0.5896286479 0.0456349968 0.1860005467
0 0.0938832901 0.5495109003 0.1071025877 0.2419223570
