1 0.2619325998 0.1787186038 0.0483589290 0.0647592836
1 0.2601281606 0.7976859272 0.0808388347 0.1069935969
1 0.4943442330 0.7207255832 0.0714557660 0.1407810770
0 0.2968572847 0.1261825531 0.1144557516 0.2198615389
1 0.3077976947 0.2297386716 0.1981162434 0.4191048602
0 0.5025045436 0.4749477405 0.6487386603 0.6126086470
0 0.2311076161 0.7783439010 0.0454093626 0.1368811173
0 0.5391688108 0.7863957502 0.0897866831 0.1771402897
0 0.5402548019 0.7916115778 0.0824217616 0.0867960219
0 0.8401954863 0.7025950949 0.0663233329 0.0781214617
0 0.2381198564 0.7954925685 0.0442083495 0.0523777960
0 0.2984869800 0.0927097824 0.0643206806 0.0819295800
