1 0.2890886135 0.1819092568 0.0923599790 0.1208895612
1 0.8178847871 0.5408180439 0.2966626218 0.5119487698
1 0.1748801893 0.6641451936 0.1018379504 0.1000445503
1 0.4282409894 0.6823024184 0.0696562023 0.1599392252
0 0.3439322850 0.8199541448 0.5806569216 0.3119689892
0 0.3037862318 0.7045364931 0.0619572473 0.1802633939
0 0.5868655890 0.7108066929 0.0600327915 0.1462428285
0 0.9098971335 0.6780099387 0.0810780001 0.1489863759
1 0.2827700130 0.6905150731 0.0355005818 0.1458232669
1 0.6094307917 0.6549897488 0.0486777627 0.1222561100
0 0.9030012548 0.7009617760 0.1245720749 0.1778200787
0 0.0428088156 0.7188182546 0.0856176313 0.1409590537
0 0.2080323416 0.0672107137 0.1638123803 0.1344214273
