0 0.2740660487 0.7240959810 0.0750570145 0.2748350201
0 0.5485214210 0.7470972337 0.0886215029 0.2429872455
0 0.7244079306 0.7600722393 0.0569709144 0.2477054069
0 0.8785913061 0.7612518208 0.0488322213 0.2547827313
0 0.2813004556 0.1803236425 0.0696311718 0.1828301735
0 0.7013483003 0.2381215722 0.0904301539 0.1804710928
0 0.4122940717 0.7846161402 0.4102094706 0.3027495824
0 0.5497540822 0.7055951565 0.0613784908 0.3365290684
0 0.2790591546 0.6952598906 0.0742824163 0.3095980969
1 0.7139857917 0.6162132186 0.0717709157 0.1986790513
1 0.7144173862 0.3577083909 0.0807533875 0.1282114767
