0 0.8744502731 0.6516288783 0.0793846040 0.1665495285
0 0.6899977683 0.6741190798 0.0896578975 0.1701965127
0 0.4126185433 0.6984328967 0.0952615437 0.1264317985
0 0.8244846776 0.1896666350 0.0429610456 0.1179219153
0 0.6563760172 0.1817646579 0.0840542828 0.1410200434
0 0.4112176555 0.1927058827 0.0681773747 0.1458828294
0 0.1945443506 0.1106468149 0.0719131493 0.1422357887
1 0.5298276409 0.1568430274 0.0961954795 0.1519612630
0 0.4200354358 0.7420909535 0.2020204626 0.1178351714
0 0.7002580843 0.7544915915 0.1186489336 0.1657077365
0 0.8742354344 0.7437309907 0.0980755707 0.2166357997
0 0.1038690045 0.7098479300 0.1260849528 0.2002288099
0 0.4111192667 0.1110349405 0.0811317314 0.2190734452
0 0.6464753444 0.1010648843 0.0858382271 0.1923599282
0 0.8195991812 0.1285230155 0.0849934601 0.2010838107
