1 0.6251074285 0.4655076776 0.1633345200 0.2141905440
0 0.1986310739 0.4331138464 0.3675040826 0.0867337443
0 0.1832319604 0.7091912040 0.1610112357 0.0791033362
0 0.1442054507 0.4390244694 0.1279659991 0.0727428521
0 0.0981013049 0.2803360959 0.1198122996 0.0649750912
0 0.1301724879 0.2511250724 0.1754538955 0.0337796649
0 0.1417154996 0.4386910249 0.1754538852 0.0568920506
0 0.2363682564 0.7169287008 0.2585636149 0.0693372044
0 0.7950504025 0.6555919479 0.2539464740 0.1137841011
0 0.7130949735 0.3275737515 0.1408248449 0.0373353983
0 0.7234836589 0.1471192855 0.2123915269 0.0640035569
