0 0.8336518582 0.4042855199 0.1140993631 0.2564316471
1 0.6036845305 0.4254488097 0.0607573215 0.0766693140
0 0.6772778782 0.4798951521 0.4612421085 0.5300184451
1 0.6085036229 0.4175912576 0.0511041615 0.0669889811
1 0.6156963363 0.3843296877 0.0624236115 0.1238598260
0 0.8334776773 0.4458042062 0.0659305993 0.1375208246
1 0.5655470308 0.3091941459 0.0322638492 0.0683050424
0 0.1691016442 0.2433293558 0.3382032884 0.3286823448
0 0.8351550853 0.3641904553 0.1182974776 0.2927651440
0 0.5699910066 0.3583903969 0.1797363206 0.2533093281
1 0.6876809310 0.3734637603 0.2864915737 0.3306676568
0 0.8311409460 0.4430908301 0.0570173488 0.0993680824
