1 0.4484398169 0.6190331367 0.1976632227 0.1264317420
1 0.1613128559 0.6153860605 0.1611283479 0.1531769127
0 0.2798171436 0.7734257893 0.1320877905 0.4060404378
0 0.5898955240 0.7570139567 0.0833744660 0.4145502890
0 0.7772540463 0.7491119754 0.0833745924 0.4303542517
0 0.9411927692 0.6840725355 0.0627651284 0.3707854158
1 0.5299407785 0.3242283380 0.3194463444 0.2929813221
0 0.6774856196 0.2731693432 0.1217830585 0.3659227023
0 0.8325248730 0.2105613050 0.1339613264 0.3622755979
1 0.5510659280 0.3292702706 0.1898346658 0.2309543240
0 0.5910837340 0.7571121134 0.0598029478 0.1946338120
0 0.2925438745 0.7423297513 0.0607521377 0.1970974502
0 0.7742894635 0.7189244711 0.0635999604 0.2168072526
0 0.9385100670 0.7096854794 0.0351223662 0.1884743885
