0 0.2410487160 0.8407250673 0.2047720984 0.1884806217
0 0.4241825562 0.7983852778 0.1636065515 0.1365803450
0 0.6912307834 0.7881418619 0.2142718196 0.1652621245
0 0.6548150499 0.1598729170 0.1857726748 0.2007728846
0 0.4194326483 0.1639703176 0.1794395021 0.1570671644
0 0.2347155764 0.1264107854 0.1752174028 0.1693594364
0 0.0832475216 0.1335441638 0.0960528812 0.2670883277
1 0.6565115360 0.2083926507 0.0438180992 0.0622243759
1 0.6174189155 0.6811868472 0.0395222301 0.0944477473
1 0.3729018881 0.2912013103 0.0328344938 0.0507206305
0 0.2155701591 0.7706882526 0.1012395128 0.2524236532
0 0.3833906701 0.7541745504 0.0921188411 0.2359098777
0 0.3742699984 0.2104021708 0.0866464759 0.2524236043
0 0.2037132859 0.1927089355 0.0501637890 0.2760145909
0 0.0659909833 0.1567326356 0.0902947422 0.2300121540
0 0.0613617690 0.1832233698 0.0425631820 0.2626463817
0 0.2033403626 0.1832233652 0.0881665689 0.2862373590
0 0.3717689372 0.2072075422 0.0820861211 0.3247693196
0 0.6271479724 0.2205757667 0.0991113750 0.3137601828
0 0.2133731109 0.7836141097 0.1325538947 0.2587145781
0 0.3802815642 0.7674935659 0.0954631063 0.3051101489
0 0.6660628951 0.7313207235 0.1428906371 0.2311917329
0 0.8542529251 0.2252939726 0.0875585242 0.2775873404
0 0.2277392703 0.8789245410 0.0728878697 0.0488079756
0 0.2162465754 0.0533766544 0.0581236205 0.0848385164
