0 0.5358715647 0.6726291183 0.0621711722 0.1093422219
0 0.2512249092 0.6870762676 0.0389228132 0.1406308480
0 0.0762503498 0.6998587591 0.0569205597 0.1201775838
0 0.2646044624 0.1635189640 0.0567088840 0.1158999015
0 0.0884553558 0.1765032291 0.0623312385 0.1358689755
1 0.7526291893 0.3042944695 0.0417572512 0.0658124841
1 0.0568328240 0.5897329825 0.0319219761 0.0552932322
0 0.5440498418 0.6743768026 0.1097888923 0.1830856151
0 0.8219094105 0.6140718076 0.0631630877 0.1112747561
0 0.2420955889 0.6905441898 0.0689230260 0.1632873240
0 0.0744319758 0.6992468350 0.0821541337 0.1368745813
0 0.0956637426 0.1796720324 0.0760738717 0.1374536536
0 0.2699860524 0.1696743190 0.0821347231 0.1072095297
0 0.5207975597 0.1387703630 0.0692031540 0.1007287091
0 0.7814615483 0.0817033838 0.0984595904 0.1380370235
