1 0.6678901183 0.6352465484 0.0417103264 0.0947095514
1 0.5937144278 0.6602115260 0.0372680917 0.0557143581
1 0.2165781499 0.2313163148 0.0510409969 0.0767386125
1 0.1363708622 0.5850497439 0.0559020427 0.0735849927
1 0.6662250464 0.6318287641 0.0542816731 0.1124798818
1 0.8699839969 0.5945106850 0.0518511976 0.0904043798
1 0.7942326390 0.7190795038 0.0947904409 0.0893531323
0 0.5066206401 0.7238099948 0.4545078949 0.2775204609
0 0.3681374939 0.7605695757 0.0751702919 0.1229330028
0 0.6513166408 0.7395992651 0.1011219854 0.1030445598
0 0.1732779635 0.7407156058 0.0867290141 0.0933692784
0 0.3424999640 0.6425365604 0.1186090947 0.2714323988
1 0.6652054560 0.5656516522 0.0635904822 0.1747928822
0 0.6646478309 0.7215523089 0.0998643832 0.2052568035
