1 0.5099690315 0.1922809849 0.0546993973 0.0811139304
1 0.4646711255 0.2722837490 0.0615367701 0.0966700142
0 0.7794048951 0.7387577956 0.0664446236 0.0503902911
0 0.9471775848 0.7063640125 0.0431889449 0.0691066751
0 0.3702166718 0.1463118359 0.0564779149 0.0892628173
0 0.5916987882 0.1491912817 0.0719816756 0.0748655852
0 0.7644548322 0.1434323901 0.0719817511 0.0806244829
0 0.9156164037 0.1427125294 0.0553705197 0.0993408854
1 0.4831725583 0.5256787866 0.2004413038 0.0820641982
1 0.7046546747 0.5371965821 0.1583597542 0.0503902911
1 0.8469569518 0.3457134489 0.1461782172 0.0964614488
1 0.6924731566 0.3644298575 0.1495004786 0.0993409038
1 0.8796255282 0.5249589351 0.1539300598 0.0460711331
1 0.2057661916 0.4803275295 0.1882597952 0.1007805822
1 0.5608891969 0.3227062149 0.0856370454 0.1388932072
0 0.1079939793 0.0546380008 0.1780908155 0.0964646961
0 0.3661133795 0.0810987283 0.0866662960 0.1594136486
0 0.5942737277 0.0877313500 0.0874311617 0.1721605282
0 0.7591039450 0.0625989836 0.0946601641 0.1223124564
0 0.9137684662 0.1022917547 0.0675641806 0.1344569629
1 0.8092768452 0.7255629572 0.0485297477 0.1000414823
1 0.7447073908 0.7428037685 0.0340941779 0.0562759363
0 0.5876148337 0.8359541705 0.0915905037 0.2634542992
0 0.7764556432 0.8469665969 0.1108327431 0.2735493569
0 0.9370399702 0.8133902147 0.0925616274 0.1902804632
0 0.0508048348 0.7040714377 0.0915445426 0.2757048358
0 0.3047198872 0.7875490442 0.1171382866 0.2379664009
1 0.2760341285 0.1408087377 0.0662321525 0.0990821918
