1 0.5345368111 0.6358693885 0.0841885314 0.1103774214
1 0.2042586229 0.2852895566 0.0712364667 0.2207548633
0 0.1704047631 0.6686485101 0.2593172094 0.2613733903
0 0.5766995399 0.7415898726 0.0290211263 0.1252160653
0 0.7789109090 0.7099820351 0.0365104023 0.1227846742
0 0.9347819600 0.7263938016 0.0205956829 0.0729414036
0 0.6768690412 0.1732548276 0.0645952980 0.1312945224
0 0.8388252436 0.1118624840 0.0608506284 0.1543926272
0 0.5228701670 0.1981764731 0.0449358458 0.1373729796
0 0.2438935685 0.2741571053 0.0617868116 0.2334124957
