1 0.5606290085 0.1800834102 0.1182811071 0.1982444748
0 0.3258588604 0.1307151472 0.2831579255 0.2028727598
0 0.2505890043 0.7979581809 0.3381168360 0.2028727268
0 0.8552220175 0.6902774452 0.0799586465 0.2273855190
0 0.6093842612 0.8048725980 0.0666322476 0.1479810985
0 0.2870947168 0.8035190895 0.1697368256 0.1921949495
0 0.7412459276 0.2039251359 0.1676326299 0.2111437224
0 0.4382446384 0.1141439231 0.0540071366 0.1434694426
1 0.3951090453 0.1827205173 0.0182362047 0.0496277933
1 0.2285285132 0.2445297292 0.0245487286 0.0397022509
0 0.2485181669 0.0739905315 0.0659308332 0.0866230527
1 0.2211638835 0.6447101672 0.0308612367 0.0171441695
0 0.2395154419 0.6908255011 0.1780704477 0.4438676624
1 0.2345139806 0.2990874533 0.1329270476 0.1813718019
1 0.2247687033 0.6395486302 0.0302336904 0.0399461476
1 0.2357999149 0.2421897975 0.0261480647 0.0273315511
