1 0.5871042571 0.7571233871 0.0327842191 0.0389251095
0 0.1128300448 0.8079245975 0.0680522658 0.0517004110
0 0.1668138113 0.1909100570 0.0490761514 0.0483101978
0 0.3408705623 0.1663311799 0.0634718237 0.0550905751
1 0.5765958987 0.4360121146 0.0850993849 0.0693352746
0 0.1122140967 0.8441338635 0.0933451303 0.1487015274
0 0.3203466475 0.8653256577 0.0754353778 0.1620356221
0 0.6438381977 0.8459638379 0.1190834188 0.1715994825
0 0.9226564016 0.7207072988 0.0627027429 0.1172476022
0 0.1700707761 0.1342613592 0.1041360796 0.1699695081
0 0.3390918234 0.1402202830 0.0735242761 0.2208990157
0 0.6240776109 0.1320288191 0.0913027556 0.1861141539
