0 0.3472961300 0.6720025125 0.0953448669 0.2387846052
0 0.6268521046 0.8086763693 0.1221663151 0.2656833654
0 0.8119012306 0.8774424331 0.0714081663 0.1842252133
0 0.7005986684 0.2098409927 0.0873996297 0.2315205796
0 0.8825305201 0.2744752774 0.0681320869 0.2387759901
0 0.0854285969 0.4914544620 0.1245913698 0.2260286272
1 0.6843951915 0.1758923640 0.0349425954 0.0666998225
0 0.8934817861 0.2032499198 0.0874292320 0.1385740483
0 0.7278479938 0.0992682920 0.1026149935 0.1595128523
0 0.5846953683 0.8969018045 0.0829032259 0.1482994110
0 0.7916819938 0.9419781157 0.0678676223 0.0975743495
0 0.3181838279 0.7528855746 0.1060572312 0.0908309916
1 0.1023838276 0.5173200399 0.0782994504 0.1303164250
0 0.0517896832 0.5839253319 0.1035793663 0.1765289101
