0 0.6666383319 0.7599454468 0.4970735000 0.1913209568
0 0.5675949681 0.7810894697 0.2095823239 0.1630874972
0 0.8035386252 0.7702984787 0.2724407397 0.1219435630
0 0.3416236002 0.7178047144 0.1488492506 0.2129492385
0 0.1853768350 0.1151858691 0.0614688088 0.1171592810
0 0.3003447098 0.1282095021 0.0703784899 0.1234319157
0 0.4706508633 0.1593598300 0.0519869941 0.1799915008
0 0.5458052753 0.8403516101 0.1243674309 0.1241525677
0 0.7678205930 0.8269425516 0.1368844349 0.1030632999
0 0.5591629013 0.7873370152 0.1567965708 0.1377908672
0 0.8002906334 0.7680462938 0.1627294467 0.0793675395
0 0.3277819849 0.7327718318 0.1042485518 0.1322792325
