1 0.5112428174 0.7198098072 0.2611892858 0.2916333797
1 0.3368946823 0.3015833955 0.0844330778 0.1103774531
1 0.7469981085 0.2059229468 0.0780000982 0.1629381308
1 0.4559051199 0.6463815118 0.0828248329 0.1545284302
1 0.5503897126 0.6542655965 0.0514638999 0.0840971091
1 0.5451629324 0.7578101968 0.0780000352 0.1440163173
1 0.4780185188 0.8072172098 0.1013196493 0.1314016995
1 0.4893432932 0.7094851388 0.1780232538 0.2652790656
1 0.7425017367 0.6113189121 0.1589632329 0.0870212442
1 0.4850555892 0.8133156255 0.1385610993 0.1276474616
0 0.6236167043 0.7099819955 0.0827646786 0.1981574621
1 0.7412541340 0.7823155652 0.0948538554 0.0802355661
0 0.8430825460 0.6643936075 0.0399874028 0.2042359303
0 0.6622092335 0.1756862167 0.0669556923 0.1458827942
0 0.4836606842 0.1975686364 0.0762550905 0.1337259401
0 0.2809337262 0.1987843218 0.0502167535 0.1142748912
0 0.4899121157 0.2067028519 0.0884660544 0.1702087999
0 0.2915642414 0.1807555433 0.0638608480 0.1359134273
0 0.6621324362 0.2000788306 0.0504581412 0.1358564536
0 0.6264806374 0.6801044022 0.0270234727 0.1375628366
0 0.0732318588 0.6712795988 0.1198730026 0.2643020095
