0 0.6405393429 0.6184252881 0.4282879998 0.3343147492
0 0.5113127245 0.2350712236 0.0645833963 0.0826745336
0 0.3337083846 0.1959386128 0.0713816356 0.1036187229
0 0.2104256361 0.0782798281 0.0851313446 0.1536997653
0 0.3589975835 0.1087690484 0.1056362093 0.2175380967
0 0.5250136432 0.1219904888 0.0957380454 0.2439809776
0 0.7800788809 0.1192697916 0.0667834208 0.2385395831
0 0.6788683440 0.7746983049 0.0903913657 0.4506033901
0 0.3764990839 0.8889849682 0.0509896388 0.2181802895
0 0.2266092023 0.8646193906 0.0961387800 0.2578121568
