0 0.7860471518 0.7262855456 0.0487256947 0.0666018489
0 0.6027720990 0.7646539929 0.0520478806 0.0767368452
0 0.3165086614 0.7624821833 0.0553701042 0.0926634162
0 0.0275808821 0.6372418203 0.0551617641 0.0912155102
0 0.8807300530 0.1710291187 0.0985587847 0.0970069984
0 0.6769680363 0.1855077651 0.0675515656 0.0651539429
0 0.4272488698 0.2072257564 0.0753033704 0.0825283334
1 0.9466204502 0.4975227924 0.0575848570 0.0694975128
1 0.7760805187 0.4077551388 0.0908070177 0.0810804645
0 0.1262183744 0.1222004547 0.2014184069 0.2253509363
0 0.4110856953 0.1148532772 0.1081359032 0.1723474268
0 0.6728674634 0.1089059759 0.0867571689 0.1519012235
0 0.8700105271 0.0883567881 0.1142815316 0.1441548079
0 0.7772960852 0.7874672899 0.0852141428 0.1612369081
0 0.6050735511 0.8046068111 0.1051800039 0.1282405915
0 0.3133240690 0.8064628033 0.1515919525 0.1225403227
