1 0.7109110728 0.0989444024 0.2620528411 0.1788950885
0 0.5040272836 0.1283898678 0.6551322536 0.2444529218
0 0.4454101600 0.7561894557 0.5051413920 0.3711240246
0 0.6010016665 0.1628684724 0.0934591500 0.2725195976
0 0.8214927141 0.0991246161 0.1206802641 0.1567280050
0 0.2993009967 0.0981012089 0.1088844379 0.1962024178
0 0.1141974442 0.0969315972 0.0562569640 0.1938631945
0 0.0824394792 0.6453334541 0.0580717043 0.3625797345
0 0.2983936406 0.8120031418 0.2359162979 0.2701803317
0 0.6023627241 0.7810084106 0.1306613406 0.2292439163
0 0.8546116943 0.7014748154 0.1252171479 0.2292439649
1 0.1701504741 0.1002007685 0.0600353898 0.0496440936
