0 0.0788340073 0.6975949803 0.0968507949 0.2618471173
0 0.2790795772 0.7260566243 0.1029585175 0.2413547796
0 0.5901364033 0.7061334611 0.1073211906 0.2424932108
0 0.1246418167 0.1137042878 0.0994683791 0.2274085757
0 0.2982752285 0.1142735137 0.0715474289 0.2285470274
0 0.5801023183 0.1313505063 0.0820178128 0.2627010127
0 0.8135040047 0.1176889102 0.0759100705 0.2353778204
0 0.5982579904 0.7443462843 0.1047592281 0.0584232796
0 0.2907389481 0.7713532914 0.0929315611 0.0815721899
0 0.0850618939 0.7154178015 0.0753032911 0.1025896027
0 0.1282505558 0.0782064861 0.0908069226 0.1112591132
0 0.3087569678 0.1049375733 0.0686588731 0.0809157224
0 0.5889295159 0.0688144854 0.0841625283 0.0866954158
0 0.8978945237 0.7089156436 0.0708737080 0.0577969593
0 0.5878221142 0.7450387431 0.0952365451 0.0780258950
0 0.2832867526 0.7609328658 0.0908069226 0.0982547485
1 0.4222000004 0.5997285232 0.1248367034 0.0849331157
1 0.4110538611 0.2768664061 0.1346453211 0.1721931607
0 0.0876882745 0.7354291014 0.0976011528 0.1718188625
1 0.2496761588 0.7250105278 0.0285862649 0.0346458265
0 0.2843764194 0.7863822212 0.1542573204 0.2012607731
0 0.5906337373 0.7569787919 0.1210984814 0.1777464750
0 0.8866942098 0.6924325913 0.1200819858 0.1540144176
0 0.1199407218 0.0675854467 0.1000647572 0.1351708935
0 0.3092828164 0.0689915653 0.1262267278 0.1379831305
0 0.5884822875 0.0677316039 0.1279965896 0.1354632079
0 0.8228329838 0.0719637829 0.0799341010 0.1439275658
