1 0.0321406313 0.1993712762 0.0189375037 0.1463275097
0 0.4648976723 0.7700486299 0.1241458548 0.1883966492
0 0.1906545634 0.1545584517 0.0399791787 0.1664475649
0 0.1468177460 0.7485567900 0.0911805697 0.1326093237
0 0.4596848914 0.7889905246 0.1335735311 0.1234606308
0 0.4666249041 0.8272002598 0.1612927341 0.2381022574
0 0.8187777891 0.7538300177 0.2943060981 0.1805218802
0 0.1986677618 0.0781414205 0.0876180644 0.1499440281
0 0.8830772380 0.0982804594 0.2005803229 0.1800244324
0 0.1485758858 0.8226843986 0.0934845523 0.1894373315
