1 0.3978725465 0.2076640010 0.0491198075 0.0525607150
1 0.6281719996 0.2639039362 0.0539512950 0.0641240373
1 0.3378819710 0.6102788595 0.0257677756 0.0441509718
0 0.3481126896 0.7451940268 0.0900697945 0.1342199715
0 0.1556105338 0.7725779867 0.1159722194 0.1241920147
1 0.3139685954 0.1986718207 0.0559256688 0.1488761876
1 0.1229381522 0.2106282189 0.0777072828 0.1820455025
0 0.8858256379 0.0751131975 0.1293745435 0.0586682999
1 0.1351259563 0.6666240216 0.0622448251 0.2581445098
1 0.3899477178 0.2171623760 0.0209298883 0.0409847782
0 0.3590570245 0.8173478294 0.1344960741 0.1845839765
0 0.6453961459 0.7381957061 0.1240186455 0.1413508780
0 0.1712312620 0.8249371375 0.1113469778 0.1881059067
0 0.0444240885 0.1058180250 0.0888481771 0.1585358345
0 0.2210694305 0.0952635119 0.1272465730 0.1889037252
0 0.3883182904 0.1023599730 0.1081079846 0.1746516199
0 0.8754774362 0.0624784597 0.1346246388 0.1249569194
0 0.9055907510 0.6004826346 0.1260888596 0.1427065334
