1 0.6192463100 0.3439529018 0.0365807608 0.0688912822
1 0.6070816442 0.3059879748 0.1665137059 0.2715255110
0 0.5708554356 0.0313430318 0.1400253934 0.0626860636
0 0.3554927450 0.0340886338 0.1001337354 0.0681772676
0 0.5602820322 0.7769872932 0.0826167716 0.1217597452
0 0.9164812189 0.7705385564 0.1380395294 0.1040471206
0 0.5686913187 0.8359063033 0.0977381449 0.1369034606
0 0.5740652641 0.0580441198 0.0825671116 0.1160882396
0 0.3345959870 0.0624335888 0.0776657711 0.1248671775
1 0.8702232822 0.6754006754 0.0501516142 0.1594364220
0 0.1643151326 0.2038891021 0.0577217067 0.2373007159
0 0.3483622349 0.1563053658 0.0775931087 0.1322457126
0 0.5461300686 0.7693321964 0.0510979270 0.2162897029
1 0.5929698087 0.7507930866 0.0293339309 0.0704486459
