0 0.2485265180 0.3788804637 0.1885072062 0.3269275230
0 0.5466591228 0.4135705116 0.1666630201 0.3857954806
0 0.7121085490 0.4067376156 0.1108390241 0.3384908382
0 0.8779624435 0.4950395725 0.1383464593 0.3700272938
0 0.5401064187 0.4864172199 0.0859074553 0.1488293539
1 0.5078582921 0.3012275133 0.0689939073 0.1061594509
0 0.7252799420 0.3696413181 0.0735328611 0.2854509392
0 0.5550646506 0.3932324915 0.0780720987 0.3326332860
0 0.8777927367 0.4516201147 0.0807955403 0.2724760529
0 0.5583323644 0.5046332340 0.1343458822 0.4302056639
0 0.7232690606 0.5136403436 0.1365275738 0.3704004685
0 0.8871556432 0.5139511211 0.1062784747 0.3117546338
0 0.2637630100 0.4568301924 0.1704669826 0.2769315169
0 0.5477678914 0.4423086896 0.0899284930 0.1752699884
0 0.2635599798 0.4362458914 0.0848381894 0.1873955848
0 0.8854238337 0.5293925241 0.0559931984 0.1708606694
0 0.5623519992 0.3915555711 0.0686590337 0.1251826754
0 0.8740860805 0.4577440915 0.0764107822 0.1366936805
0 0.2561549589 0.3634973923 0.0808404497 0.1208660356
0 0.5594025919 0.4651015109 0.0866942603 0.1112174015
0 0.2590519377 0.3647400210 0.0722323173 0.1291912924
