1 0.7844682413 0.2682000929 0.0450597400 0.0401047245
0 0.4357524127 0.8224539480 0.0941082760 0.0975140972
0 0.7504270581 0.1988773407 0.0607783799 0.0821170561
0 0.2230284121 0.1206094865 0.1215565529 0.0769847624
0 0.9538382426 0.1956696356 0.0303891147 0.0654370585
0 0.9121757127 0.8288693090 0.0450935105 0.0641539051
0 0.9042974391 0.7721644986 0.0852411050 0.1832929550
0 0.7172888041 0.2302547270 0.0800222419 0.2106161917
0 0.7755659083 0.2291162675 0.0730638580 0.2151700666
0 0.9390897345 0.2234239332 0.0626261318 0.1787391540
1 0.4600736062 0.2763434995 0.0550307710 0.1154569810
0 0.3208780718 0.7556488283 0.3722671255 0.3453116632
