1 0.7691337486 0.2495483105 0.1019372310 0.1618869347
0 0.5672818538 0.4576886270 0.4344466588 0.6706743807
0 0.5770587697 0.5473370988 0.3209363856 0.2573630638
1 0.8319115547 0.3742534215 0.1110358047 0.0802563320
1 0.7776707537 0.2272185912 0.0621616111 0.1426852794
1 0.2719826560 0.3478721019 0.0437052622 0.2959013276
0 0.2940888431 0.9297817959 0.1384433984 0.0804920472
0 0.0938164851 0.3336990626 0.0417512278 0.2624652305
1 0.1796056266 0.3492232027 0.0203266108 0.2500967451
0 0.5734231064 0.4985730338 0.3501664952 0.3223615129
0 0.4198334325 0.5227504626 0.1540656275 0.2590636227
0 0.2404438134 0.4075322036 0.0932009852 0.2036630009
0 0.1131928263 0.3826684232 0.0645297111 0.1877061529
0 0.7030812123 0.4978571076 0.1561667223 0.1870385625
0 0.9486409706 0.3991122789 0.0951077778 0.1330072394
0 0.1104377572 0.2874176919 0.0412857499 0.1642333960
0 0.2605226928 0.3290956598 0.0709843580 0.1820266748
0 0.2752527964 0.2828032553 0.0702628500 0.2347494037
0 0.1303555428 0.3007749554 0.0869367575 0.3056429500
