1 0.3971860270 0.6641577034 0.1338902200 0.1079791489
0 0.7361551447 0.2869582330 0.0564347141 0.1754429930
1 0.4134186343 0.6732351652 0.1281697591 0.1122260965
0 0.6903250919 0.8463227057 0.0538642351 0.0831110965
0 0.7339673419 0.1300544380 0.0598549540 0.1623244234
0 0.9171561781 0.1425463128 0.0740800251 0.1395472506
0 0.1541223137 0.7154478053 0.0453154098 0.1506025663
1 0.4076163674 0.6385027568 0.1374104818 0.1429747715
1 0.4113785145 0.6494592646 0.1881888614 0.2509012530
1 0.3659277470 0.2090611304 0.0477468407 0.2189460467
1 0.8204588267 0.1835174099 0.0730246058 0.1654258749
1 0.7787973961 0.8718923753 0.0833229242 0.2079987885
1 0.3097549951 0.8529104007 0.0964298692 0.2700333954
