1 0.5349767618 0.6101146157 0.2859916292 0.2712130575
1 0.4065640846 0.3562464973 0.0777767963 0.1208895548
1 0.5831821671 0.3420551062 0.0567122118 0.0861995331
1 0.5922167602 0.3436069322 0.0423836086 0.0688214427
1 0.4404060411 0.4087696575 0.0755944736 0.1146523890
0 0.2183240176 0.4801404760 0.0789608215 0.2122702307
0 0.0576220605 0.5087189479 0.0622858715 0.1970803880
0 0.3701220052 0.4947903686 0.0851380090 0.2744766143
0 0.8868132408 0.2710907054 0.1151713812 0.2105304521
0 0.0571170337 0.4501282312 0.0602750956 0.1262053316
0 0.2139415701 0.4146588122 0.0533756548 0.0977213022
1 0.4967342558 0.5237489474 0.1193070185 0.1559492922
