0 0.8925128316 0.7697003272 0.1274541495 0.1640505227
0 0.1642034644 0.7375667121 0.0754320406 0.1877278974
1 0.2337730073 0.2413028491 0.0274847459 0.0357412728
1 0.8323748764 0.7096185787 0.0541611151 0.0599191727
1 0.7414326513 0.8047534573 0.1067055399 0.2060379521
0 0.8744104035 0.7989717709 0.2303869913 0.3416444512
0 0.1612225239 0.2336808635 0.0907743784 0.1783480183
1 0.8514362976 0.7143475317 0.0475224458 0.0741580020
1 0.2431490955 0.2483880956 0.0399188532 0.0791018701
0 0.0787214570 0.2601297748 0.0703332078 0.1544958340
0 0.1818451480 0.7606962676 0.0845899321 0.1717993213
1 0.8386608350 0.7238320792 0.0244117914 0.0457107380
0 0.6248210266 0.8428178603 0.0821055646 0.1761066888
0 0.1753820454 0.8212578066 0.0679226345 0.1689231626
0 0.2741103771 0.1129346048 0.1189449813 0.2258692095
0 0.0825107269 0.1354073735 0.0930666192 0.1489994141
0 0.4208540411 0.1239636951 0.0745855602 0.2248718905
0 0.6845988587 0.1396909561 0.1065918600 0.2442875049
0 0.9053265870 0.1387140661 0.1454659869 0.2021504807
1 0.0345283893 0.7706475207 0.0386404249 0.1187119022
