1 0.7878392037 0.1337931407 0.1084437237 0.1505205857
0 0.3016978526 0.5722718268 0.6033957051 0.4151160626
1 0.7933750923 0.1255409348 0.1485872101 0.1264591742
1 0.7283343221 0.1051706561 0.3029145710 0.1145823099
0 0.3405549282 0.4699418230 0.4645231889 0.4909168144
1 0.7868057804 0.8136887323 0.1567360043 0.2365230609
0 0.7321870003 0.2425104931 0.1302427618 0.1357918221
0 0.4437598352 0.5760513398 0.0647824618 0.1119505526
0 0.8992109388 0.2990956502 0.0523120623 0.1297626048
1 0.7859307640 0.8218124257 0.1248948171 0.1988774280
1 0.5594350074 0.9013633395 0.1139913134 0.1116279382
0 0.4419743988 0.5818765335 0.0436140466 0.1064955406
0 0.9038838599 0.4971408243 0.0960540297 0.5564619406
0 0.7214913640 0.5160172972 0.1487686078 0.5748913034
0 0.4930958644 0.6224900367 0.1404858841 0.6606848734
1 0.7987693352 0.1219896154 0.1309734127 0.1470963896
1 0.6437689747 0.1404954231 0.1067466301 0.0740531548
1 0.9344592159 0.2563368595 0.0514304996 0.1863356040
