1 0.1014107524 0.2553299738 0.0429524577 0.0536119140
1 0.1034368063 0.6789691395 0.0405212055 0.0409973267
1 0.1500361698 0.7346834916 0.0251231307 0.0452022028
1 0.6905889028 0.6900068625 0.0267439392 0.0420485969
1 0.8401120964 0.8261390855 0.0778006363 0.1398114435
1 0.5690253493 0.9249531204 0.0964404385 0.1482211957
1 0.5580846082 0.1833218294 0.0551088130 0.1324529309
0 0.3242336459 0.1047962785 0.0937225436 0.0413334704
0 0.1536586292 0.8323867358 0.1180903958 0.1738436806
0 0.3706262977 0.7867983454 0.0927853037 0.1507456196
0 0.6611661388 0.7387785780 0.0871619902 0.1130591328
1 0.1030154065 0.6719566872 0.0265093609 0.0372689015
0 0.1586257438 0.8540233507 0.0870353517 0.0426475684
0 0.1495578454 0.8608179022 0.1633600908 0.1958952609
1 0.1035609714 0.6434469856 0.0355643319 0.1114133532
1 0.1568701743 0.7293586143 0.0375916443 0.0252387535
1 0.6968202009 0.6912525773 0.0546816931 0.0520735088
0 0.7015622602 0.8475637762 0.1377459332 0.1932656322
0 0.4001323302 0.8725335411 0.1416094838 0.1856305476
1 0.5676239550 0.9363559285 0.0522070237 0.1174101903
0 0.9538867718 0.6329494709 0.0688077656 0.3006589341
0 0.8247814159 0.1780105146 0.0631871662 0.2975275000
0 0.3170424642 0.0994287231 0.0537915708 0.1725728363
0 0.5919098563 0.1164822914 0.0581165775 0.1499879173
0 0.1333276301 0.1513813333 0.0528641299 0.2167875775
1 0.6859047544 0.6985888721 0.0187343215 0.0378977151
