1 0.0775211164 0.6224726860 0.1501285158 0.1843188260
1 0.6017192502 0.3936778794 0.3727034056 0.1596785439
1 0.7435211920 0.6377257315 0.1724940547 0.1973855261
1 0.4700790755 0.7048077807 0.1356684004 0.2661950723
1 0.3095983137 0.6933583890 0.1164309365 0.2303302130
1 0.2329777471 0.4011597395 0.1326910540 0.2145838083
1 0.0841522016 0.4163222428 0.1098158518 0.2050802696
1 0.8685123753 0.3367653324 0.0741030367 0.1529186785
0 0.2559366244 0.1311863543 0.1246706069 0.2508414027
0 0.4167284082 0.1483388968 0.1048194994 0.2869646268
0 0.6472226620 0.1393090785 0.0897452916 0.2649518731
0 0.0908761684 0.1405483159 0.0630448986 0.2621317888
0 0.1447856168 0.8210027938 0.1095102574 0.1805006283
0 0.3158944042 0.7927765731 0.0983744253 0.1733891452
0 0.5070139536 0.8440441569 0.1348829654 0.2346607017
0 0.7838284232 0.8241272466 0.1204048436 0.1703206249
