1 0.6464159828 0.3621109316 0.2046726975 0.2384652567
1 0.6318068724 0.3485263389 0.2252636479 0.2438820858
1 0.8056164469 0.6927995925 0.3395161241 0.2154992840
0 0.5066153679 0.4405077326 0.2098679481 0.3942059818
0 0.8283048848 0.3790115766 0.2357975959 0.3300817912
0 0.5137733108 0.4274393171 0.1354742706 0.2382690430
0 0.0968943802 0.3926425601 0.0872854597 0.2771941524
0 0.2882858963 0.3891039548 0.1227451567 0.2630395672
0 0.5220662930 0.4398425928 0.0906297552 0.2180910866
0 0.2975209765 0.3865706681 0.0945638705 0.1582987331
0 0.0925224411 0.4201406492 0.0245754520 0.1904085710
1 0.6455632588 0.3580773885 0.2477088924 0.2608798648
