1 0.4569779575 0.2106533912 0.0483974797 0.1303505190
1 0.3113822370 0.2369337266 0.0766292987 0.0756873838
1 0.5271542615 0.6768667160 0.0613034692 0.0725337367
1 0.5634523902 0.5696429099 0.0306517346 0.0346900694
1 0.3162219737 0.5791038267 0.0137125903 0.0515094388
1 0.5295741393 0.2232679613 0.0596901922 0.0819946658
1 0.8635167037 0.1481061628 0.0645298722 0.0788410310
1 0.9066710897 0.6069609611 0.1040545926 0.0378436673
0 0.4404421325 0.7404652011 0.3218431756 0.3405933503
1 0.3154939708 0.5790114126 0.0334886608 0.0625161940
0 0.2811001693 0.6934276704 0.1294292790 0.2040619389
0 0.5612285916 0.7329426181 0.1031814046 0.2453462170
0 0.8970206988 0.1278337171 0.1267139699 0.1863688561
0 0.8942524372 0.0696845439 0.0775475832 0.0800290169
1 0.9321874864 0.7391316568 0.0845787879 0.0924469979
1 0.8441982458 0.6937970561 0.0668445247 0.1546709614
1 0.8680712634 0.1408928041 0.0654803739 0.0728909154
1 0.1157291478 0.1017805869 0.0641161947 0.1084474687
1 0.9594709566 0.2680074507 0.0491102615 0.1102252837
