1 0.5811119434 0.2090765778 0.1174105523 0.0893531873
0 0.2865778306 0.8127705123 0.0746085247 0.1417018976
0 0.2993200249 0.7333416954 0.0586654994 0.1901296634
0 0.6308638534 0.7529659455 0.0589540275 0.1912569984
0 0.8303466041 0.7269074419 0.0591187657 0.1871792710
0 0.8090655159 0.1222082457 0.0432289903 0.0791919316
0 0.6358637098 0.1788480090 0.0771475683 0.1461102893
0 0.2047316891 0.2349384099 0.2995711099 0.2087235282
1 0.1882435565 0.4679991057 0.1709809672 0.0534170954
1 0.4569856343 0.6429115860 0.2777823717 0.1380124107
1 0.5117098498 0.3066570307 0.2710684667 0.2134312694
1 0.7638616320 0.2723492564 0.1346502062 0.2363171102
