1 0.6307780473 0.3049012873 0.0379033677 0.0809434606
0 0.6007849083 0.8020851269 0.1741443293 0.1472494092
0 0.8299937408 0.8102781724 0.0894255473 0.1476621974
0 0.6113720817 0.6939816789 0.1418111050 0.3675799158
1 0.4230138713 0.5807389148 0.1025899199 0.1300788150
0 0.3428864959 0.1595599866 0.0545555355 0.0568904748
0 0.6129363084 0.2048945831 0.1036554670 0.0977805075
0 0.8120639941 0.1888941307 0.0763777623 0.1084474484
0 0.2937865250 0.7160199090 0.0927444009 0.0853357328
0 0.6170279641 0.7622433813 0.1527554616 0.0604460807
0 0.8304764763 0.7737992750 0.0586471912 0.0906691622
0 0.6140292064 0.7854231453 0.1298047304 0.0516133982
0 0.8353302995 0.7814794774 0.0533517218 0.0409527826
