1 0.8805578628 0.2005972172 0.0742096098 0.1251519501
1 0.6805902991 0.7117210216 0.1157194081 0.2154987985
1 0.8849199125 0.2066127740 0.0857780381 0.1429650653
1 0.7189746139 0.7453279158 0.0481250876 0.1120572105
1 0.8905903278 0.2469681988 0.0917100057 0.1627778424
1 0.9141988471 0.6291422951 0.0444929671 0.0967230597
1 0.3671170036 0.7482767626 0.0272406021 0.0613365541
0 0.4002597544 0.7930996518 0.0971581487 0.2665782082
0 0.1178656191 0.7659700154 0.0953420696 0.2901691792
0 0.5582551295 0.7866121396 0.0662854261 0.2252939598
0 0.7493932743 0.7524052218 0.0799057460 0.3243760971
1 0.5337385990 0.2151203523 0.0408608843 0.0613365909
0 0.5568931315 0.1932986894 0.0889858208 0.1498027814
1 0.7648295790 0.1620406246 0.0290566624 0.0731320887
0 0.7312328981 0.1449372055 0.0908020322 0.1851892931
0 0.7595362522 0.6714020511 0.1329716597 0.3655094748
1 0.9072179133 0.6670753013 0.0812984504 0.2588797321
0 0.5792352280 0.2204234255 0.1567096521 0.2312436364
0 0.3827478012 0.6533559082 0.1046184880 0.3904635316
1 0.7103099256 0.7509725393 0.0584722840 0.1069159308
1 0.8545334693 0.2322254978 0.1122503753 0.1570184836
