1 0.6839814585 0.2150225037 0.0386203709 0.0420485701
1 0.4502472525 0.2491869508 0.0281607341 0.0494070506
1 0.8119117474 0.2670575707 0.0547123049 0.0536119211
0 0.6626597813 0.7895108359 0.4610316836 0.2806740697
0 0.8030372582 0.7677393550 0.0920876940 0.0861071512
0 0.5213573813 0.7695087117 0.0830594519 0.0872866568
0 0.3353763731 0.7795348532 0.0686143584 0.0625161549
0 0.1602292413 0.7801246305 0.0505579211 0.0613366002
0 0.1457841103 0.1915293822 0.0469466618 0.1179549692
0 0.3069375419 0.1850418435 0.0586833296 0.1214936088
0 0.4762163585 0.1826827463 0.0505579305 0.1191345239
0 0.7014699851 0.1773747807 0.0604889968 0.1014412399
1 0.6149435748 0.3089945663 0.6866269793 0.2489242738
1 0.7019224684 0.6637417340 0.5292366291 0.2513293683
1 0.1525604126 0.6245814697 0.0425810509 0.0803585528
0 0.5239616544 0.7937979541 0.0780652051 0.1560809871
0 0.8054695693 0.7852985508 0.0780652427 0.1205377065
0 0.3400352553 0.7628908902 0.0579575036 0.1498994958
0 0.1496683553 0.1554813861 0.0812419929 0.1740983455
0 0.3044903008 0.1705158752 0.1105652607 0.2003901045
0 0.4786700733 0.1794636819 0.0982283043 0.2004399564
0 0.6975867737 0.1669797675 0.0825789879 0.1668134952
0 0.1636433813 0.8469423645 0.0708802134 0.2056754642
0 0.3383522597 0.8301305917 0.1388833182 0.2168190205
0 0.5174841106 0.8030323081 0.1091663755 0.1999523995
0 0.8081759749 0.8168229144 0.1424288444 0.1726149346
