0 0.8962198683 0.7595528838 0.0779928412 0.2249352650
1 0.5425503471 0.2348313075 0.0646365773 0.0840970932
1 0.9037074570 0.5675404661 0.0274704862 0.0620216041
0 0.7024398993 0.7868704847 0.0476187083 0.0907719110
0 0.8884849233 0.8200094572 0.0985595451 0.1599316341
1 0.6920167907 0.1736185166 0.1106861209 0.0591203115
0 0.8955242062 0.7993026856 0.0279094601 0.2289653901
0 0.7145654032 0.7497530496 0.0265658670 0.2090397086
0 0.8912704720 0.8230597793 0.1244804445 0.1831240910
0 0.6989155919 0.7832283102 0.0705494526 0.1671743085
