1 0.1973466018 0.5613182083 0.0390988078 0.0460023656
1 0.5460533352 0.6887094976 0.0400079596 0.0436432972
1 0.9215836196 0.6698367254 0.1127500005 0.1592391629
1 0.8928984567 0.6849185454 0.1189429331 0.1885522510
0 0.0401186995 0.3383221296 0.0715268018 0.1219072990
0 0.1686189136 0.5376103086 0.1018754436 0.5286287925
0 0.3388917091 0.6454438015 0.0393116399 0.1375366703
0 0.1828363477 0.5357235240 0.0369291488 0.1220831598
0 0.0664929953 0.2614836215 0.1068462611 0.3542593293
0 0.2146885201 0.4039818893 0.1357980019 0.3232476876
0 0.3537176200 0.4449364278 0.1064104443 0.3707158205
0 0.5149204379 0.5080064724 0.1337441009 0.4193968372
