1 0.5860540274 0.2304420190 0.0273555917 0.0377790834
1 0.6022964021 0.3376679859 0.0170972133 0.0233341578
1 0.6228130959 0.3537796399 0.0239361742 0.0844473989
1 0.3159173546 0.3043334879 0.0324847809 0.0455571564
1 0.5676744774 0.7443487422 0.0641146917 0.1055592998
0 0.1803261173 0.1943109565 0.0293511705 0.0631869218
0 0.3550572036 0.2217316963 0.0265994549 0.0536492474
0 0.6091281509 0.2390186865 0.0376062226 0.0572258830
0 0.1395096676 0.6926530701 0.0394405999 0.0941842461
0 0.3247888209 0.7170932701 0.0504472888 0.1025296882
0 0.6160072665 0.7361685576 0.0366889316 0.0906076105
0 0.9361183001 0.6837116449 0.0898878414 0.1049141529
1 0.6007349351 0.6342796771 0.2220404185 0.2188609358
