1 0.8227506906 0.3583659119 0.0483587596 0.0896097004
1 0.7671742085 0.3536987305 0.0483587596 0.0933434251
0 0.1281105605 0.3137085277 0.1977252684 0.3313057287
0 0.5091642269 0.3497342586 0.0723328393 0.2393034767
0 0.7995049658 0.3584877886 0.0750020555 0.2278457061
0 0.9764390425 0.3211200029 0.0450156976 0.1810867422
1 0.5344987980 0.1658097893 0.0170274214 0.0317958508
1 0.3749105911 0.1545706439 0.1917002654 0.1546973188
0 0.5196373837 0.3285382818 0.0852760441 0.1528999976
0 0.7936274316 0.3572676970 0.1234108791 0.2445907848
0 0.9728080182 0.3573625523 0.0543839636 0.1736328288
