0 0.4698129754 0.7603300155 0.1200874447 0.0705489558
0 0.4930693541 0.1733409152 0.0938711633 0.0694466037
0 0.4831692061 0.2001853740 0.0805980387 0.0741579858
0 0.7197481421 0.1841178075 0.0758569109 0.1235966594
0 0.2328412035 0.2094551314 0.0616337921 0.1100010414
0 0.4580415802 0.7285611181 0.1043033375 0.1544958427
0 0.1555619089 0.7229992833 0.0682712803 0.1038211949
0 0.0811272494 0.1204655503 0.0559445219 0.1273045636
1 0.2020316771 0.7496416709 0.0467691427 0.0997640565
0 0.4832858154 0.8447199122 0.1611446038 0.2287720810
1 0.1260035559 0.7393688236 0.0378746387 0.1129684879
0 0.1676963310 0.8512455507 0.1157063487 0.2194367071
0 0.7633309474 0.7521544326 0.1429836403 0.1389281832
1 0.4524689382 0.2137968481 0.0371485660 0.1123372864
0 0.4888893907 0.1136455767 0.1046810375 0.1857633306
0 0.2475136016 0.1100661930 0.0845537215 0.1922774357
0 0.0895507080 0.0554154452 0.0802523634 0.1108308904
0 0.7376446703 0.0837064347 0.1603226889 0.1674128695
