1 0.3013152888 0.5924082324 0.0864801772 0.0904044001
1 0.0847106787 0.7469366632 0.0848637405 0.1387601895
1 0.7078530367 0.5062087203 0.3418796384 0.3216714399
1 0.4855908935 0.1761276024 0.1834673416 0.2249597629
1 0.7737234750 0.1456423802 0.4396750093 0.2649058529
1 0.3015241116 0.5837296121 0.0643896945 0.1096980840
0 0.4442285413 0.4537505490 0.2697071882 0.2588522810
0 0.2006294948 0.3701369049 0.1270002877 0.3310861005
0 0.1532584616 0.1479720054 0.1358609854 0.2702630900
1 0.0385175618 0.8000290800 0.0513100972 0.1441383975
0 0.1312579142 0.1831241221 0.1296127942 0.1680805967
0 0.2187701391 0.3579743192 0.1457818011 0.2211521799
0 0.4529434789 0.4657729048 0.1634724432 0.2618868665
