1 0.5618139231 0.4573272681 0.0592459922 0.0367925127
1 0.1300484225 0.2554942321 0.0511301171 0.0536119211
1 0.3008879573 0.2975427776 0.0308404010 0.0620216376
1 0.5857558162 0.3317072309 0.0340867700 0.0441509808
0 0.7295010395 0.3418813078 0.3511590235 0.3153438062
0 0.5708840696 0.7540184260 0.1683583893 0.1997556924
0 0.8440584740 0.7923100564 0.0975098414 0.1570209678
0 0.1002682017 0.7389724498 0.1221634432 0.2010398368
0 0.2712056036 0.7570720252 0.0560493801 0.1665264937
0 0.1798027939 0.2254633884 0.0968705835 0.1881100324
0 0.3480068325 0.2574694780 0.0801764068 0.2275941316
