1 0.5203730187 0.3595090194 0.0791791853 0.1022257584
1 0.6116012375 0.3778429898 0.0705727382 0.1011146412
1 0.7144481713 0.3411750368 0.0387290120 0.0788916386
1 0.6266625200 0.7311885901 0.0387289744 0.0433349123
1 0.6542030792 0.7117434415 0.0335650382 0.0844473953
1 0.3568507873 0.6906316048 0.0275405780 0.0688912180
0 0.3147011015 0.8205624813 0.1037900193 0.0735221510
0 0.6352561305 0.8229341887 0.1166489279 0.1826195238
0 0.8736057670 0.7671996486 0.1194044447 0.2039646958
0 0.9002421652 0.2549163052 0.1194045201 0.2253098070
0 0.7271057091 0.3094649855 0.0982791177 0.1992212810
0 0.5649912070 0.3165800347 0.0698056707 0.1541593269
0 0.2807167529 0.3278455232 0.0725611686 0.1458584483
1 0.0962749714 0.2697852711 0.0358025196 0.0675574490
0 0.2745990529 0.2946748505 0.0261633851 0.0711130875
0 0.5493145213 0.2804522355 0.0605888720 0.0675574490
0 0.7248845421 0.2564515718 0.0812441641 0.0515569903
0 0.9052741915 0.1906719603 0.0839982483 0.0693352439
0 0.3365649388 0.8022445362 0.0729820435 0.0586683161
0 0.6326242297 0.8360232120 0.0895062659 0.1013361735
0 0.8522589190 0.7817995111 0.0688510492 0.0817801006
0 0.0390979281 0.2582489938 0.0741969876 0.0543305855
0 0.8901484809 0.1889060110 0.0863785817 0.0328842966
1 0.8286867572 0.4641333037 0.1162788716 0.0486115816
1 0.9023300275 0.4148068709 0.0686599138 0.1158099258
1 0.8668926915 0.5785135029 0.0376522448 0.0600496380
1 0.9554861445 0.5420548288 0.0797340812 0.0729173481
