1 0.2596771572 0.7854325728 0.0434737733 0.0507206670
0 0.6829455907 0.6375389228 0.2911604178 0.3747406520
0 0.2302599397 0.7834789135 0.0761768298 0.0727535774
0 0.2662323535 0.2108200330 0.0854873421 0.0650372952
0 0.0935648531 0.1871199945 0.0821017016 0.0595256459
0 0.7448767708 0.8027695987 0.1049547166 0.0628326724
0 0.4270501122 0.8016672667 0.0956442359 0.0826744825
1 0.4000375584 0.4677398373 0.0771299755 0.1159046931
1 0.1917866467 0.4499677767 0.1067953337 0.0803605719
0 0.2558638564 0.2312942556 0.0688236714 0.0880875610
0 0.2380646446 0.8069542676 0.0545842704 0.1576304221
