0 0.5537846659 0.4855715844 0.1132651466 0.3974419871
0 0.2875465121 0.5033296359 0.1458125620 0.3044236296
0 0.8004943248 0.5430738182 0.2291340599 0.4245018498
0 0.4960930238 0.4261522293 0.3358227552 0.6370355545
1 0.5459082732 0.5808573487 0.0350695125 0.1047821045
1 0.3323346260 0.5530673201 0.0259514664 0.1603621616
1 0.0826393005 0.4756196750 0.0175347799 0.1603622026
1 0.6132418124 0.6382597646 0.0462918032 0.1193605649
0 0.5658979342 0.5234549943 0.0848683901 0.3271024560
0 0.3018240734 0.4938426684 0.0799586123 0.2095642090
0 0.8166453386 0.4792643106 0.2300563759 0.0838255934
0 0.8127610019 0.5635430941 0.2428366892 0.3745177074
0 0.8142879543 0.5080021479 0.2159447825 0.0791224408
0 0.5684430813 0.4921776556 0.0609075287 0.1827009468
0 0.2954666919 0.5058442598 0.0753038370 0.0978241377
0 0.0457458940 0.4691602235 0.0697667891 0.1596834736
