1 0.4792849676 0.5769329649 0.0965618755 0.1949488784
1 0.0743556079 0.2400954841 0.0726528710 0.2213084006
1 0.1238613277 0.5576893200 0.1118668983 0.2039268006
1 0.7725172097 0.5543928872 0.1847246195 0.1998765322
1 0.2663408462 0.2490468805 0.1016704076 0.2054429077
0 0.7616328907 0.6406876381 0.0690398145 0.1130591396
0 0.4920041580 0.6637857251 0.0634420863 0.1227846499
0 0.3110077141 0.6528445054 0.0671739366 0.1738436201
0 0.1253463863 0.6467661026 0.0634420548 0.1543926817
0 0.7009897789 0.1902745102 0.0466485864 0.1264317574
0 0.4677468628 0.2243138169 0.0597101414 0.1312945125
0 0.2825520754 0.1799411504 0.0681069229 0.1641181612
0 0.7005552780 0.0841237990 0.0861705376 0.1596739721
0 0.4688897027 0.1024478418 0.0809124929 0.1645012480
0 0.2954765931 0.0724768465 0.1295390442 0.1433207548
1 0.1001019618 0.6558289602 0.0517037956 0.0772063079
1 0.1508064369 0.6794085056 0.0269667830 0.0463032013
1 0.2758527416 0.6807007658 0.0345642248 0.0833311139
1 0.3265230716 0.6933796995 0.0341253079 0.0744085961
1 0.7925910575 0.6800187133 0.0470269097 0.0855859622
0 0.1365375174 0.7901155722 0.0673377458 0.2548092004
0 0.3115912859 0.8285099530 0.1381820166 0.2976093947
0 0.4933334784 0.8122959741 0.1194581340 0.2739900634
0 0.8064999129 0.8126017458 0.1840923142 0.2830390904
0 0.9223754252 0.0587577740 0.0947417661 0.1000089812
1 0.3233626964 0.1306846131 0.0529393080 0.0657019618
0 0.8509541041 0.2915449765 0.1372823553 0.1089351975
0 0.8245536706 0.5277623443 0.0721612817 0.0401340472
1 0.5583491362 0.7857667660 0.0360806408 0.2602978022
1 0.4131466415 0.7742998836 0.0501608363 0.2580043600
1 0.6969514911 0.8270474521 0.1249620857 0.3359790121
1 0.3753059959 0.1814631041 0.0554409293 0.1593893957
