1 0.4547599899 0.6500746614 0.0351056771 0.0588908862
1 0.3575772602 0.6289628142 0.0256871086 0.0855584914
1 0.7249022869 0.5878502836 0.0256870453 0.0477794114
1 0.3682802221 0.3172853224 0.0385305996 0.1000034578
0 0.3798602918 0.2022278386 0.0589085978 0.0960026608
0 0.6367291491 0.2191171954 0.0547986971 0.0942248273
0 0.8052351412 0.1933387069 0.0602785858 0.0853357110
0 0.4230142650 0.7817995215 0.0849379584 0.1137809343
0 0.7408466547 0.7409094944 0.0438389198 0.0924470143
0 0.9004478672 0.7275757533 0.0424690266 0.1084474543
0 0.3671577094 0.1006417941 0.0731037758 0.2012835882
0 0.0976990562 0.0986996620 0.1723417068 0.1973993240
0 0.0778116851 0.8110863060 0.1556233703 0.2357964464
0 0.4123476365 0.8785487349 0.1768536481 0.2147338211
0 0.7262123460 0.8576685998 0.1069131117 0.2779202205
0 0.9128524488 0.8356354416 0.0867533039 0.2652587891
0 0.6111823486 0.1069959915 0.0512434862 0.1937508763
0 0.7905330016 0.0894967119 0.0686688179 0.1427523769
1 0.2612603700 0.1777859913 0.0495843793 0.0706511569
1 0.5027839428 0.1854064080 0.0757803776 0.0760531682
1 0.2661894725 0.7835236416 0.1147876583 0.1415152601
0 0.4322690564 0.8432222592 0.0928769855 0.1909696517
0 0.3665984365 0.1659418716 0.0853718106 0.1824550065
