1 0.2734453178 0.3448473910 0.0805281651 0.0641240221
1 0.0850450563 0.6129059158 0.1157617875 0.1528931648
1 0.1245402536 0.3862329525 0.0667332685 0.0764465578
0 0.1946782760 0.8298008355 0.0735427762 0.1173366205
0 0.3898926723 0.2350890892 0.0674869113 0.1474436991
0 0.2416361020 0.2233812208 0.0749356682 0.1489324700
0 0.1847874206 0.7569652376 0.0451958550 0.1185672585
0 0.3807935550 0.7494108460 0.0702595275 0.1175792857
0 0.5751390810 0.1973707028 0.0801036317 0.1037848977
0 0.9301338102 0.8098892347 0.1249953282 0.2146692022
0 0.6479341860 0.8154208347 0.0856220010 0.1731177368
0 0.3687180602 0.8130619808 0.1138545095 0.1498340296
0 0.1945636561 0.8550499387 0.0899513056 0.1844445535
0 0.2339015914 0.1072893035 0.0971323837 0.1848772358
0 0.4043991277 0.1065119394 0.1084608290 0.1982110359
0 0.5825980292 0.1097476300 0.1082265218 0.2075834666
0 0.8302414129 0.1103804129 0.0933962975 0.1953054569
