1 0.4522465320 0.2961524195 0.1028285696 0.1572855290
1 0.4540235819 0.2733648774 0.1432007403 0.2617522477
1 0.3411620116 0.3590387844 0.0647235271 0.0904044337
1 0.7946309492 0.7322197216 0.3729690678 0.4835584397
1 0.3376430480 0.3672822888 0.0535610609 0.0684139380
0 0.1004548171 0.4241860614 0.0869601265 0.3445034770
0 0.6765045292 0.4579767419 0.0894250791 0.2527304835
1 0.4535492274 0.2726543964 0.4236349153 0.3990377132
0 0.3992597722 0.4354700281 0.0784943005 0.2751042923
1 0.4607668159 0.2612382108 0.1318363158 0.2520379188
0 0.6669704343 0.4237346060 0.0891591222 0.1781393371
0 0.4027859869 0.5146447303 0.1330970260 0.2152764442
0 0.0997299064 0.4717753673 0.0960408558 0.2611659312
