1 0.2659527950 0.6668801831 0.0870615547 0.1282481040
1 0.5851785427 0.2111789888 0.0999595817 0.1755527004
1 0.7101279632 0.3000065588 0.0822247356 0.0946092421
1 0.8814296781 0.6810715706 0.1975007821 0.1923720821
1 0.2528660384 0.6818258470 0.0516104335 0.1220386136
0 0.7611879102 0.5344025889 0.2577902677 0.5016840289
0 0.4537878561 0.7549625028 0.1081415388 0.1227847192
0 0.7833398407 0.7446291031 0.0755126802 0.1240004017
0 0.5428181626 0.1884509487 0.0624610840 0.1641181577
0 0.7880011602 0.1234115385 0.0512740608 0.1069807422
0 0.9338989258 0.1106468262 0.0671222901 0.1057650043
