1 0.0812225470 0.1625442658 0.1266697805 0.0862533805
1 0.7233459694 0.2269471934 0.1176940507 0.1103774339
1 0.1571971611 0.2421898026 0.2499983682 0.1576820747
0 0.3166810899 0.3385747939 0.0746802750 0.1601329780
0 0.6002106234 0.3507772506 0.0703136379 0.1658411979
0 0.7806594035 0.3630128959 0.0385876838 0.2062016058
0 0.9543319220 0.3840955994 0.0587650657 0.1778583079
1 0.6368658223 0.1939053833 0.1634680789 0.2373697190
1 0.6140943040 0.3245007562 0.0870920159 0.1336014950
1 0.9604980532 0.3717763531 0.0790038936 0.0696121717
0 0.4773416702 0.5649521723 0.2169516913 0.4490639311
0 0.1619025003 0.5383570548 0.1034606586 0.4123429542
0 0.3097296171 0.3444393166 0.0770444470 0.2192708661
0 0.7834103474 0.3512145976 0.0922630306 0.2057204678
0 0.5984085533 0.3524464352 0.0247303327 0.1392000890
0 0.7864361234 0.3353338517 0.0506171410 0.1513614770
