1 0.1702024245 0.3460440821 0.0575391119 0.0777971716
1 0.1809607656 0.3572867374 0.0635782666 0.0888920112
1 0.7896799465 0.4867356883 0.0403807580 0.1500052023
1 0.5138876202 0.8984166497 0.0902124632 0.1688947639
0 0.7326636084 0.3426617514 0.0403436365 0.2087039000
0 0.9032072058 0.3479979445 0.0550140555 0.2075180975
0 0.4860172638 0.3373255634 0.3410871631 0.3664176275
0 0.3695708326 0.8217320794 0.1081943007 0.2513933220
0 0.6822340628 0.8241036844 0.1173633522 0.2656231157
0 0.8614882037 0.8086880473 0.0614323440 0.1778726667
0 0.9027308339 0.3525691090 0.0526399241 0.1957261054
0 0.7368210306 0.3300788419 0.0460599732 0.2018045515
1 0.8124909730 0.4990598128 0.0676798481 0.1580396819
0 0.8519708686 0.8078450248 0.0526399241 0.2163928141
0 0.6672611286 0.8072371720 0.1118599259 0.1932947351
0 0.3716313788 0.8206097699 0.0977598862 0.1787064315
1 0.5098112509 0.9069237216 0.0620399400 0.1398043434
0 0.4726813039 0.3288631670 0.2603797774 0.3160794252
