1 0.3373418940 0.7621792902 0.0581706963 0.0746361184
1 0.2444304570 0.7437830140 0.0937193502 0.1156335115
1 0.4027838565 0.2770441151 0.0468596279 0.1408626784
0 0.5837591568 0.7621792902 0.4492065883 0.3206201821
1 0.2363256606 0.7400199411 0.0861231927 0.0825684282
1 0.4103851318 0.2858933404 0.0498607371 0.1179549114
1 0.8378280791 0.2292749586 0.0398885897 0.0825684650
0 0.0929607714 0.2233230665 0.1649182421 0.1463129655
0 0.3729504123 0.1832888445 0.0728526351 0.1395239101
0 0.1972340310 0.6884496078 0.0533620249 0.1540403013
0 0.4397156026 0.7632243084 0.0485298610 0.1426901211
0 0.7240861572 0.7475212208 0.0537862494 0.1724002857
0 0.9053848191 0.7429977147 0.0531807323 0.1596401540
0 0.6309600679 0.1869919450 0.0551360480 0.1309033945
0 0.8119270023 0.1724956408 0.0978155608 0.1254340401
0 0.9601795083 0.1777567656 0.0502460593 0.1726060336
1 0.3072688792 0.8300634068 0.0375774875 0.0727876672
1 0.6060202381 0.8462557585 0.0439599292 0.0539309491
0 0.7299707620 0.7603181602 0.0398294430 0.2133891771
0 0.7973292889 0.2016956802 0.0902018028 0.1508966590
0 0.6292258348 0.2001714722 0.0773158687 0.1691871557
0 0.4576080624 0.7565076401 0.0339721075 0.1935744723
1 0.2731042900 0.2344661780 0.0726300419 0.1280335382
1 0.2411122747 0.7322903939 0.0885709442 0.0755043705
0 0.4384522957 0.8257953441 0.1374498500 0.1490993530
0 0.7172460650 0.7914634864 0.0978714594 0.1236085262
0 0.9061404691 0.7835287441 0.0700283239 0.1474670312
0 0.6395153952 0.1985942699 0.1064358324 0.1489674051
0 0.8120285638 0.1972377734 0.0861878348 0.1445378105
0 0.3869694247 0.2001217214 0.1023327667 0.1546710962
0 0.1066844393 0.1740102845 0.2133688785 0.1121050455
0 0.9726374787 0.1671685850 0.0547250427 0.0937367315
