1 0.4893505054 0.6902119192 0.1523054341 0.0625760032
1 0.4789587352 0.6912226381 0.3155585426 0.1408628758
1 0.4134802801 0.2544426804 0.5695831609 0.3458498420
1 0.1298227486 0.6970043405 0.2596454972 0.0452022541
0 0.6491039318 0.6390717922 0.0976230298 0.1084033518
1 0.4752128995 0.6831106832 0.1444007620 0.0799475015
1 0.8209611393 0.8253901223 0.3274439287 0.1314391152
1 0.1904790269 0.8938197609 0.3233763318 0.1138235513
1 0.4747309667 0.7203730400 0.2605777191 0.0611465726
1 0.5051015312 0.7341230377 0.4192504320 0.2595530336
0 0.6293525837 0.5809561572 0.1127844103 0.1601417321
0 0.3168842555 0.6105209004 0.1016909328 0.2069523207
