1 0.4132830407 0.6754541288 0.0635283919 0.1177359097
1 0.3031135275 0.6612627543 0.0828281434 0.1271968535
1 0.2444100813 0.8278801588 0.1471606798 0.1892184632
0 0.2850200086 0.7301172518 0.4117283151 0.4373049018
0 0.2393057800 0.8435704388 0.0513996408 0.1277444802
0 0.4465478944 0.7151557876 0.0671575247 0.3535606699
0 0.9443088878 0.7134191499 0.0413513184 0.3147099177
0 0.8955679649 0.2164481689 0.0610737446 0.1272112159
0 0.7025336273 0.1601255418 0.0911925765 0.1386047920
0 0.4077367073 0.1173570647 0.0497933695 0.1369879940
1 0.2017167541 0.3476925270 0.0752728833 0.1180153485
1 0.3094313913 0.5352920439 0.3306030715 0.2392972937
