0 0.4656771634 0.2378136500 0.0715375424 0.1628536864
0 0.7236702824 0.1968703916 0.0896867120 0.1691141628
0 0.8809532874 0.1408825919 0.0979464441 0.1787456436
0 0.7497140818 0.8516060848 0.0948369769 0.1461737102
0 0.5101406095 0.4932555845 0.6479110203 0.6041588905
1 0.5289261347 0.3850842265 0.1775870924 0.1706495656
0 0.5959379694 0.7915726220 0.4175546802 0.3422340751
0 0.7483998780 0.8659535248 0.0575859573 0.1002551188
0 0.4538257007 0.8287159350 0.0664453036 0.0973906447
0 0.1930278863 0.7878977526 0.0498339698 0.0644496841
0 0.4643462042 0.2035536900 0.0741972436 0.1074162016
0 0.7240366201 0.1820704467 0.0930234694 0.1074161914
0 0.8884887379 0.1441167230 0.0874863423 0.0859329531
0 0.1371030867 0.1777737970 0.2436327843 0.1732981125
