1 0.6010056960 0.2791465350 0.0284719550 0.0462534090
1 0.8922336205 0.2418284359 0.0170831881 0.0304852036
0 0.9111860575 0.3142901895 0.0730889567 0.0658274422
0 0.6227060765 0.3336090992 0.0631223014 0.0586722796
1 0.6957950710 0.1110837767 0.1517150198 0.0686894975
0 0.2204558929 0.2513844205 0.1769947870 0.0849967816
1 0.4225647653 0.3665164187 0.0837137631 0.0989053694
0 0.9034463913 0.3775155134 0.1010333774 0.1916501463
0 0.6134366174 0.3743976993 0.1159734147 0.1237571356
0 0.3352234000 0.3321239633 0.1197545691 0.1130470050
