1 0.3272368723 0.2565454455 0.0951126146 0.1482211661
1 0.2075400731 0.2943891420 0.0959186534 0.0620215969
1 0.2563054466 0.6801845915 0.0548106569 0.0662264715
1 0.5231043576 0.6560066808 0.0257932429 0.0599191904
1 0.5496447930 0.6941460344 0.3777894137 0.4362470542
1 0.8033508049 0.7610408326 0.1603305372 0.3318833034
0 0.5167132241 0.7330800771 0.0736401758 0.1446670388
0 0.2477866804 0.7695507599 0.0671151617 0.0936081323
0 0.0506360090 0.7841390659 0.0475398813 0.1252161285
0 0.5022648358 0.1416468896 0.0559292725 0.1604710729
0 0.2603707879 0.2139804476 0.0475398832 0.1033336696
0 0.0921168844 0.2437648542 0.0447433991 0.1094121099
1 0.6956868993 0.0863330104 0.0773687687 0.0984709343
