1 0.3814117923 0.6917479484 0.0492650520 0.0641240274
1 0.5518204548 0.7516671458 0.0266516023 0.0304851901
1 0.5364756342 0.8841200798 0.0266516023 0.0452021445
1 0.2622872758 0.3101573329 0.4603456807 0.5434775076
1 0.4616997777 0.7652659755 0.1710849086 0.2967464324
0 0.8382826265 0.8184655712 0.2833976509 0.1399146788
1 0.2703265695 0.7520625453 0.0211723356 0.1201536117
0 0.8627282654 0.6655298541 0.2371300528 0.2314887262
0 0.7815388392 0.8516098269 0.0784549075 0.2018045241
0 0.5699906473 0.7494919069 0.0326895826 0.1215689874
1 0.2202124235 0.8236490065 0.2540445812 0.1726279966
