1 0.6362409986 0.3133109862 0.0721015615 0.0851483383
1 0.5094557518 0.6039716092 0.0745319335 0.0336388391
0 0.1393072861 0.2130836200 0.0523069161 0.1755575022
0 0.3168403373 0.2362989574 0.0660473532 0.1513926734
0 0.4936030995 0.2152516056 0.0473678841 0.1277589772
1 0.6879481481 0.2796530072 0.0989273324 0.2206983285
0 0.9528204232 0.2471092572 0.0687685249 0.2290585597
0 0.7063179016 0.6617566842 0.0672826215 0.1152058619
0 0.4341488988 0.7291069951 0.0760844838 0.1376733857
0 0.2499677091 0.7134943494 0.0658809094 0.1579614389
0 0.0849993367 0.7332192183 0.0382179702 0.0913446749
1 0.5268249985 0.5862328987 0.1949170641 0.0952766971
1 0.5892928257 0.3563030437 0.0876515917 0.0888220043
0 0.7247938992 0.1835882018 0.0421598450 0.1373729655
0 0.4919779439 0.2322157893 0.0637082187 0.1641181557
0 0.3228701757 0.2364707057 0.0496548739 0.1993731481
0 0.1476726808 0.2060784706 0.0552762323 0.1604710904
0 0.7154250657 0.6710798453 0.0590237074 0.1300788041
0 0.4357648014 0.7270016299 0.0618343826 0.1276473794
0 0.2507300259 0.7263937942 0.0627712849 0.1677651904
0 0.0825591639 0.7300408494 0.0299803127 0.0802355401
1 0.5851980004 0.7446291517 0.1321007910 0.1264317899
