1 0.7073717401 0.2379849568 0.0226219102 0.0483558397
1 0.2096896691 0.2074997452 0.0597864850 0.0925068018
1 0.3498647331 0.1896291109 0.0541310074 0.0735849451
0 0.5736600479 0.3304917709 0.4726363456 0.3111592660
1 0.7069387530 0.2293141560 0.0476014543 0.0894541226
1 0.1854424477 0.1886679792 0.0951981025 0.1319453167
1 0.3336159923 0.1523778488 0.0918045422 0.1476746711
1 0.5666924278 0.2081643687 0.3023410457 0.2642156137
1 0.2533844107 0.1951087546 0.3233814428 0.2775875958
1 0.8237917305 0.1953671620 0.2071722050 0.2305829759
0 0.2588996982 0.2405690118 0.1031144586 0.2204800174
0 0.4373228432 0.2991670986 0.1072733284 0.1855084209
0 0.1014654495 0.2420290273 0.0629869263 0.1941144762
