0 0.8218659788 0.7737425732 0.1543997043 0.4068197025
0 0.2560033123 0.7826779478 0.1657168997 0.2838277099
0 0.5566949258 0.7745678809 0.1056228362 0.1753723801
0 0.2623279187 0.7810136118 0.1357398218 0.1871341992
0 0.2976393904 0.2199043664 0.0717763659 0.1727598662
0 0.5668672783 0.1797882921 0.0799186450 0.1193107892
0 0.1310768936 0.2072336392 0.0998091666 0.1783744135
0 0.0611688737 0.7297171316 0.0799370029 0.1527688631
0 0.2541251249 0.8639287231 0.1268492233 0.2324925084
0 0.0587121421 0.8308734689 0.0924459916 0.2002194312
0 0.5487681150 0.8560711440 0.0822228089 0.2342921431
0 0.1437968804 0.0908754966 0.1226984384 0.1761585067
0 0.3090593126 0.0917521754 0.1104400871 0.1835043507
0 0.5707476949 0.1050164600 0.1132580976 0.1944720816
