1 0.5380192747 0.6174731435 0.0217612994 0.0315364564
1 0.5162579754 0.6185243620 0.0185373892 0.0315364071
1 0.6693930673 0.3089418696 0.0233732167 0.0515094600
1 0.9144726744 0.5736280785 0.1318188658 0.1199757574
1 0.2546393706 0.6166156464 0.0716588993 0.1797217368
1 0.5213538633 0.6155083435 0.0573920448 0.0690071161
0 0.2671071232 0.1044522090 0.1211333700 0.1834696161
0 0.1002536387 0.0983186665 0.1248653997 0.1597178308
0 0.8251542195 0.8394274400 0.1046405452 0.2553845914
0 0.5365218361 0.8336748149 0.1134660929 0.2336502629
0 0.8851581989 0.1343349348 0.0770497841 0.2449107236
0 0.0963400744 0.1838622936 0.1193768364 0.0884662102
