0 0.3847425869 0.7282648921 0.0558774646 0.1691242695
1 0.4969079729 0.6386616272 0.0799628714 0.0525606754
0 0.5078120266 0.7569232186 0.4216225909 0.2932887122
0 0.5859494293 0.2046665638 0.1308569765 0.1941511583
0 0.7628246098 0.2039475319 0.1281006743 0.1919584929
1 0.3107153765 0.6151820885 0.2150239994 0.1474431938
1 0.5616287026 0.6126943103 0.2816533559 0.2107055171
1 0.1717612139 0.3305009865 0.1822554579 0.1763835306
1 0.4588086701 0.3414678561 0.2438135157 0.0819467619
0 0.8510557252 0.6797646976 0.0561745613 0.2081670543
0 0.3800081492 0.7486120868 0.0411166454 0.1941538178
0 0.6703216647 0.7706473596 0.1160161552 0.2792484494
0 0.5665547194 0.1777267097 0.1534659574 0.1746572030
0 0.7628538019 0.2077332416 0.0709204531 0.1997388118
0 0.3804118365 0.7096863820 0.0874701957 0.2383540732
0 0.6587675266 0.6966421505 0.0847367422 0.2549558822
0 0.5945315908 0.2620313601 0.1148046673 0.3012036494
0 0.7605506242 0.1957450908 0.0663197783 0.1714122972
0 0.5942839472 0.2279608920 0.1092877077 0.1969417916
0 0.9347569841 0.1647450074 0.0485723075 0.1410200240
0 0.3014491179 0.2650394260 0.0597812846 0.1835691675
0 0.3831813303 0.7403742301 0.0868696274 0.1714122664
0 0.6648071983 0.7270016163 0.0653856942 0.1957261097
0 0.8464861991 0.6917466257 0.0644516733 0.1738436508
0 0.0394390036 0.3021179856 0.0476382225 0.2552949436
0 0.0884783290 0.6546680764 0.0840673989 0.3501187269
