0 0.1735773220 0.2124877656 0.0865419154 0.2910039101
0 0.6533388157 0.2393919150 0.0949440535 0.3096721151
0 0.3790093435 0.2454316228 0.0655366016 0.2778263879
0 0.8117189521 0.1976630499 0.1008255313 0.2701395072
0 0.9541350324 0.1767986161 0.0747788968 0.2064480733
0 0.8247422693 0.7028019346 0.0798202175 0.2371956166
0 0.6827462991 0.7110379253 0.0445312879 0.2141349746
1 0.5390232518 0.3716402499 0.1999850838 0.1519613002
1 0.5520455429 0.5983664079 0.2297503160 0.1604710825
0 0.3529906058 0.4901699971 0.2260296659 0.3987462661
0 0.8170559129 0.7412198514 0.0620148131 0.0448675665
0 0.3558207678 0.7759560359 0.0963444520 0.0448676490
0 0.6437466656 0.7672720001 0.0542630010 0.0564463359
0 0.3801837256 0.1687962221 0.0586925809 0.0347362051
0 0.6398707280 0.1832696374 0.0531555902 0.0463149436
0 0.8148410914 0.1803749554 0.0465110625 0.0636830359
1 0.9765225256 0.5328026411 0.0398666611 0.0535516023
1 0.7517188675 0.5306316425 0.1395333138 0.0549989898
