1 0.2601287634 0.8258905495 0.0765080019 0.1426664176
1 0.4781043446 0.7982019876 0.0721773710 0.1173243756
0 0.6542355759 0.1544397806 0.6512542404 0.3088795612
0 0.6056817322 0.8115154466 0.4675940266 0.2417046114
1 0.9010647261 0.7636109379 0.0480745161 0.0424638005
1 0.1971818053 0.3873346045 0.2059038809 0.1203140443
0 0.6960678807 0.7712780321 0.0934278218 0.2606805150
0 0.8625144841 0.7984075217 0.0580523127 0.2653984591
0 0.0630884518 0.2458386647 0.0789801637 0.2163380328
0 0.2744023946 0.2403755923 0.1772852633 0.3408962939
0 0.5508329923 0.2223474280 0.1285528191 0.3791378772
0 0.8621324771 0.7500810861 0.1058670053 0.3900639668
0 0.6932493496 0.7692018808 0.1478777786 0.3540076811
0 0.5151238633 0.8003414537 0.1226713146 0.2982842503
0 0.2097058829 0.7790354288 0.1840069720 0.2971915984
1 0.9631452083 0.5951276297 0.0737095833 0.0960026630
1 0.8463129111 0.5533487220 0.1134723854 0.0480013315
1 0.0403856242 0.7995777299 0.0546854801 0.0604461302
1 0.8743392068 0.7453540480 0.0656225571 0.0906691708
0 0.5011107908 0.8946915102 0.1285108975 0.1262257036
1 0.1974354886 0.3639823331 0.1599550300 0.0675574123
0 0.6964405006 0.0964193459 0.4470538304 0.1084474587
1 0.2578793597 0.8330561504 0.0323792446 0.0760248023
1 0.8798308629 0.7687274979 0.0386752529 0.0713463228
0 0.5591862886 0.1628684676 0.1277181568 0.2538057963
0 0.2704712819 0.1716405646 0.1564997201 0.2619930926
0 0.0685506695 0.2593614632 0.0890429440 0.2152086005
0 0.2304469315 0.7874413180 0.1304164272 0.3216433115
0 0.5101677068 0.7973829890 0.1214222239 0.2924030105
0 0.7012952648 0.7780843344 0.0971377339 0.3169648810
0 0.2249035803 0.7580337463 0.1685252293 0.1998638107
0 0.5090100558 0.7644797697 0.1727509808 0.2990376055
0 0.7014611040 0.7608756069 0.1235856733 0.2525263652
0 0.2949359274 0.2734821120 0.1662672489 0.2549387982
0 0.0586701681 0.2919593290 0.1109673395 0.2788490142
1 0.1799217446 0.2826117581 0.0868528011 0.0800034856
