1 0.1451647268 0.5854111077 0.0566653662 0.0599191610
0 0.8464893754 0.7039746488 0.1448360149 0.1840805536
1 0.6117728187 0.8480376889 0.0308161478 0.0373496573
0 0.5193242963 0.7346547274 0.1253190833 0.2267658411
0 0.3046382863 0.7353217017 0.1171014629 0.2361033170
0 0.3785971074 0.1717417986 0.1335367354 0.2481085412
0 0.1947272610 0.1490652165 0.0945029355 0.2267658770
0 0.3104979141 0.7203935778 0.0725917569 0.1143564456
0 0.5211329566 0.7466646360 0.0844920004 0.1205377842
0 0.8489857481 0.7188482227 0.0714017136 0.0989028120
