1 0.6996751387 0.2428796644 0.2487081787 0.2701619398
0 0.1284295492 0.4889743036 0.0768848658 0.1739709628
0 0.3081482344 0.6018020824 0.0827588675 0.1711580720
0 0.5026146816 0.6559057012 0.0632066297 0.1533780363
0 0.7964371652 0.6459561736 0.0393909709 0.1240885607
1 0.6385320094 0.6748413781 0.1264030816 0.2938881201
1 0.1733710370 0.6788664075 0.1542740935 0.0916537102
0 0.2080612064 0.8184987379 0.3160185298 0.3112075918
0 0.5370836302 0.6178174335 0.1353514171 0.1337258607
0 0.3082081159 0.5862094805 0.0648559065 0.1240003807
