0 0.0925572017 0.8365044243 0.0522048808 0.1522117931
0 0.2145861161 0.1904497670 0.0561202499 0.1454468591
0 0.4808310201 0.1625442658 0.0743919562 0.1843454445
1 0.3809891850 0.3122192240 0.1096302695 0.1217694468
1 0.6922608052 0.1667723751 0.0430690040 0.0608847336
0 0.6387507856 0.1075788763 0.0561202499 0.1386818816
0 0.8508331362 0.1414037344 0.0835278093 0.1961841405
1 0.4038195965 0.7240947841 0.0292842014 0.0619530531
0 0.4748669144 0.1322032413 0.0465113742 0.0674469730
0 0.6476234247 0.0970447111 0.0442965169 0.0401811766
0 0.3873812463 0.8461365808 0.0598003293 0.0774922607
0 0.6708790803 0.8224583719 0.0509410259 0.0502264592
0 0.8840562174 0.7693618305 0.0609077895 0.0559666237
