0 0.5729225949 0.1945238256 0.3631406383 0.3752833150
0 0.0910444100 0.6877482965 0.1003590659 0.1873629291
0 0.2383897548 0.7470403359 0.0830243105 0.1660177398
0 0.4345461141 0.7701642746 0.1852080977 0.1743186686
0 0.2570930382 0.1351463555 0.0583907409 0.2039646668
0 0.6900055442 0.2655888818 0.0775502176 0.1683894426
0 0.4669347244 0.2080755795 0.1076579180 0.1814336784
0 0.6287863555 0.8588203227 0.1121975638 0.1316700950
0 0.4620563013 0.1592512231 0.0994750447 0.0745753458
0 0.0941025178 0.0472537724 0.0923968491 0.0621732178
0 0.3546070423 0.5432500970 0.5980952405 0.6618990226
0 0.6855953096 0.2620002322 0.0598604660 0.1677652093
0 0.4601831690 0.2279608985 0.1047558533 0.1215689488
0 0.2576863619 0.1762940547 0.0533132441 0.1543926205
0 0.0855874678 0.1240193861 0.0888554147 0.1252160945
0 0.0781049048 0.6838446040 0.0682783653 0.1507454748
0 0.2371093220 0.7494918983 0.0813728801 0.1142748296
0 0.4302529360 0.7890018091 0.1814521085 0.0887454123
0 0.8076545730 0.7239624073 0.2946258185 0.0923924227
1 0.6159139729 0.8236489984 0.0664077636 0.0875296766
1 0.0552040237 0.6598401066 0.0421544718 0.1186916895
0 0.0793930345 0.8054530215 0.1050055303 0.2246366220
0 0.2300671780 0.8680580256 0.1071627499 0.2102160949
0 0.4243496672 0.7600199463 0.2072926454 0.4799601073
0 0.6694308693 0.8572349825 0.1693064529 0.2081508344
0 0.2719674249 0.0806923005 0.1186466867 0.1613846010
0 0.1053630784 0.0617406166 0.1457176421 0.1204358340
0 0.4541483322 0.1225747885 0.1138302259 0.1991897540
0 0.6906821150 0.1707568603 0.1109623681 0.1890874674
0 0.9393144431 0.1497794381 0.1114663906 0.2657150020
