1 0.4603485239 0.6206267670 0.0192919349 0.0504583257
1 0.2642137081 0.3157747728 0.0160766375 0.0504582271
1 0.1054570538 0.2879175978 0.0152727944 0.0494070223
1 0.7305200210 0.4304731736 0.2835470934 0.5299118486
0 0.8052248280 0.8190573845 0.1711168672 0.2516610634
0 0.4640659570 0.8619468578 0.0787513738 0.2523889495
0 0.2855653910 0.8684999777 0.0909825137 0.2318269548
0 0.1011455293 0.8661699187 0.0720634013 0.2006619011
0 0.2954673367 0.0985668106 0.0896681655 0.1730258176
0 0.4706477259 0.1108729789 0.0866312801 0.1871665653
0 0.7158726014 0.1276544747 0.0745813418 0.1505081103
0 0.1541250887 0.0984954803 0.0788341049 0.1254635874
