0 0.6437019549 0.6868294536 0.1133412432 0.2215528213
0 0.9101190227 0.6538501993 0.1354883848 0.1758892195
0 0.3772848872 0.7248823936 0.0859830317 0.1894191437
0 0.1903369744 0.7603985214 0.0690469757 0.1758893015
0 0.2229062952 0.2344220727 0.0612303235 0.2164790433
0 0.3864042911 0.2378045537 0.0755608288 0.1352993957
0 0.0809040454 0.2149727836 0.0586247807 0.1843454478
0 0.6576372000 0.7506337163 0.2542095628 0.3266780282
1 0.9516472104 0.3667314682 0.0958635278 0.1366713852
1 0.8994358495 0.5406264183 0.0753213613 0.1711170819
0 0.6507103254 0.7087662840 0.0889629871 0.2005888642
0 0.9241542984 0.6832368235 0.0533777544 0.1276474665
0 0.3697745949 0.7288252073 0.0365216314 0.1531769680
0 0.1979355750 0.7622566505 0.0299664619 0.1641182064
1 0.4929180905 0.6692563500 0.1011368642 0.0948237924
0 0.0836883995 0.2176275157 0.0299664698 0.1592554281
0 0.2279020685 0.2407256178 0.0524413557 0.1519612453
0 0.3838213957 0.2455883859 0.0777255718 0.1543926498
0 0.6432186942 0.2346471834 0.0664880302 0.1641181141
0 0.8604756221 0.1689999096 0.0440131995 0.1835692017
1 0.0982034134 0.5938835477 0.0945816750 0.0680785887
