0 0.4176542533 0.7270448912 0.0552937826 0.0778502802
0 0.7095327767 0.8078440068 0.0317259165 0.0507206663
0 0.8754139351 0.8573851800 0.0462291944 0.0625160900
0 0.7616538666 0.2168896950 0.1305295013 0.1191345194
1 0.4497672148 0.7010139101 0.0367173621 0.0611131844
1 0.7328321827 0.7187922772 0.0290322947 0.0344456645
1 0.4010953997 0.6993472029 0.0196395361 0.0488905557
0 0.7817677421 0.1826142989 0.1638886365 0.1699935718
1 0.3364181479 0.2768834415 0.0878822977 0.1699935821
0 0.0787091751 0.6725048073 0.1163846984 0.1514487866
0 0.1000859539 0.2050225489 0.0902575274 0.1777205426
0 0.4189562578 0.7497746584 0.0273147938 0.0865421872
