0 0.4958567855 0.4914909277 0.0779897104 0.0947096083
0 0.4962971753 0.4671169287 0.3552598103 0.6644675582
1 0.6521503524 0.2459981215 0.6396385042 0.3466786985
0 0.4987481939 0.4913372341 0.1876889597 0.2317490140
0 0.7870010905 0.4824197127 0.0618348830 0.2079817669
0 0.2419887486 0.5598352896 0.0475682740 0.1417471230
1 0.3892447122 0.6816411656 0.2578767267 0.1495298426
1 0.1280977844 0.7807198738 0.0924992609 0.1191376273
1 0.7022472797 0.7393864188 0.1121202979 0.1823534881
0 0.5037749451 0.4793236283 0.2187751921 0.0802362660
1 0.1140772706 0.8222038281 0.0542206623 0.0704199749
0 0.6649987249 0.8409393360 0.0555744738 0.0638441494
