0 0.8389048202 0.1676179963 0.0972699582 0.2892024840
0 0.5814636079 0.1380212522 0.0933791463 0.2232440241
0 0.8088692197 0.7875561622 0.1646609993 0.1872935634
1 0.9479350112 0.7215432690 0.0967350985 0.1177359796
1 0.5759080876 0.2316776706 0.0314389183 0.1219407974
1 0.8024293502 0.2605860556 0.0395001262 0.0388948994
1 0.8810266649 0.6290364665 0.0596533535 0.0609704295
0 0.6992453231 0.7578101620 0.2652153813 0.4152294036
0 0.8073881830 0.8225195116 0.1242836579 0.1344202841
1 0.6164881341 0.4226992392 0.6479169271 0.5896097122
1 0.8765078364 0.5890938297 0.0846181290 0.1116278372
1 0.4337662300 0.2926203943 0.2768795884 0.2856871820
1 0.6430574038 0.3406401480 0.0913610228 0.1312945212
1 0.7782342895 0.3181498866 0.1025480460 0.1495298324
1 0.9180170270 0.3351695276 0.1639659459 0.1738437037
1 0.7045862201 0.5618957027 0.1137351070 0.1312944966
1 0.8127276834 0.5916801207 0.0783093511 0.1568240258
1 0.8919693588 0.5904643643 0.0857674924 0.1203531081
0 0.8006083737 0.7533668518 0.1155996045 0.2151771299
0 0.8337034698 0.1485611239 0.0941576560 0.2674518155
0 0.5796640900 0.1206002743 0.0615287974 0.1945103830
0 0.8385213971 0.1462262861 0.1077030821 0.1795605444
0 0.8173897577 0.7631323045 0.0872531719 0.1155587473
0 0.6190251602 0.7613545079 0.0886164791 0.1297814154
0 0.9734911143 0.8360232199 0.0313565945 0.0764465824
