1 0.8591111164 0.6665188164 0.0251767167 0.0283827833
1 0.3783167030 0.6223678384 0.0495413110 0.0704313299
1 0.5756698086 0.7295916568 0.0268010251 0.0557143509
1 0.5366865180 0.2570710541 0.0933975743 0.1177359550
0 0.7267302199 0.7800499291 0.4280044698 0.2995959046
1 0.7156655697 0.4203619803 0.0473878094 0.0920048785
1 0.3830399241 0.2334034212 0.0346295286 0.0648752438
1 0.3780277842 0.6315013516 0.0665251196 0.1061594973
1 0.7092048431 0.2146726321 0.0700496622 0.0817800337
0 0.1989407564 0.2368954689 0.0659291395 0.1155587473
0 0.3651371339 0.1942276134 0.0631820663 0.1333370311
0 0.8403763657 0.2057834953 0.0933995707 0.1706714015
0 0.1817717032 0.7684658010 0.0810379076 0.1404483754
0 0.3431607541 0.7160198868 0.0576879832 0.1066696413
0 0.7284341814 0.7524653609 0.3227781175 0.1155587473
