1 0.6866978507 0.2043888953 0.1573474234 0.1457087855
1 0.6689392657 0.2269906813 0.1298653523 0.1134265530
0 0.8861458510 0.1084607094 0.0437222602 0.0760638452
0 0.4920498213 0.6523405014 0.0603028855 0.0694523965
0 0.7511431904 0.6640378890 0.0780070113 0.1080970026
0 0.9307377204 0.6702316038 0.0664471417 0.1322550620
0 0.8920787327 0.1466787154 0.0553647446 0.1319330277
0 0.7361837570 0.1320080696 0.0464406867 0.0694615702
0 0.8853512602 0.1017806053 0.0859961542 0.0800022187
0 0.7604520154 0.6849079009 0.0464106037 0.0657796060
0 0.9235717773 0.6920192349 0.0614258568 0.0728908908
