1 0.7608059984 0.6234078901 0.1662469593 0.1826541947
0 0.1882793653 0.2560175129 0.0857021756 0.3435448689
0 0.4067358682 0.2494529529 0.0991456655 0.2253829319
0 0.6558603213 0.2379649947 0.1067076217 0.2811816332
0 0.8394477943 0.2554704504 0.0941043509 0.2746170475
0 0.8226434437 0.7571116020 0.0722586856 0.2647702203
0 0.9625396492 0.7587527330 0.0579749450 0.2155361253
0 0.6651027157 0.7472647953 0.0512532552 0.2494529837
0 0.9675809323 0.3243982461 0.0613358845 0.4059080943
1 0.7612903368 0.6295620904 0.1663015282 0.1482211661
1 0.9445448765 0.6558424281 0.0904163134 0.1860648113
1 0.8795581118 0.4298314625 0.0411716984 0.0704312844
1 0.8291026350 0.4256266084 0.0452081567 0.0641240445
1 0.3903411944 0.2695213616 0.0217968056 0.0588679769
1 0.7611858673 0.6253140476 0.1322854843 0.1165515186
1 0.5638004116 0.6871860961 0.1958220410 0.1437218154
1 0.7619961051 0.6300064436 0.1388556429 0.1715390191
0 0.8201492980 0.7860914926 0.0510324562 0.1251771087
1 0.9204339079 0.7405022150 0.0996911968 0.1761751444
1 0.9679311511 0.2197037924 0.0641376978 0.1638119827
1 0.3946814091 0.2614294696 0.0640871979 0.0896329610
0 0.0914539386 0.2730199678 0.1364820298 0.1746297556
1 0.7718509960 0.6189377221 0.1402813736 0.1140219687
1 0.3876237263 0.2668805437 0.0482822783 0.1180433271
0 0.8369442804 0.7910185001 0.0384287437 0.1732158019
0 0.4221110341 0.7595830535 0.0285752407 0.0821170935
0 0.1550806563 0.7140337198 0.0364580337 0.1116279202
0 0.6763318597 0.7884523538 0.0226631894 0.1270248393
0 0.8241346571 0.2046511972 0.0443408582 0.0910986468
0 0.4196476742 0.2386527902 0.1024766079 0.1744987929
0 0.6541613990 0.2027265464 0.0630625328 0.0846832399
