1 0.8596570669 0.6232547938 0.0496166009 0.0893531871
0 0.2319141971 0.1038951314 0.0345620557 0.0564631168
0 0.9403835643 0.7215768893 0.0957474512 0.1389970970
0 0.6480414651 0.7712652922 0.0552175222 0.1123176442
0 0.3937172535 0.7650056439 0.0543284456 0.1299048960
0 0.2215088695 0.7369011343 0.0629826538 0.1659323841
0 0.0426147437 0.6921025316 0.0373772708 0.1629217374
0 0.7688701724 0.2604946549 0.0355641389 0.1316911929
0 0.5386080466 0.2432285253 0.0236912877 0.1497149907
0 0.3838808202 0.2194769519 0.0511952235 0.1683359184
0 0.2258767294 0.1781606840 0.0303304530 0.1628565056
1 0.8777076469 0.2730114559 0.0611850329 0.0658029472
1 0.6669125833 0.2659815749 0.0775538043 0.0344720288
1 0.0788047590 0.7515764427 0.0715318278 0.0888913897
1 0.2679514294 0.7364649041 0.0811611207 0.0942248356
1 0.8849134839 0.7009083604 0.0467708367 0.0906691914
1 0.9660745731 0.2937859305 0.0385171559 0.1440039967
1 0.8608402851 0.6377955031 0.0371415320 0.0497791815
