1 0.4218121719 0.2854538210 0.1574480178 0.0883019243
0 0.5216055772 0.7555304388 0.0340148888 0.2549747584
0 0.5133885919 0.6697963893 0.0628143480 0.0711130827
0 0.8049291494 0.6609072478 0.0669109885 0.0533347997
0 0.8160115409 0.6753348137 0.0653630282 0.1483142011
0 0.5195433098 0.6698642061 0.0812369626 0.1398043671
0 0.2230750599 0.6461582399 0.0466879312 0.0948238158
0 0.8099421098 0.1592744069 0.0457540971 0.1325102298
0 0.5386853239 0.1386076671 0.0354827900 0.1130591806
0 0.2977757215 0.1878431139 0.0466878746 0.1167062461
