1 0.1376389284 0.7336322756 0.0840579470 0.2638546931
1 0.8755709028 0.6826484029 0.1357858652 0.0967116622
0 0.5821762795 0.7951282329 0.4865663641 0.3447980233
0 0.2330819873 0.1529537219 0.2963222910 0.3059074438
0 0.2700082962 0.7375536100 0.0729408619 0.2585133576
0 0.4496251987 0.7861730579 0.0802349734 0.3106903302
0 0.7518739434 0.7624562410 0.0847937378 0.2846018439
0 0.4401412853 0.8464994963 0.0707167396 0.1074162928
0 0.2655012886 0.8176050346 0.0695386096 0.1187989595
0 0.4430743812 0.7950095079 0.0894206381 0.2218715357
0 0.2570748314 0.7553181446 0.0570753348 0.1861620700
0 0.7273256130 0.1624049858 0.4811573364 0.2770943581
0 0.2565946924 0.1229217570 0.1397326528 0.2458435141
0 0.4460742087 0.8276358978 0.0930226276 0.1267469107
0 0.2633512116 0.7822662128 0.0664447362 0.1051423535
0 0.2788549855 0.0693147410 0.2059786302 0.1368290944
0 0.7450754822 0.1334083483 0.4916909818 0.2275683564
1 0.6094175100 0.5366940322 0.1162782845 0.0604928587
1 0.4028851451 0.3854619060 0.0753040018 0.0374479621
0 0.2648545022 0.7519232847 0.0635603517 0.1993731644
1 0.1470809037 0.7215310400 0.1233818425 0.1580397215
0 0.4527313800 0.7592173758 0.0710380104 0.2625890038
0 0.7448286118 0.7823154678 0.0289759828 0.1677651627
1 0.6214467061 0.8941590053 0.1131001012 0.1556082894
0 0.2863528184 0.1531959911 0.1719868294 0.2832557329
