1 0.7519805576 0.7152359810 0.0218646345 0.0567655294
1 0.3588228359 0.2253703840 0.0161959904 0.0567655705
0 0.0613738753 0.3952514602 0.1227477505 0.6825957728
0 0.3811810673 0.1558215397 0.0306564814 0.1431628519
1 0.2619569975 0.1449613096 0.0393043783 0.0741929559
1 0.4912962254 0.1722192007 0.0454422084 0.0950852467
1 0.5938112883 0.1644813209 0.0511189842 0.0927276098
0 0.6596484464 0.1889493385 0.0524089174 0.1446258011
0 0.8348673123 0.1813444546 0.0404639988 0.1087776482
0 0.4662676189 0.7636682400 0.0859061756 0.1953693867
0 0.7694306322 0.7660591054 0.0671341156 0.1383085392
0 0.9553906731 0.7272458186 0.0327753410 0.1173497812
1 0.5051068770 0.3303067501 0.2453638910 0.2370595406
