1 0.5078306634 0.5389067424 0.0380284860 0.0625160696
0 0.4028540424 0.7814550231 0.0918097384 0.0466540547
0 0.2029562668 0.7708518355 0.0866006632 0.0441093015
0 0.6909803242 0.7471007072 0.0833449770 0.0491988079
0 0.1911814469 0.7089459946 0.1076233419 0.2930838421
0 0.3881868756 0.7077578239 0.1076233136 0.2099114017
0 0.6833909911 0.6990444902 0.0985026696 0.2732808333
0 0.1872291754 0.2229813408 0.0766132199 0.1940690193
0 0.3571767536 0.2419921764 0.0322261853 0.2669439024
0 0.4001131753 0.7345236811 0.1203803403 0.1823534390
