0 0.5023469576 0.3088367342 0.0650242869 0.1792716954
1 0.4318319461 0.2353776283 0.0908506570 0.1243464408
1 0.6219388304 0.2398335734 0.0703075265 0.0686016326
1 0.2299895579 0.2160800343 0.1101680006 0.1795483083
0 0.5136218413 0.3397098902 0.1191122007 0.1889574753
0 0.7786321301 0.2112656765 0.0666617226 0.1783015496
0 0.9533875550 0.1901741923 0.0456818083 0.2400449961
1 0.8053047137 0.0420198600 0.1254806007 0.0422861008
1 0.6137604657 0.1354508019 0.1837010258 0.0786701103
1 0.4312721162 0.2364123144 0.1431407565 0.2056187937
