1 0.5625241613 0.6384973903 0.0434687630 0.0735849499
1 0.9251666358 0.8140501156 0.0941823764 0.2165500742
1 0.5298013581 0.7965916718 0.1065092523 0.2123821957
0 0.3553224806 0.7165155418 0.1290735497 0.1637102794
0 0.2220534618 0.6553180439 0.0658012550 0.1377145738
0 0.6676171000 0.8349910117 0.0953984773 0.1737429516
0 0.7743523106 0.1620749904 0.1240319628 0.2386292341
0 0.4594202784 0.1060425587 0.1254306034 0.1229046628
0 0.7035446261 0.8276207826 0.0755155019 0.1926432587
0 0.4490542606 0.1412991115 0.2348249928 0.1475541097
