1 0.3928773254 0.6610985355 0.0201607151 0.0283827728
0 0.5303733406 0.7909233843 0.3822470106 0.3279786532
0 0.5190746644 0.6761705457 0.4196720983 0.6175704440
0 0.5023524359 0.7378478856 0.2841332420 0.3750387735
0 0.5177181025 0.7983034045 0.2730927023 0.1148749949
1 0.3930972443 0.6729287902 0.0237035062 0.0531454532
1 0.3551716230 0.2693939578 0.0312886418 0.0568532898
0 0.0825813275 0.2137766053 0.0606809761 0.1062909309
0 0.2376022480 0.2168664610 0.0730067931 0.1124706422
0 0.3907269012 0.2292258713 0.0720586559 0.1198862908
1 0.6348729549 0.3040003139 0.0559402475 0.0593251890
0 0.8301898280 0.2625962778 0.0445626007 0.1198862908
0 0.2281208380 0.7470852519 0.0502514241 0.1001112196
