1 0.5108842612 0.6972985241 0.1855288074 0.1377825196
1 0.6487424670 0.2300600656 0.6433384454 0.4300149180
0 0.6451291326 0.6864045589 0.1087145829 0.3478920431
1 0.5135234244 0.7358054470 0.1517731776 0.1349636578
1 0.7259562858 0.8654436033 0.0457609566 0.0644681505
0 0.6255227464 0.6991663324 0.1073583347 0.1585377626
0 0.9093654879 0.7738737074 0.1185171403 0.2107317089
0 0.3571480424 0.6274810816 0.0872632117 0.1488046930
0 0.1855142982 0.5800192013 0.0782908160 0.1430725932
0 0.2041581662 0.5194715652 0.0894715228 0.0959024345
0 0.6263785291 0.6374205561 0.1329291045 0.0562186820
0 0.9182260997 0.7035601517 0.1457108075 0.0804698696
