1 0.4167564331 0.3407424034 0.0425953186 0.0483615022
1 0.3610199783 0.2858933707 0.0398764525 0.0401046496
1 0.6102480321 0.3071252476 0.0851907125 0.1698551377
1 0.1530278994 0.3360242071 0.0280948340 0.0672343605
1 0.3636410114 0.2915968539 0.0234227207 0.0336388387
0 0.3949740839 0.3176762046 0.0941032367 0.2613583881
1 0.3634699588 0.2928241647 0.0324317429 0.0494154232
0 0.9355261539 0.3493323552 0.1269807281 0.2823588869
0 0.6960803095 0.4916927090 0.1409221656 0.3057984671
0 0.4115383597 0.4601579068 0.1083839214 0.2445059304
0 0.1356485053 0.4296437916 0.1014962846 0.1899290720
