0 0.5867025116 0.8280930141 0.0728331766 0.2219043967
0 0.4058463768 0.1789942040 0.0918160144 0.2264366242
0 0.2339266082 0.1689588062 0.0665779961 0.2244536607
0 0.6442572700 0.1766201805 0.0849381812 0.2168525690
0 0.0666734166 0.1636738322 0.0813128507 0.2126442635
0 0.3151925640 0.7996844526 0.1005335490 0.1726573953
1 0.3726940202 0.2574324130 0.0307486452 0.0452021864
1 0.2080268860 0.2795078917 0.0396495866 0.0704313154
1 0.5462620488 0.6999934119 0.0250843943 0.0557142807
1 0.6186832193 0.2779310727 0.0307486452 0.0399461148
1 0.3103875054 0.6195755311 0.0339853546 0.1156335263
0 0.1291544738 0.8243267485 0.0543159108 0.1133628423
0 0.3123621340 0.8266295408 0.0508040252 0.0912353222
0 0.5840366128 0.7919153429 0.0625261848 0.0901317459
1 0.5510673994 0.6986084719 0.0212849935 0.0585895896
1 0.0593695582 0.3130440915 0.0382513117 0.0968642858
0 0.6090029870 0.8806465106 0.1443856698 0.2010349252
0 0.8729679437 0.8392645523 0.1523587451 0.2269771181
1 0.3435960934 0.7718144641 0.0508326401 0.1006552445
0 0.3215506942 0.8420919435 0.0866614636 0.1593687643
1 0.1527909644 0.7669495167 0.0376996452 0.1100814807
0 0.1498293417 0.8590118237 0.1549011325 0.1673767041
0 0.6800697609 0.1009993136 0.1441082236 0.2019986273
0 0.4098688573 0.1241675746 0.1088923702 0.1699709338
1 0.0981141526 0.1241402156 0.0536684813 0.0830838617
0 0.0783981041 0.1075207757 0.0997582518 0.1634084278
1 0.2635253247 0.1633799904 0.0420746415 0.0940235325
1 0.2485774193 0.0915499055 0.0926531191 0.1830511438
