1 0.7570900994 0.7231093831 0.1179912430 0.2275569445
1 0.2971367062 0.6087884911 0.0435021458 0.0388902814
1 0.3099314088 0.2665543945 0.0400902088 0.0433348624
1 0.5210447252 0.6449008846 0.0784744206 0.0488905395
0 0.5675768090 0.6949032344 0.1096949997 0.1441275017
0 0.1226501748 0.1535012012 0.0557931288 0.1773877209
0 0.5912766581 0.8505764054 0.1255267402 0.2877830278
0 0.2856350867 0.8422870282 0.1074973370 0.2883422950
0 0.0922004222 0.8226862208 0.0723740768 0.2884014090
0 0.8969484540 0.7506247113 0.1564596524 0.2297038647
0 0.1474780682 0.0752178755 0.1009253747 0.1449825335
1 0.1624693510 0.1502998728 0.0562314077 0.0792736580
1 0.2771569102 0.1691845023 0.0414366125 0.0900231116
1 0.2142898106 0.1676476258 0.0242993096 0.1812386748
1 0.4586845502 0.2090041104 0.0327105705 0.1958350550
1 0.6764435987 0.1962322392 0.0252338395 0.1678586010
0 0.3082158917 0.8202284350 0.1392535620 0.2505714841
0 0.5946671156 0.7965488388 0.1289731088 0.2262441714
0 0.9086886457 0.7454614524 0.1271040112 0.1459640244
1 0.7399955664 0.6827694798 0.1074776159 0.1313677057
1 0.4558808092 0.7462296136 0.0962625761 0.1812386501
1 0.1624201759 0.7502255936 0.0906550373 0.2213788467
