1 0.4090377137 0.2290496312 0.0282171047 0.0388949207
1 0.7234565518 0.2563811917 0.0894884528 0.2407279721
1 0.7939992821 0.5528234806 0.0467597429 0.0683288986
1 0.6505098722 0.3534883926 0.2863515612 0.5401764430
0 0.2147142750 0.1088158538 0.0482694877 0.1326938023
0 0.3830015828 0.1672422944 0.0447239445 0.1646376402
0 0.6109084176 0.2656114481 0.0442831981 0.1919132449
0 0.0404177111 0.6569437402 0.0350224103 0.1698992130
0 0.8304277129 0.8099535508 0.1367885856 0.2185693623
0 0.5291058208 0.8549647575 0.1214920083 0.2328632694
0 0.2243376739 0.8401180380 0.1048152322 0.2285497619
0 0.0483860967 0.8005953683 0.0821311862 0.2361609364
0 0.3930108753 0.1075163723 0.0906399197 0.1752582072
0 0.6380400428 0.1322722371 0.1115773755 0.2320843206
0 0.8375284831 0.1327406814 0.0849659212 0.2163502727
0 0.2199814040 0.0355390436 0.0957204577 0.0710780871
