0 0.8567105617 0.1107872776 0.1131068146 0.1864133206
0 0.2447692465 0.6959299043 0.1236329529 0.1576930239
0 0.3132429023 0.9258988580 0.1844984152 0.0978280863
0 0.7897052903 0.8937762519 0.1445554375 0.0306625650
0 0.2913693727 0.4834823892 0.1559677309 0.1095090202
0 0.2421303073 0.4803647369 0.1250222663 0.1070786184
0 0.2174574549 0.9400673338 0.1796159105 0.1147014708
0 0.2033895719 0.7205758739 0.1191376939 0.2244721026
0 0.8665012363 0.8905931210 0.2075525365 0.0724618905
0 0.8346663776 0.1291846047 0.1880132569 0.2185200971
0 0.2710250411 0.1264114841 0.2129759338 0.2295993228
0 0.8671400611 0.7177543404 0.1715923368 0.0943471159
