1 0.8693306491 0.6642849625 0.1044423358 0.1387601873
1 0.5044845360 0.3812324770 0.2542502836 0.1478762063
1 0.5775100992 0.6419207255 0.1117404598 0.1999079386
1 0.2295698359 0.3513991141 0.2288862667 0.1724763481
0 0.1877325149 0.2487593261 0.1023579789 0.3408865877
1 0.5557876018 0.5844427334 0.3656378325 0.6222935748
1 0.3220758537 0.3053729047 0.0247052748 0.0230954283
1 0.8967200806 0.6684844109 0.0296463423 0.1360063860
0 0.5964788275 0.8765583243 0.1107008403 0.2088405650
0 0.2904123658 0.8691030933 0.0933292302 0.1783518637
0 0.0956127115 0.8717484423 0.1162154512 0.1737853840
0 0.3802638873 0.0999384689 0.1185861591 0.1778631223
0 0.2000635514 0.0879456438 0.1102641641 0.1655877575
0 0.7843935001 0.1295299351 0.3456874555 0.2318939240
