1 0.2732250810 0.7345430827 0.0632228055 0.1358685266
0 0.4726063737 0.5189619032 0.1020139839 0.2036809248
0 0.2852197640 0.5545749934 0.1437670514 0.3401531535
0 0.6531886730 0.7321493101 0.4335198405 0.3136480110
0 0.2636035292 0.6163738074 0.0596672164 0.2297653886
0 0.0720157141 0.5416089425 0.0568703213 0.1750593359
1 0.3288645673 0.6874916882 0.1547619257 0.1361572840
0 0.7195431895 0.6199454312 0.4432343143 0.3739761937
1 0.2727535065 0.6894864747 0.0474047373 0.1359913768
0 0.2746520256 0.5630943026 0.0699078391 0.1342725824
0 0.0672902623 0.5409208091 0.0444009318 0.1071717417
