1 0.4162927486 0.3394270866 0.0842451731 0.0998653289
0 0.3550648148 0.2491439030 0.0983038675 0.2889415064
0 0.6247702726 0.2415114910 0.1117471214 0.3172904958
0 0.8062543429 0.2693152889 0.0932626670 0.2943932318
0 0.6054456129 0.7975876101 0.1201491749 0.2845801077
0 0.7965919815 0.7801420766 0.0873812296 0.2082559319
0 0.1000629131 0.2158883772 0.0873812098 0.2398759678
1 0.5932261913 0.7749152645 0.0202113289 0.0321895640
1 0.6249212327 0.7939905966 0.0174552329 0.0369582638
1 0.8114165391 0.7468984460 0.0211299855 0.0262285458
1 0.7879897858 0.7498789962 0.0110243842 0.0202674456
1 0.3042962081 0.7463023688 0.0119430724 0.0298051732
1 0.3268042258 0.7516672688 0.0110243842 0.0357661914
1 0.6042505439 0.2545173707 0.0202113922 0.0381506028
1 0.4470629225 0.2085288571 0.2621968535 0.1808222084
