1 0.8455043103 0.7033113189 0.0211038140 0.0557143725
0 0.5986576248 0.7677774001 0.1153675713 0.2620657211
0 0.7813229830 0.8069093680 0.0833210483 0.2241195382
0 0.1893773585 0.7648128763 0.3094781474 0.2490217182
0 0.2585063521 0.3124234195 0.0814898198 0.1814301131
0 0.5235771128 0.3361397532 0.0769116932 0.1956599010
0 0.6980019347 0.3053084948 0.0888147813 0.1624570011
0 0.8564034950 0.2892999579 0.0613462427 0.1707577210
0 0.9557477733 0.8442626380 0.0366246339 0.1849876112
0 0.5978820263 0.8360232194 0.1057001842 0.1795605993
0 0.7735913680 0.8662463060 0.0727546648 0.1440039979
0 0.9561643991 0.8520236409 0.0178454659 0.0764465537
0 0.1915541530 0.8111336067 0.3253368356 0.1582266221
0 0.2663679078 0.3080085534 0.1098183504 0.1902275060
0 0.5141455375 0.3044529076 0.0837364730 0.0942248339
0 0.6891685577 0.2697852766 0.0686364512 0.0853357040
1 0.8436005571 0.2884524555 0.0507909853 0.1368926859
0 0.8532096906 0.2884524555 0.1084456599 0.1511153100
0 0.1798099338 0.8412934066 0.3211668974 0.2133470583
0 0.5821585831 0.9088937106 0.1247185303 0.1648933313
0 0.7686193892 0.9202866532 0.0848262240 0.1335440213
0 0.5167899939 0.1316079000 0.1077369757 0.2507669409
0 0.6900365465 0.1290484402 0.0887091472 0.2580968804
0 0.8462246579 0.1210046777 0.0717155184 0.2137596008
0 0.2635633645 0.1288063534 0.0977957047 0.2512899932
0 0.5945702923 0.8367838869 0.0901882778 0.1752941150
0 0.7805784552 0.8707027320 0.0843517870 0.1419825922
0 0.9571988359 0.8783107990 0.0347471153 0.1017349212
0 0.8560280862 0.2515937554 0.0608633349 0.1635367114
0 0.7036221315 0.2448149079 0.0714270001 0.1046511614
0 0.5209177690 0.2717730435 0.0709985212 0.1236836915
0 0.2589101451 0.2807621588 0.0703749101 0.1317356655
1 0.7111913759 0.4001516627 0.0434255496 0.0702729970
