1 0.6326065016 0.1740251643 0.0618185600 0.1366578011
1 0.7590536862 0.1887421431 0.0465647411 0.0336388386
1 0.7080734036 0.5472060344 0.0553958241 0.0525606861
1 0.4684258849 0.5813705124 0.0433533355 0.0704313164
1 0.4363122619 0.5466804566 0.0240851655 0.0725337261
1 0.3945646292 0.2439308721 0.1220315678 0.1145823144
1 0.3247176117 0.5161952449 0.1509338040 0.0683289560
1 0.3333511117 0.2472310105 0.1519470780 0.2444818401
1 0.7343921320 0.5427473373 0.0875269745 0.1934429902
1 0.7693864374 0.2285532420 0.1084713333 0.1398558979
