1 0.3770566190 0.2445496637 0.2381841932 0.3631713179
1 0.8425983620 0.2285550681 0.0418626527 0.1618276280
1 0.3693558785 0.2200465087 0.2114794839 0.3196448420
1 0.8468064702 0.2462607613 0.0272458072 0.0575022429
1 0.4145596217 0.2114833703 0.2315449517 0.2694256056
0 0.5619181397 0.2953900308 0.6773859016 0.5069864645
1 0.9497042038 0.1321403270 0.0596089920 0.1458816405
1 0.8476792466 0.2425509589 0.0477297184 0.0620059691
1 0.4275201111 0.2098231477 0.2743209829 0.2776162828
1 0.8387292081 0.1656073480 0.0602090893 0.0533457586
0 0.5645173646 0.6055425254 0.2018616213 0.4780093330
0 0.8261181535 0.5320522413 0.1782791298 0.5778485481
0 0.2366740631 0.4759413616 0.1757112613 0.4531387108
0 0.6888573819 0.3961688301 0.3803539406 0.2070704658
1 0.4302367599 0.1975264342 0.3132865958 0.3355816397
