1 0.8107164835 0.3120955135 0.0562508180 0.0620215963
0 0.5527665128 0.8229854118 0.2748252318 0.3353371906
0 0.6750610666 0.8143315486 0.1054972540 0.2052415988
0 0.8535950022 0.8426407488 0.0694298813 0.2028825056
1 0.8053547653 0.2941501898 0.0342640670 0.0613366279
0 0.7895752268 0.2799956154 0.1145142231 0.2429872849
0 0.6218615660 0.2552250446 0.0694298813 0.2170371160
0 0.4334090557 0.2357624797 0.0856602305 0.2087802591
0 0.1782317171 0.7995872163 0.0910703679 0.2134984249
0 0.3223811867 0.8369120458 0.4335305047 0.2026721957
0 0.5309922366 0.1595599894 0.3207309998 0.1493374805
0 0.7741099249 0.2039778871 0.0937730927 0.0675574397
0 0.3517381963 0.7624845910 0.1970144685 0.3768638976
