1 0.7906699358 0.6794947302 0.0477475150 0.0525607125
0 0.3242280454 0.7126851170 0.0666246059 0.0679974429
1 0.8221278794 0.4283322835 0.0559171388 0.1081777076
0 0.8334302879 0.7860914502 0.0547273319 0.1035414949
1 0.6508075156 0.6585962632 0.0773321109 0.0958145228
1 0.8461448726 0.6782873801 0.0351187656 0.0503279865
0 0.3142778004 0.8508082658 0.1101649358 0.2272250339
0 0.5999908637 0.8790245579 0.1282035506 0.2285135102
0 0.8001295142 0.8976748556 0.0913819722 0.1933468335
0 0.3490845181 0.1130329227 0.0911242767 0.1600844562
0 0.6110123476 0.1229853542 0.0981446827 0.2324198954
0 0.7905043609 0.1384254090 0.1499945023 0.2371867270
1 0.1074147473 0.1078828048 0.0215033444 0.0852995449
0 0.0955863188 0.0700552346 0.1156986866 0.1037983353
