0 0.2276636492 0.1638055997 0.0808696028 0.1673752126
0 0.4404783761 0.2153666924 0.0869499899 0.2149700746
0 0.6915997605 0.2137801964 0.0918142921 0.2419404822
0 0.8651957709 0.2391641142 0.0681007578 0.2371810065
0 0.5289485147 0.7389100203 0.1325531666 0.1975185692
0 0.7964869989 0.7270113125 0.0693167863 0.1721347314
0 0.9608718278 0.7373235243 0.0782563443 0.1737212028
0 0.5349327686 0.7336868913 0.0592154867 0.1582378477
0 0.8091766565 0.7234077054 0.0394224529 0.1301966935
0 0.9730182386 0.7271016111 0.0472260558 0.1519567350
0 0.8648946290 0.2395056848 0.0579884501 0.1417394818
0 0.6938374774 0.2109511788 0.0678358072 0.1527375891
0 0.4511810171 0.1952997802 0.0335699768 0.1031833621
0 0.2282142380 0.1688998343 0.0445639579 0.1443653276
0 0.2591663382 0.6732974241 0.0586474338 0.1819220949
0 0.2577042276 0.7333878633 0.0946359711 0.1060157548
