1 0.3683946031 0.2442695181 0.0505242483 0.0622650660
1 0.3734470153 0.3282330137 0.0635161835 0.0811332728
1 0.3774095051 0.3195105042 0.0532438189 0.0955434677
1 0.3304827620 0.2782262731 0.0261706549 0.0365660183
1 0.7460552296 0.7783552895 0.0541462021 0.0554387462
1 0.1788732734 0.2127612592 0.0261706864 0.0401047010
1 0.3084331907 0.3202667545 0.0491654692 0.1371566413
1 0.4273450047 0.3518343736 0.1404953514 0.2320953883
1 0.4160017262 0.7142828431 0.1075748874 0.2549493141
1 0.6668236412 0.6438495469 0.1690229193 0.1931726115
1 0.7802329361 0.3507460161 0.1144531502 0.1966145217
