1 0.3177167850 0.3306191175 0.0639356681 0.1066703771
0 0.7289065594 0.3120917014 0.2380414668 0.3179577386
0 0.6984602785 0.1895404386 0.1253878085 0.0852575527
0 0.9063202867 0.1559364952 0.0516003146 0.0723738564
0 0.2532481486 0.2930002862 0.0802103784 0.1373729539
0 0.5022733938 0.2905689324 0.0764797347 0.1300788411
0 0.7111934814 0.2656472966 0.1772090243 0.1604710358
0 0.9261759419 0.2072941529 0.1016620255 0.1167062668
0 0.4826871553 0.8868648557 0.3674754988 0.1580396512
0 0.8371051250 0.8595118455 0.1324403529 0.1179219797
0 0.2545827519 0.2988657112 0.1503828575 0.2336223908
0 0.4963319387 0.2840506309 0.0935521173 0.2017129807
0 0.6471520043 0.2464431382 0.0874318983 0.2062714796
0 0.7468243405 0.2453035135 0.0769400402 0.2085507291
0 0.8316332743 0.8458840080 0.1696178675 0.2131091663
0 0.4844818510 0.1508568090 0.1147635233 0.2432175994
0 0.2250342608 0.1457995147 0.1499103481 0.2404819213
0 0.6751296610 0.1160443786 0.1351138380 0.2201815449
0 0.8821859819 0.1020127815 0.1176610040 0.1693569024
0 0.8411601580 0.8775108785 0.1654839592 0.2449782430
0 0.6059195197 0.8777009806 0.1129954299 0.2445980388
1 0.1216518641 0.8688103849 0.0495287426 0.0938604642
