1 0.7351214675 0.1577313452 0.4983243385 0.2890837944
0 0.3603410235 0.6129546799 0.2389510445 0.3914521469
0 0.0331346506 0.4164560150 0.0369997854 0.1440039918
1 0.0934305961 0.3915664464 0.0781106558 0.1582266341
0 0.2201891218 0.4724575784 0.0520737547 0.0817800763
0 0.3675030821 0.5293480245 0.0424812649 0.1137809415
0 0.6141683069 0.5346815185 0.0205554275 0.0960026940
0 0.8964629937 0.4964582396 0.1795175114 0.0977804843
0 0.9073096234 0.4548903472 0.1827221983 0.2126293690
0 0.6199374181 0.5260062391 0.0287925957 0.0818910806
0 0.3713244326 0.5166677864 0.0498333475 0.0890744906
0 0.2196096385 0.4527353045 0.0321148227 0.0703975361
0 0.0496226080 0.4117898011 0.0398666714 0.1005679122
