1 0.6270555242 0.6989421937 0.0193397546 0.0367924162
1 0.3534789283 0.6684570066 0.0701065300 0.0872507419
1 0.6870891937 0.3352222227 0.0249804990 0.0241779334
0 0.6088235105 0.5854989639 0.6693198000 0.5858510253
0 0.6130721621 0.7895464674 0.1143441687 0.1577487138
0 0.8012423961 0.7971325999 0.0652050479 0.1401918377
0 0.3025061451 0.7762708032 0.1111155790 0.1557091634
0 0.8646507051 0.2442751501 0.0896842649 0.1492334098
0 0.6722836899 0.2539342286 0.0825403928 0.0905781439
0 0.5149079031 0.2543766472 0.0786381110 0.1318003172
0 0.2601102185 0.2088468179 0.0999931973 0.1002780625
0 0.2835444589 0.8264507238 0.0965222621 0.0862413939
1 0.6903506252 0.3388307907 0.0300205290 0.0437865373
1 0.6167053223 0.6898536497 0.0325490473 0.0612530685
