1 0.2318111038 0.5818961183 0.0899811029 0.0925067886
1 0.6217290287 0.3585131762 0.0397213756 0.0893532097
1 0.5487714133 0.3621924235 0.0494490872 0.0925068092
0 0.9302353911 0.8370215928 0.0871851891 0.1142748991
0 0.7380528829 0.7920410649 0.0796853715 0.1653338056
0 0.5636824255 0.7725900314 0.0646858948 0.1434514288
0 0.2711900712 0.7482761881 0.0834353278 0.1458828132
0 0.3311884771 0.2480197563 0.0665607541 0.1300788356
0 0.5838381694 0.2680786564 0.0637483226 0.1312945688
0 0.7643022126 0.2857061414 0.0534360734 0.1641181135
0 0.9367976998 0.2656472824 0.0609358910 0.1361573169
1 0.4352482557 0.7859625630 0.0909350979 0.1312945072
1 0.6711409628 0.5123668789 0.1992036100 0.3892513599
