0 0.3413694541 0.1563430684 0.0315722466 0.0740875039
0 0.4718591849 0.7899050719 0.0365180016 0.0473132242
0 0.4519276301 0.7641881341 0.0727134069 0.1157443667
0 0.2757045905 0.7542671767 0.0898224195 0.0716512590
0 0.7000085831 0.7134810889 0.0692915599 0.0826744950
0 0.5165142377 0.2179851455 0.0633034388 0.0705489191
0 0.7376484871 0.2014502455 0.0556043625 0.0970047612
0 0.3531229655 0.2174339960 0.0496161779 0.0363767893
0 0.1914426009 0.2047572296 0.0650143305 0.0573210031
1 0.5460273107 0.5255343648 0.0213863373 0.0485023857
1 0.6820087433 0.6890460123 0.0267478943 0.0667918365
1 0.9656306267 0.6775774040 0.0377583186 0.0663285838
0 0.2782193661 0.8509396956 0.1171408017 0.2709652894
0 0.4630627155 0.8505908531 0.1011467298 0.2536956992
0 0.7271939913 0.8257814139 0.0836964289 0.2216472447
0 0.3658287366 0.0990049836 0.1108442307 0.1980099672
0 0.5243190289 0.1128545707 0.0875237465 0.2099006941
0 0.2021748622 0.1162697934 0.0831485589 0.1733859846
0 0.7540215174 0.1596447068 0.0934500376 0.1377644072
1 0.2856694063 0.3933327694 0.0527357419 0.0507410651
0 0.3622338931 0.2284424391 0.0711304983 0.2464600941
0 0.4676596165 0.7164939317 0.1192568779 0.1628873070
0 0.7295716921 0.6872511691 0.1012692134 0.1157705422
