1 0.5971381490 0.6323543669 0.1046470387 0.1093262310
1 0.6067999049 0.6455294876 0.0383809282 0.0744252547
0 0.5050546578 0.6747269773 0.2141132520 0.1203532985
0 0.2253110813 0.6388640939 0.0679576860 0.1604710318
0 0.0423839166 0.6048247774 0.0223422646 0.2188242373
0 0.6856544976 0.1635293137 0.0409607763 0.1385886783
0 0.4408207010 0.1957450971 0.0428226504 0.1009022834
0 0.2802357904 0.1799411296 0.0474772789 0.1422357444
0 0.0973086174 0.1677842221 0.0484081971 0.1179219293
0 0.2361036567 0.6770019039 0.0754637088 0.1251572431
0 0.0455086983 0.6679850310 0.0411405599 0.1602197482
1 0.6043645342 0.6435516333 0.0417212638 0.0808466064
1 0.5987150100 0.6447426316 0.0667283255 0.0658846679
1 0.0612271961 0.6485518362 0.0524741009 0.1320219494
0 0.2255458761 0.7616650056 0.1145879229 0.1990214079
1 0.3073617112 0.1468497916 0.0347624638 0.0826970332
0 0.2847819947 0.0842550480 0.0849228565 0.1516408012
0 0.1125692054 0.0690950551 0.0755952899 0.1234829004
0 0.4472318256 0.0992818756 0.1197548997 0.1760374513
0 0.5038802403 0.7389054687 0.2547014045 0.1663729196
