0 0.6435901620 0.1509924986 0.1210971708 0.2236869310
0 0.8327457446 0.1564631052 0.1182808750 0.2686674979
0 0.3400715312 0.9032941018 0.1228554710 0.1312824372
0 0.6589336148 0.0992701310 0.0693745160 0.0577327205
0 0.8313630306 0.0816770087 0.0804532046 0.0676018858
1 0.3672663358 0.1666712966 0.0837415013 0.1351148646
1 0.6129995127 0.1942276186 0.0617765101 0.1368926879
1 0.0947633534 0.6697963797 0.0823686656 0.1208922273
1 0.4407117257 0.7720214269 0.0686405421 0.1866718415
1 0.7468485968 0.7942442945 0.0823686379 0.1777826945
1 0.8779520174 0.7915775340 0.0645221102 0.1013361613
0 0.6624129671 0.0945245374 0.1046976229 0.0639349620
0 0.8356321659 0.1049966428 0.0868224623 0.1333815616
1 0.7883905748 0.6357670651 0.0297919978 0.0639349414
