1 0.6376170777 0.5884939451 0.0837261590 0.1505310099
0 0.1422117287 0.3160087754 0.0864636126 0.0960026797
0 0.3110216648 0.2813411439 0.0507802086 0.1048917981
0 0.5477672999 0.1693380398 0.0576424347 0.0693352732
0 0.2321064504 0.8466901939 0.0603872968 0.0977804461
0 0.3817022377 0.7782438653 0.0384282583 0.0817800779
0 0.6555036922 0.6617961661 0.0398007287 0.0871135203
0 0.6773177643 0.6918235416 0.1350369695 0.1453593740
0 0.2184773774 0.8088501549 0.0903416252 0.1478231421
0 0.3768129714 0.7540324493 0.0684694529 0.1120992202
0 0.1523853369 0.3296570213 0.0589598189 0.1207222041
0 0.3073925504 0.2705278033 0.0513520897 0.1256496381
