1 0.3057560297 0.6048041886 0.0999200515 0.1589767935
1 0.3117225364 0.6195180314 0.1150965938 0.1755616609
1 0.2290234978 0.5734053326 0.0503014835 0.0700024139
0 0.3492354782 0.2272822057 0.3725719311 0.4000139029
0 0.3236718166 0.1735327637 0.2260265774 0.1369236695
0 0.2000124708 0.7262527331 0.0791748047 0.0888974841
1 0.2468184483 0.5883174046 0.1969058190 0.1505315018
0 0.3321070259 0.1721905120 0.2312902192 0.1125571265
0 0.0691749196 0.1715191375 0.0498181190 0.1173922845
0 0.6788482666 0.1772099784 0.0735543710 0.1230653378
0 0.2051096975 0.7305493036 0.0824211215 0.0842955414
0 0.3811834641 0.7284425841 0.0684000651 0.0845886869
0 0.6514564797 0.7296483599 0.0416606385 0.0750179030
1 0.3083434023 0.6050259137 0.0512266371 0.1430646876
0 0.1999442583 0.6998063423 0.0466527868 0.0560337598
0 0.3732913924 0.7081517828 0.0384199731 0.0608025058
0 0.6509212164 0.7105361803 0.0246985165 0.0512648174
0 0.9441019694 0.6241012414 0.0896464783 0.0643791266
0 0.3234369349 0.2288849785 0.1893553934 0.1132595955
