1 0.9555830263 0.8348687294 0.0888339474 0.1214121979
1 0.6195712268 0.3889122060 0.0894994459 0.1354213638
0 0.6019294074 0.2279785566 0.1071676041 0.1973388262
0 0.6227102952 0.8858024034 0.0453401304 0.0728908872
0 0.3712787232 0.8653573875 0.1222809598 0.1564488353
0 0.3793970955 0.8465518004 0.1008255195 0.2213862272
0 0.6372442918 0.8406209446 0.1112081441 0.1714982206
0 0.8264496989 0.7501183836 0.0818195264 0.1933533124
0 0.6280935454 0.2554843672 0.1067232631 0.2026794638
0 0.7698867924 0.2471953475 0.0798093550 0.1868047829
0 0.7229015303 0.5953570475 0.2176722610 0.5013533010
0 0.6543541429 0.8442466787 0.0607941180 0.0603976871
0 0.8248866228 0.7793935891 0.0346737304 0.0896714588
0 0.3658596055 0.8641414361 0.0606089865 0.1062392676
0 0.3387033613 0.2659158284 0.0301559258 0.0798466215
0 0.6077744100 0.2136794737 0.0457162184 0.0886237432
