0 0.2335671306 0.6009852912 0.0874967283 0.2171350295
0 0.0847240149 0.5078203345 0.0771511823 0.2563088530
0 0.5009439250 0.5764758202 0.2975965058 0.4520219372
0 0.4640035436 0.7215523258 0.1424102071 0.2694712813
0 0.2331475495 0.5975306521 0.0600169070 0.1750593288
0 0.0732587851 0.5027068559 0.0515770129 0.1677651764
0 0.4957214482 0.6832367682 0.2363165128 0.3124323199
0 0.2373905607 0.5382941666 0.1129419970 0.1718524810
0 0.0907088201 0.4335807267 0.1131296707 0.1760187867
0 0.4929768437 0.5617633738 0.2872940942 0.1837355501
0 0.8235638165 0.6369473037 0.1342660163 0.2037683302
