0 0.6360444191 0.7756196913 0.2154645194 0.3213361299
0 0.6210436612 0.6963627867 0.2285184182 0.2182165695
0 0.1666353942 0.1560902499 0.0833516024 0.2245895177
0 0.1334555631 0.6637081174 0.1127290177 0.2453939359
1 0.2137269991 0.5002627807 0.0201693826 0.0283827739
1 0.3823431106 0.6610984833 0.0734165359 0.1166847592
1 0.6336537811 0.6053841811 0.0919724690 0.1103774815
1 0.1048122776 0.2626884639 0.0492133127 0.0977629017
1 0.1616899706 0.2721493926 0.0403387840 0.1166847592
1 0.2681843623 0.6742386491 0.0322710272 0.0441509926
0 0.7211888961 0.7614894378 0.4122623592 0.3973588844
0 0.4643040965 0.8083274282 0.2335907152 0.2774125068
0 0.2664507864 0.1050818579 0.0830373676 0.2101637159
1 0.7124431471 0.1822133030 0.1465901391 0.2260890226
1 0.7364948487 0.7188004610 0.1565136930 0.1428192163
