1 0.3360474623 0.6540744946 0.1857710425 0.0992370523
1 0.6165276792 0.6432665548 0.0245321099 0.0604766928
1 0.3285022111 0.6539389292 0.0318008879 0.0367603507
0 0.5483828544 0.2110360156 0.0735964240 0.1565279192
0 0.7251051049 0.2406814585 0.0654190645 0.1612711978
0 0.3003356965 0.1914700231 0.0463384752 0.1932882699
0 0.0700061771 0.1375153193 0.0272579331 0.1138384932
1 0.4216778300 0.2023409156 0.1489793677 0.1851310320
1 0.1820153453 0.1853705837 0.1266030529 0.1542758634
1 0.6513299127 0.2250966103 0.0453415153 0.2275568644
1 0.8056089674 0.2409098738 0.0818504074 0.1990158532
0 0.6074134520 0.7383407060 0.0678160301 0.1273651533
0 0.8019059689 0.7513501157 0.0733794695 0.1603287728
0 0.9608780677 0.7812018446 0.0452749486 0.1588495726
0 0.3268281758 0.7203093088 0.0951394770 0.1558300552
0 0.5429764973 0.2052655630 0.0858082324 0.1344025212
0 0.7296993362 0.2117397708 0.0966185266 0.1070489063
0 0.2940120049 0.2080528146 0.0610398706 0.1197824273
