0 0.1533150132 0.5819570498 0.1385091008 0.0862511141
1 0.7831058811 0.8541604595 0.0806281012 0.0735849868
1 0.4359950916 0.8047534205 0.0942939140 0.1030189689
1 0.6437149048 0.7022601027 0.0505633380 0.1692454126
1 0.2221256514 0.7979205601 0.1038599478 0.0956604258
1 0.5685530998 0.1261949351 0.5671298053 0.2133964035
0 0.1508971704 0.5698815582 0.0889231604 0.0837252928
0 0.1461929424 0.6099013806 0.0999186954 0.1333498251
0 0.4425392769 0.6872487851 0.0872368890 0.1455776667
0 0.1775645359 0.5598808812 0.2523552817 0.2528317267
0 0.4494487041 0.6124824476 0.1150515995 0.1888627272
1 0.7811680974 0.8575177103 0.1317567568 0.0744505186
1 0.5147403820 0.9014414194 0.1829720574 0.0521425497
