1 0.2405951174 0.6444433105 0.0187716656 0.0641240234
1 0.1985628780 0.6528530518 0.0620281528 0.0746361816
1 0.1389832206 0.5955618896 0.0897775780 0.0756873535
1 0.1422711485 0.6074631592 0.1041852299 0.0949203613
0 0.7268025463 0.1991531067 0.0631223311 0.0513483276
0 0.7356618182 0.7718297363 0.0786260190 0.0641854492
0 0.4383224961 0.7896590332 0.0753038110 0.0884333008
0 0.2738722807 0.7782482910 0.0697667661 0.0798751953
0 0.1570406327 0.2077111633 0.0531556313 0.0969912964
0 0.3148464037 0.2340985046 0.0609074753 0.0727434692
0 0.4798503426 0.2276799622 0.0675519292 0.0542010132
1 0.3691094440 0.5806998047 0.0764112011 0.0556273438
1 0.2794093256 0.5899710693 0.0653371301 0.0627590332
1 0.1553795169 0.5842656494 0.1650039436 0.0656117676
1 0.0457460285 0.6078003174 0.0808408583 0.1526187012
1 0.5307911559 0.5735680664 0.1517150121 0.0470693359
1 0.8275767830 0.5293514648 0.0941297827 0.0385112305
1 0.6314560221 0.3940346924 0.1451320103 0.1112516113
0 0.7241075220 0.1890588196 0.0736209846 0.1896476440
0 0.4834234960 0.2504511475 0.0604069112 0.1276474609
0 0.3135289352 0.2747649475 0.0660701017 0.2005888062
0 0.1469378643 0.2364707092 0.0745648497 0.1750593140
0 0.0992730111 0.7197075195 0.0566315219 0.2103144531
0 0.2682237234 0.7640802002 0.0377543574 0.1483142090
0 0.4414217742 0.7616487793 0.0537999124 0.1847848633
0 0.7278829065 0.7519232666 0.0622946793 0.1531769043
1 0.5910233776 0.8066293457 0.1434665467 0.0996866211
