0 0.8199603664 0.5608466968 0.2068940707 0.2909014072
1 0.8666376844 0.8043920506 0.0731698372 0.1116249129
1 0.8593803248 0.8042278178 0.0862521938 0.1734502246
1 0.4210620576 0.8094838906 0.0846840163 0.0725337692
1 0.5473039766 0.6255214758 0.1928914610 0.1524259333
1 0.3779358942 0.6139581468 0.1395717941 0.1860648261
1 0.6900122756 0.2733648534 0.4093061840 0.2764692028
0 0.8079360413 0.5680105421 0.1965549681 0.4992051599
0 0.4372116305 0.5401955655 0.1321286001 0.4582146762
1 0.7809177677 0.6605549863 0.1862928085 0.4915758099
0 0.8701837804 0.8027589809 0.0831443262 0.1494130363
0 0.7967691370 0.6663899561 0.1309080301 0.4838135479
1 0.8654727582 0.8083120870 0.0782580526 0.1037238049
0 0.8201186452 0.5800003810 0.0800366584 0.2098321301
