1 0.7987291516 0.2376235890 0.0394365255 0.0893531640
1 0.5548665722 0.1593081628 0.0716295612 0.1303505052
0 0.5826330781 0.7348477241 0.3702204463 0.4110246531
0 0.4230570244 0.6509743689 0.1080379929 0.2940828165
0 0.7104017330 0.6663900261 0.0653674865 0.2561366878
0 0.1054438688 0.2191971196 0.0735737136 0.2779673643
0 0.3164362477 0.1846497498 0.1173531173 0.2819383329
0 0.5961379650 0.2184029371 0.1076242962 0.3208537703
0 0.7542302373 0.1989452133 0.0954633958 0.2644660934
0 0.1519594837 0.6492523173 0.0936392733 0.3295898438
0 0.4310531498 0.6798287698 0.0912070681 0.3097350621
0 0.7095387645 0.6826084212 0.0899909654 0.3089408643
0 0.8852643991 0.6520320303 0.0620208567 0.2620835616
0 0.9123225096 0.1775020129 0.1137048724 0.2374635363
0 0.8750352599 0.6607465377 0.0604989166 0.1385886976
0 0.7168072733 0.6966093633 0.0735294340 0.1835691795
0 0.4273431135 0.7184918250 0.1219286429 0.1495298770
0 0.1104217784 0.6194131636 0.1489204413 0.2723145848
0 0.9397225368 0.2066863221 0.0986597852 0.1470985027
0 0.7666025708 0.2030392503 0.0800447242 0.1543926463
0 0.6032554142 0.2103333837 0.1033135819 0.2030202154
0 0.3226334272 0.1823725170 0.0837677427 0.1422357334
0 0.0527150977 0.2504511478 0.0930752909 0.2516478463
