1 0.4087292231 0.5806277603 0.0196491331 0.0444460068
1 0.7243960160 0.1122782023 0.0649273734 0.0944477155
1 0.3895072984 0.3983992304 0.0444239745 0.0844473394
1 0.8508335863 0.6067398169 0.0187948295 0.0455571018
1 0.4198742314 0.5813704856 0.0616690467 0.0554388114
0 0.8682289076 0.6099154359 0.0944029781 0.1932947091
0 0.3723791474 0.5904644049 0.0953377440 0.2249026774
1 0.3870440319 0.3895319236 0.0301595907 0.0821027602
0 0.6795219355 0.6385769123 0.0568122628 0.1277154266
0 0.8615315629 0.6312788445 0.0519025918 0.1824505183
1 0.8180456739 0.2900963443 0.0224443396 0.0346655646
1 0.4333509297 0.4870340893 0.1839552833 0.2363875165
1 0.7300669667 0.5206994305 0.1385411285 0.1930428655
1 0.8391717597 0.2291496927 0.1609614010 0.1378335861
