1 0.5597926737 0.7506336335 0.0587940299 0.0977811752
1 0.8056198243 0.6606305768 0.0732794805 0.1622278521
1 0.6535222532 0.2411715646 0.5734549235 0.4055696457
1 0.2219398985 0.3117295954 0.2675554963 0.5977985667
1 0.5745859801 0.7881100808 0.1125204432 0.1786768267
1 0.6728676989 0.8595118369 0.1733993691 0.1057650658
1 0.5672538724 0.7644558322 0.0888817574 0.1622665897
0 0.4125996002 0.6840952719 0.1730231932 0.1406310051
1 0.5766903530 0.7906973808 0.1226035869 0.1894999350
1 0.7959215003 0.6368515261 0.0844227561 0.1279488348
1 0.9489212744 0.5655146691 0.0639871138 0.0840774536
