0 0.6223118142 0.8046495067 0.1859259791 0.1160671778
1 0.3392571019 0.3370344729 0.3450068379 0.1384523501
0 0.6035441445 0.7599752151 0.0709844145 0.1301155920
0 0.7923352134 0.7545902274 0.0657802155 0.1129603851
0 0.3096704230 0.7353773340 0.0580307864 0.0879650869
0 0.8673570337 0.1681709167 0.0864008243 0.1933480569
0 0.6898804088 0.1650860746 0.0642365803 0.1058814013
0 0.5129639954 0.1498841525 0.0546335900 0.0726486440
1 0.7094838906 0.3090834452 0.0224378655 0.0520920304
0 0.3191701831 0.7382427157 0.1103823063 0.1368927076
0 0.0445771432 0.7169087892 0.0708627212 0.1084474722
0 0.5992141733 0.7817995131 0.0735881916 0.1564487946
0 0.7988562487 0.7595766668 0.0640489886 0.1297813987
0 0.9494395548 0.7337981661 0.0299803632 0.1457818067
0 0.2510329512 0.1613378102 0.0749509645 0.0995583115
0 0.5099544231 0.1853384776 0.0831273947 0.1226700653
0 0.6905180923 0.1737826007 0.0899410896 0.1386705102
0 0.8663121601 0.1675602055 0.0953921058 0.1653379184
0 0.9393108102 0.7172761313 0.0279556095 0.2078830372
0 0.7841572187 0.7482762118 0.0736164661 0.1701966070
0 0.5991842212 0.7549625123 0.0875942709 0.2249026487
0 0.3093776974 0.7300408399 0.0950490611 0.1629024386
0 0.8666261952 0.2042549158 0.0782757218 0.2224712695
0 0.6914377666 0.1805489576 0.0540475168 0.2066672891
0 0.5059988058 0.1914901641 0.0670934704 0.1847848762
0 0.2483412688 0.1483331845 0.0288874607 0.1373729721
