1 0.2709053958 0.1876909406 0.0404292063 0.0777898314
0 0.8093080639 0.6725305209 0.0730898529 0.0503903040
0 0.6199389572 0.6984455626 0.0708749858 0.0388725625
0 0.3209351029 0.6890873256 0.0642304480 0.0604683483
0 0.5424194336 0.1628686515 0.0819491944 0.0503903040
0 0.7245902857 0.1326344671 0.0808417609 0.0705464132
0 0.8923646919 0.1211166819 0.0620156442 0.0705464184
0 0.0379888665 0.1527905918 0.0586933476 0.0475108583
0 0.3010015052 0.1693474017 0.0442968661 0.0374328037
0 0.7259401503 0.1387989921 0.0478440281 0.0649552040
0 0.8001006194 0.6516288608 0.0757428561 0.1592554155
0 0.6144837186 0.6801975531 0.0822886867 0.1677651897
0 0.3129147257 0.6698641735 0.0850939296 0.1641181436
1 0.4723488899 0.7251780761 0.1271732694 0.1045493128
0 0.8968832246 0.1538037964 0.0841588064 0.1361572976
0 0.7196822107 0.1756862144 0.0794832855 0.1604710667
0 0.5476242477 0.1817646657 0.0850939296 0.1215689949
0 0.3021610941 0.1969607888 0.0673270324 0.1203533232
0 0.0450092401 0.1866274298 0.0561058571 0.1069807386
0 0.0234397219 0.6309621429 0.0468794439 0.1179219797
1 0.4260615432 0.1696077528 0.1019256085 0.0996865744
