1 0.5098245186 0.2474787234 0.0880356229 0.1545284315
0 0.6923458387 0.7883939826 0.0943376760 0.1191375917
0 0.8768179532 0.8303353007 0.1027440247 0.1835691556
0 0.3845808346 0.7731978684 0.1083482047 0.1495298202
0 0.4821876392 0.2711178771 0.0737888269 0.1884319646
0 0.7301742821 0.2376864032 0.0747229042 0.1312945118
0 0.9155804739 0.2443726939 0.0831291899 0.1738436605
1 0.2589529567 0.2243138167 0.0289551033 0.1507455532
1 0.5302904914 0.9196884739 0.0877994502 0.0899609834
0 0.2087655397 0.1231630811 0.2445398730 0.0774193502
0 0.8569821258 0.8428687409 0.0939639695 0.3142625182
0 0.6795747519 0.8928965818 0.0926645946 0.2044317016
0 0.3828953447 0.8557196541 0.1167164459 0.1397732952
0 0.1000343712 0.7371582892 0.1306936502 0.1951558745
0 0.2201862079 0.0847290070 0.1345518602 0.1694580140
0 0.4628535882 0.1501809832 0.1293864058 0.2425968229
0 0.7211535191 0.1259199262 0.1479288737 0.2143560170
0 0.9212694985 0.1413479108 0.0981169426 0.2574755180
0 0.8725178092 0.8824847793 0.0745362714 0.1284187066
0 0.4773785854 0.2205664774 0.0915893618 0.1380675183
