1 0.5769760085 0.3215210693 0.0837767043 0.0964008301
1 0.9254224842 0.2793326172 0.0533214463 0.0511128906
1 0.9602533772 0.3265564819 0.0369810311 0.0277787354
1 0.8045892391 0.2404423706 0.0335408403 0.0200007080
1 0.8299599473 0.1159936127 0.0292407151 0.0600020813
1 0.7985691319 0.2937775635 0.0421411662 0.0377791016
1 0.6403248695 0.4087815552 0.0301007628 0.0433348389
1 0.6368848299 0.2515538818 0.0559015138 0.0711135742
1 0.7405175932 0.2093301758 0.0567615615 0.0555574707
1 0.5758231243 0.3382235474 0.0851422667 0.1355602783
1 0.4162888660 0.3326677979 0.1135230475 0.1377825684
1 0.3311465993 0.7332372559 0.0946025270 0.0500017578
1 0.5074513344 0.7693496338 0.1462039156 0.0622243652
1 0.8204996871 0.6771241943 0.0739619866 0.0888919434
1 0.9563832947 0.5826764893 0.0842822568 0.1155595215
1 0.5557651957 0.3610687134 0.1062927057 0.1281864990
1 0.6330571130 0.2526361572 0.0337302193 0.0795724609
0 0.8464033853 0.7949744141 0.0188259633 0.0572310547
0 0.6819528302 0.7720819824 0.0376520021 0.0944311523
0 0.4045463633 0.7584896240 0.0476186463 0.0701079590
0 0.7771901606 0.2012027405 0.0332223237 0.0572309937
0 0.6011118225 0.1947642639 0.0310075223 0.0558002319
0 0.3536054582 0.2040642944 0.0321149230 0.0600925537
0 0.0789675119 0.1804565125 0.1251374519 0.0844157349
1 0.7877105807 0.5624734375 0.1605745392 0.0643848633
1 0.9621278178 0.5703427002 0.0420816805 0.1116004395
1 0.5617987193 0.5832196777 0.2602416614 0.0772618164
1 0.9006665115 0.4215421021 0.0919150905 0.0486463623
1 0.7118529140 0.4372806396 0.1616820155 0.0457848145
1 0.5822858403 0.3714649780 0.0708742880 0.1259082275
1 0.9416407157 0.2455567688 0.0852706862 0.1259081909
