0 0.4919920482 0.2347523730 0.1089082457 0.1517846610
1 0.3428151697 0.1819835119 0.0192190938 0.0249021694
0 0.2993434099 0.2246729225 0.0988411171 0.1672002936
0 0.1231682963 0.1938416625 0.0979259064 0.1221392334
1 0.6242698891 0.6069609939 0.0219053530 0.0672777237
1 0.6583449494 0.6169475432 0.0348862771 0.0515094880
1 0.2762178128 0.6526887545 0.0365089322 0.0452021937
1 0.6434019730 0.6138903915 0.0673336805 0.0681595751
1 0.2425559507 0.5970776671 0.0455905550 0.1108728634
1 0.0717667871 0.5757210024 0.1010005820 0.1245047456
1 0.4712100365 0.3294378096 0.0091180762 0.0645243737
0 0.1439399244 0.7616672721 0.1411213855 0.1855287449
0 0.3561529737 0.8189788531 0.1261458971 0.2736364795
0 0.6422971670 0.7638553086 0.1306145379 0.1561633695
0 0.1323617959 0.0959959530 0.1163091066 0.1494624666
0 0.3215260486 0.1056324952 0.1678265457 0.2044896355
0 0.5065791340 0.1062104029 0.1244356147 0.1871751726
0 0.7547432041 0.1383835667 0.1103054696 0.2327801515
