1 0.4017859847 0.7022601109 0.1223146227 0.0956604901
0 0.7464906763 0.4131763122 0.5003777963 0.4677901548
1 0.4058079331 0.7034667894 0.0802108482 0.0660559710
0 0.2436038123 0.6403598224 0.4046190898 0.2795584062
0 0.7061530784 0.6002543767 0.2388500072 0.2866358664
0 0.1968162395 0.6713078069 0.1377781903 0.2358438828
0 0.2408478507 0.7020799599 0.4280309289 0.3014911577
0 0.7892051132 0.5683541204 0.3380159166 0.4546681198
0 0.8275124444 0.3008293358 0.2241797553 0.1560809753
0 0.1876663208 0.5735846875 0.2008275915 0.1421727199
1 0.4141812360 0.7041673099 0.1120898211 0.1282646329
0 0.2156577569 0.6579093746 0.3092463034 0.3134888668
0 0.8022845798 0.4534653402 0.3864069056 0.3784052344
