0 0.7156135172 0.7251023323 0.0845186778 0.1743186705
0 0.4388830423 0.7221377465 0.0981506800 0.1992213095
1 0.0844274386 0.5722711132 0.0281970115 0.0357413507
1 0.0872471412 0.6763415429 0.0418927177 0.0819948258
0 0.7435757292 0.2109412347 0.0670808054 0.2042359506
0 0.4920225202 0.2085098451 0.0596273868 0.1361572881
0 0.3000968018 0.2407256342 0.0540373322 0.2176085441
0 0.1445064898 0.1738626849 0.0614907603 0.1470985043
0 0.7067744346 0.7294330228 0.0885094264 0.1738436791
0 0.4268050600 0.7069427244 0.0763976447 0.1629024875
0 0.2446619418 0.6978250565 0.0680125346 0.1787064583
0 0.0662455093 0.7087662728 0.0447205589 0.0814512191
1 0.6247866787 0.1665685285 0.0791926248 0.0911767406
1 0.8339485385 0.1538037823 0.0447205872 0.1167062329
0 0.3026779043 0.2163385822 0.0668175772 0.1516765718
0 0.4901997457 0.1936427701 0.0577799228 0.1054209063
0 0.4218025349 0.6984293046 0.0448157991 0.1308265440
1 0.0824948984 0.6916584384 0.0659906225 0.0802093014
