1 0.3867804080 0.7005190054 0.0177490763 0.0189218329
1 0.3617703374 0.6658289784 0.0225896888 0.0546631056
1 0.6574536420 0.6605729219 0.0266235578 0.0399461081
1 0.7720157621 0.3935646100 0.0960063002 0.0693801277
1 0.7643514148 0.5896159625 0.1097214321 0.0536118353
0 0.8083206960 0.7846161307 0.3622423312 0.3658223978
0 0.4581800377 0.7804112707 0.3299712474 0.3405932381
0 0.5021493094 0.2258959900 0.3630490748 0.3963075987
1 0.4001091537 0.7836632740 0.0307791574 0.0684138689
0 0.3738563363 0.7978178727 0.0887164303 0.2241145033
0 0.9594143388 0.7571234323 0.0811713224 0.2819124356
0 0.6739532716 0.7777655369 0.0878110943 0.2217552314
0 0.5218013086 0.0869024063 0.3417743407 0.1176919376
0 0.3789436940 0.8353777570 0.0494363628 0.1892181323
0 0.1703840219 0.8132352253 0.0442867527 0.2173995541
0 0.4947623947 0.2515787498 0.3209049222 0.3552384788
