1 0.4532501773 0.6196279901 0.1463743855 0.2348009431
1 0.3350017380 0.3108269384 0.0926426299 0.1788583950
0 0.1662589652 0.2015999431 0.0785037886 0.2956229293
1 0.2580207135 0.5940039942 0.1232422506 0.2126244971
0 0.1531269478 0.1171259355 0.0665703194 0.0550809304
0 0.7123717158 0.6867335792 0.0441269355 0.1284522527
0 0.4562292607 0.7041280084 0.0491401140 0.1610418094
0 0.2716027548 0.7074969128 0.0568895601 0.1664600538
0 0.1160793097 0.7201095489 0.0250915054 0.1008610232
0 0.1567497549 0.2034282315 0.0652534110 0.2513328995
0 0.3439860815 0.2000159937 0.0615980991 0.1969503106
0 0.5112214948 0.1849541438 0.0545146775 0.1814352676
0 0.7602650408 0.2019886885 0.0370796618 0.1366496019
1 0.2194730537 0.5337926090 0.0619758862 0.0871135363
0 0.1182457857 0.7337981587 0.0605986445 0.0817800246
0 0.2869578990 0.7355759960 0.0674848374 0.1102253390
0 0.4467179488 0.7320203418 0.0482034530 0.1280035893
0 0.7021962878 0.7080196409 0.0550896696 0.0977804783
0 0.9716068238 0.6253507180 0.0567863523 0.0640017743
0 0.1685151093 0.1613378188 0.0564669035 0.1208922505
0 0.3441134352 0.1951165330 0.0440717357 0.1102252881
0 0.4935441838 0.1844495706 0.0619758862 0.0817800551
0 0.7517770220 0.1977832685 0.0468262350 0.0728909096
