1 0.5786720102 0.1986066796 0.0381302291 0.0636956960
1 0.5771203209 0.1995728422 0.0357710244 0.1184679043
1 0.8310244542 0.3203189750 0.0554100021 0.1558308605
0 0.8029687222 0.7627509296 0.1101186685 0.1202904830
0 0.7714060908 0.1230243460 0.0736461821 0.1749679576
0 0.5809780145 0.7650292197 0.0757503786 0.1448953266
0 0.3004209467 0.7135412425 0.0364724232 0.1585647388
1 0.3638969564 0.6543072801 0.0946879890 0.0911290182
0 0.7720801312 0.1126366919 0.1262640469 0.0910136486
1 0.8723180862 0.3883136064 0.0501286287 0.0824662127
