0 0.7912347134 0.1871774113 0.1009556235 0.1430364542
0 0.6022332233 0.2171173507 0.1288609475 0.1411742341
0 0.4216225192 0.2083975337 0.1139701385 0.1098584178
0 0.1973109986 0.2517919309 0.1116876543 0.1458558239
0 0.2650139534 0.7629195057 0.0655121418 0.1761945946
0 0.0174690552 0.7251988126 0.0290183656 0.1518216197
0 0.5185798661 0.7566456551 0.0792643861 0.1603644029
0 0.7021845468 0.7521827883 0.1045472202 0.2076476886
0 0.8539012964 0.7468226554 0.0484612822 0.1727554445
0 0.2518238992 0.8280284296 0.0912577627 0.1759444491
0 0.5088607125 0.8222756604 0.0946799332 0.1770886527
0 0.6904300666 0.8177952111 0.0945141399 0.1801717506
0 0.8510869186 0.7864567841 0.1067685587 0.1790856210
0 0.2068618711 0.1633141973 0.0804884064 0.1990034510
0 0.4221062986 0.1760442636 0.1025891985 0.1777978882
0 0.5942663505 0.1751923471 0.1359414363 0.1911359103
0 0.7808347588 0.1466985816 0.1010569065 0.1520993472
0 0.9463755922 0.1114065628 0.0833646091 0.1207180486
0 0.0152576083 0.7714471123 0.0305152166 0.1038395555
0 0.2609381429 0.8067214842 0.0778316553 0.1397321758
0 0.5088013359 0.8157291052 0.0939804614 0.1615946068
0 0.8498873187 0.7597998853 0.0534331833 0.1795666636
0 0.6865355687 0.7765882137 0.0870142714 0.1539063158
0 0.1935203347 0.2399781734 0.0793092147 0.1429196792
0 0.4265370497 0.2196879117 0.1004210920 0.1799736126
0 0.5960073846 0.2034637112 0.1173513345 0.1819280434
0 0.7820764704 0.1985437388 0.0797165265 0.2038028131
0 0.6013773727 0.2332891017 0.1396104011 0.1645587911
0 0.5442607872 0.8082393430 0.0736312708 0.2013187049
