1 0.2656403932 0.2211655374 0.1420674695 0.1114286662
1 0.7652980666 0.3236588698 0.0597328621 0.0872507443
0 0.5969965880 0.4823921399 0.6772419984 0.5897309050
0 0.3837025697 0.4927025099 0.0423655456 0.2540497362
0 0.5423270744 0.4708901636 0.0482770060 0.2360866614
0 0.2078362420 0.4901363563 0.0354688417 0.1565356544
0 0.8876556555 0.5215718093 0.1635506902 0.2655974889
1 0.1142379168 0.5748196292 0.0551737336 0.3182036983
0 0.3890894756 0.5720423854 0.0796776964 0.2811147919
0 0.5493741208 0.5610318203 0.0743229209 0.2542904173
0 0.2070294474 0.5019001208 0.0265485220 0.1371037410
0 0.3791370451 0.3385677878 0.0302103784 0.0679557481
0 0.5356817532 0.3492977436 0.0302103784 0.0655713410
0 0.3780286404 0.5016180906 0.0466248507 0.1689045400
0 0.5434615219 0.5088252223 0.0314521434 0.1510241221
