1 0.4050707282 0.6738773482 0.0394773183 0.0767386829
1 0.5898822006 0.3416221963 0.1892707450 0.1621694018
1 0.8937574125 0.3154349350 0.1768858128 0.1805863178
1 0.1855098517 0.2622281291 0.1248497778 0.2856871180
1 0.5810228294 0.3096400420 0.2059089602 0.2224712719
1 0.5526054915 0.6792097754 0.2347921209 0.2905498564
0 0.4486114581 0.2051292620 0.0719913926 0.1458440615
0 0.7166846460 0.1964775029 0.0530462694 0.1483159956
0 0.1075996300 0.2119270834 0.0663078446 0.1915748375
1 0.7110010901 0.7359769362 0.0663078367 0.0902256004
1 0.4135630211 0.6735606280 0.0530462694 0.1062931568
0 0.4731540887 0.1908500502 0.0913936960 0.1137402484
0 0.1165005351 0.1897486599 0.0776007206 0.1385404827
0 0.7331973527 0.1965931322 0.0872123935 0.1650301624
0 0.7382175022 0.7262551635 0.0702270192 0.1803617677
