1 0.3623666421 0.1939982185 0.0769871144 0.0777898208
0 0.2417887264 0.7441861135 0.0583591213 0.0564555453
0 0.5696878488 0.7602245403 0.0672613763 0.0757016904
0 0.7610859819 0.0827586375 0.0425329114 0.0834001531
0 0.7689990869 0.6255012574 0.0445112114 0.0628708585
0 0.5467972396 0.7691401561 0.1338594828 0.2346238293
0 0.7708932059 0.6685523267 0.0862334492 0.1787551098
0 0.7450392844 0.0574948961 0.1044970703 0.1149897922
0 0.0642603607 0.1117527504 0.1196404400 0.1996561729
0 0.2050637857 0.8124353866 0.1708084067 0.2349191342
0 0.7833898450 0.1691179455 0.1545853414 0.1722142818
