1 0.3092627444 0.2050591952 0.1133332511 0.2866766031
0 0.2652853326 0.2598734011 0.1121937445 0.2791731013
0 0.4924494885 0.3474203185 0.0656154686 0.2113129052
1 0.2733700670 0.2006660107 0.0745071010 0.1748852092
1 0.5875670505 0.1434671419 0.2018484870 0.0980018867
1 0.3057570003 0.1774041202 0.0628363387 0.1778763115
1 0.0394083341 0.2601453605 0.0319065666 0.0740185695
1 0.2852222744 0.3395150755 0.0330654103 0.0737923248
1 0.4464632283 0.3280286141 0.0245763612 0.0840984209
0 0.4853082807 0.4265302133 0.1401763176 0.1586768760
1 0.1960515322 0.2919463085 0.0418704634 0.0977970988
0 0.2249695816 0.3714838496 0.1450507413 0.1579451930
0 0.8166232884 0.3610561245 0.1829730738 0.1924054493
