1 0.6455737229 0.1950494361 0.5185406317 0.3469005574
0 0.3491496328 0.6287089331 0.0296678662 0.0872493862
1 0.3810821470 0.6697663914 0.0434859027 0.0728006889
1 0.5676509177 0.5851355818 0.0350693192 0.0309403061
1 0.8766116384 0.6201709527 0.1031037643 0.2065719666
1 0.1983710087 0.8226478546 0.1241453970 0.0582405183
0 0.8138255519 0.4650204275 0.0702741314 0.1726279997
0 0.5566219631 0.4862949993 0.0712111540 0.1908633821
0 0.3415829512 0.6139424300 0.0946359278 0.2735302028
1 0.2096447213 0.5851916676 0.1471018020 0.1678116440
1 0.8101641390 0.5454683163 0.0734944324 0.0790770827
0 0.3374864887 0.5407714022 0.1150435452 0.2027236302
0 0.1300306241 0.5474218725 0.1286272152 0.1733440743
0 0.8022199449 0.3997264980 0.0894223288 0.1930403369
