0 0.9347687993 0.1812277975 0.1304624014 0.2057582573
1 0.7558137966 0.1653820357 0.0236900099 0.0343887108
0 0.8355527410 0.7969754578 0.0868418307 0.1220073639
0 0.3641249225 0.7445840621 0.0753044897 0.0576498639
0 0.6437481603 0.7438634400 0.0609080342 0.0446786666
0 0.8375464304 0.7647615292 0.0365447904 0.1152997278
0 0.9333381111 0.1471873158 0.0775193231 0.0619736086
0 0.7351101739 0.1486285660 0.0620154133 0.0446786421
0 0.4538258487 0.1522316764 0.0664451180 0.0432373979
1 0.7229285897 0.5392064282 0.0797341566 0.0475611549
1 0.4997837003 0.5291176946 0.1782943980 0.0417961292
0 0.4403211701 0.1613378126 0.0805963018 0.0746687371
0 0.7299214317 0.1666712930 0.0560075785 0.0640017764
0 0.9334612370 0.1613378126 0.0833283319 0.1137809385
0 0.3720192300 0.7355759795 0.0887925429 0.0995583488
0 0.6459100451 0.7337981589 0.0628378234 0.0924469681
0 0.8357894549 0.7764660262 0.0601057179 0.1173366044
