0 0.2641470776 0.4193970316 0.3942769857 0.3850660831
0 0.6049989683 0.4451144183 0.1463846402 0.1946182865
0 0.7882470098 0.5257420440 0.1346312343 0.1918380172
0 0.2911545934 0.4257908082 0.3443893291 0.5413751034
1 0.6343312928 0.6712492668 0.2498035159 0.5466311542
0 0.3899399654 0.3477145516 0.4677146416 0.4439455115
0 0.3131540493 0.4455348213 0.2342709757 0.3489128273
0 0.7688829168 0.5459331813 0.0542627860 0.1483181817
0 0.5916982550 0.4436944541 0.0586924267 0.1108786173
0 0.2915917459 0.3356957919 0.3133953650 0.1252783930
