1 0.4353289375 0.6449689352 0.0218713208 0.0399461562
1 0.4029269186 0.6391872898 0.0380723460 0.0304852147
1 0.1753029490 0.6223678794 0.0737145225 0.1061725822
1 0.1190044891 0.6139581332 0.0324019872 0.0346900366
1 0.5078283830 0.2712624355 0.0388823657 0.0725337408
1 0.5454956876 0.2686344065 0.0251115891 0.0861995246
1 0.2433471206 0.2691600041 0.0396924486 0.0557143304
1 0.1701955692 0.6173467944 0.0736244553 0.0802094244
1 0.4028850696 0.6350400371 0.0299951602 0.0448229390
1 0.4392428208 0.6421173260 0.0281772860 0.0471819806
1 0.1242939037 0.6108592454 0.0181788756 0.0365660473
1 0.1485227943 0.6125384710 0.0315333978 0.0478197734
1 0.4224850829 0.6381485642 0.0428412747 0.0470399754
0 0.2957999547 0.8294744184 0.1651102913 0.2607351324
0 0.5902939752 0.8266459434 0.2079368840 0.2859887974
0 0.1298908528 0.8416091345 0.1192867886 0.2544784546
0 0.4326519248 0.8370319900 0.1194242757 0.2310145388
0 0.2699065008 0.0770344837 0.1040582089 0.1540689673
0 0.0949568430 0.0748529485 0.0942476056 0.1497058971
0 0.5186076310 0.1137151564 0.0736065020 0.1358258750
0 0.4290017948 0.7065284688 0.0723876953 0.1126931713
