1 0.4160579833 0.7228549739 0.0614610130 0.0466682614
0 0.4267283053 0.7600784661 0.1630423951 0.3455675324
0 0.6248747564 0.3189204463 0.2417065758 0.2866018584
0 0.8890193302 0.3494749024 0.0623835501 0.1553423024
1 0.8054077338 0.4307840058 0.1281384637 0.1946163088
1 0.3783690270 0.2730384184 0.1211759722 0.1059819591
0 0.1607208134 0.2180470373 0.1854995514 0.2901452061
1 0.5525300825 0.6170826305 0.1793648630 0.1398947565
0 0.4438370311 0.7554913556 0.0558630819 0.1232037169
0 0.7167886338 0.7792926416 0.0285041442 0.1641096019
0 0.8831010356 0.8373484191 0.0418956932 0.2158765388
0 0.1001219515 0.5655666775 0.1541805238 0.2804859303
0 0.6778817687 0.4003207839 0.4790539216 0.6287089030
0 0.6194855541 0.3221768569 0.2549647821 0.2881185512
0 0.4453063428 0.7695508141 0.0803185397 0.1130591396
0 0.7096104827 0.7981195007 0.0242823933 0.1142748284
0 0.8791199520 0.8467470522 0.0420271730 0.1264317163
0 0.1595217117 0.3373729976 0.1270153916 0.3841580683
