1 0.2192525734 0.7222331732 0.1864533584 0.1797575153
0 0.1496125824 0.1596722476 0.0953956010 0.2493273088
0 0.9021195646 0.7802564888 0.0970420507 0.2445629370
0 0.7066561743 0.8054911953 0.1033064155 0.2251086594
0 0.3736001051 0.8034901353 0.1466807777 0.1665691354
0 0.8893970919 0.0969181891 0.0734008487 0.1860481611
1 0.5932150182 0.3168110273 0.6665398182 0.2212660473
1 0.3776238893 0.5957986744 0.6417170314 0.2765825622
0 0.7150579389 0.2078368820 0.0780236017 0.2075501969
1 0.7900225400 0.3222133171 0.1314466403 0.2425020136
