0 0.4294454084 0.7762064419 0.5380783648 0.3889491378
1 0.7391535693 0.2932282231 0.1167919801 0.1823534881
1 0.4636596075 0.8085004527 0.3204919796 0.3040899747
0 0.3504405730 0.7142368876 0.2849725213 0.2650204473
0 0.7246421587 0.7379428292 0.0429794765 0.1130591744
0 0.0421096871 0.6862760289 0.0588631878 0.1896476807
0 0.6340115802 0.1896666375 0.0579288974 0.1325101991
0 0.3822079838 0.1744705176 0.0457824480 0.1215690085
0 0.2046841442 0.1136860563 0.0588632149 0.1240003773
0 0.9297288951 0.3282553140 0.1037112699 0.3318833552
0 0.3682062130 0.7230153844 0.3580518666 0.5539692312
0 0.0439256064 0.7944629565 0.0878512128 0.1872256367
0 0.9099573570 0.1047653346 0.1634252567 0.1719018319
0 0.6466020263 0.1024868177 0.1124969331 0.1433159157
0 0.3854764617 0.0872341892 0.0730282245 0.1237520488
0 0.2384893115 0.0568425690 0.0980576808 0.1079858021
0 0.7778002673 0.8703628761 0.2002842214 0.2580336910
