1 0.3004416082 0.6623139848 0.1060729037 0.1629381443
1 0.3936571731 0.2397260196 0.0498221486 0.0977628660
0 0.7689302110 0.7369501239 0.4371488905 0.3626687583
1 0.3910297512 0.2428397695 0.0405758573 0.0672343197
0 0.1678623199 0.7181982965 0.0865619070 0.2087803208
0 0.2138483421 0.2151203631 0.0685281970 0.1769323986
0 0.7854987076 0.7498755015 0.3887052870 0.1072026752
0 0.3530502162 0.7520485259 0.0465117464 0.0391145219
0 0.2107464348 0.1747476137 0.0365449571 0.0202815956
0 0.2122310127 0.2056198892 0.0696557271 0.1172434729
0 0.1753519196 0.7248672619 0.0851480228 0.1752700857
0 0.3400947807 0.7140381929 0.1112249945 0.1605214732
0 0.3633296691 0.8340608439 0.0985035690 0.2565639751
0 0.1950054680 0.8504862975 0.1029035431 0.2703590727
0 0.6858874134 0.8417290902 0.2171046935 0.2974218059
0 0.2237579582 0.0945765572 0.0882695621 0.1891531144
0 0.0340946984 0.1369289725 0.0432297933 0.1261160935
0 0.6132604225 0.0780008929 0.0781609919 0.1466013821
0 0.3811376355 0.1103990154 0.0703405950 0.1871052277
