1 0.4021916328 0.6302519569 0.0297050311 0.0336388016
1 0.6301980227 0.6039715892 0.0313107339 0.0483558667
1 0.3492042123 0.6407640793 0.0200710026 0.0336388509
1 0.1810093573 0.6964784292 0.0208738352 0.0231267039
1 0.1669596696 0.7616536475 0.0264937103 0.0189218352
1 0.4640102492 0.1035938355 0.1485252686 0.1597844803
1 0.5511183177 0.2255346455 0.1188201998 0.1366578011
0 0.5731963829 0.5550901817 0.4375474802 0.5077363047
0 0.2088119723 0.5935362044 0.1064082433 0.5326300946
0 0.3869697434 0.5995073827 0.0735736826 0.4378871887
0 0.1574524274 0.4069559347 0.1907070285 0.1268105699
0 0.1475908749 0.4924914802 0.1647335149 0.1760144704
