0 0.7961720543 0.1151894691 0.1289943628 0.1369906432
1 0.4636882794 0.6369205552 0.0623607616 0.0830458673
1 0.4321029490 0.2732006099 0.1433488280 0.1566308758
0 0.2114105619 0.7583357843 0.2526826592 0.3910516316
0 0.7722527110 0.2096021665 0.3247620702 0.3511053815
0 0.7970689618 0.1685794139 0.1241895642 0.2105983965
0 0.6171691011 0.1561835475 0.0849580972 0.1837928106
0 0.2183740137 0.7440866560 0.1230234424 0.1347472325
0 0.7150645685 0.8029951467 0.0513834593 0.1217509635
0 0.5335601680 0.7524328859 0.0657711877 0.1036699743
0 0.6326832027 0.2132987259 0.0727143312 0.1613215606
0 0.8029547201 0.1883428586 0.1166662711 0.2460106357
0 0.2572087285 0.2305111059 0.0699669602 0.1779386994
0 0.9079459189 0.7742436556 0.0409858333 0.1660125118
0 0.7296393157 0.7301636971 0.0654025467 0.1972211390
0 0.5370928381 0.7062575782 0.0837028685 0.1711811655
0 0.2416900035 0.6639806760 0.0997620576 0.1944109411
1 0.1202255336 0.3907867636 0.1669063075 0.0944803737
0 0.4697902644 0.1788208417 0.0375015590 0.1173073173
1 0.5787134654 0.2873533467 0.1308131410 0.2362717699
1 0.4159466527 0.4124064196 0.1851677564 0.0867381256
1 0.1672869172 0.5904996322 0.1705392011 0.1831187818
1 0.4130066928 0.6200996348 0.2404249284 0.2093186756
1 0.6533701442 0.6619217226 0.1232273295 0.1571820765
1 0.7289587768 0.3685856147 0.1801341233 0.1426701283
0 0.6451021528 0.2521329432 0.0376586283 0.0453037953
0 0.8384472315 0.2783614907 0.0385771853 0.0548415011
0 0.2441751111 0.6938453623 0.0936874342 0.1084906866
0 0.5335038667 0.7308037060 0.0606212596 0.1204128598
0 0.7245528212 0.7659738835 0.0440882118 0.0834543932
0 0.9087128348 0.7808762928 0.0394956792 0.0941842918
0 0.2703524869 0.2741887752 0.0247996349 0.0631868913
0 0.2337335391 0.7709630774 0.0537621420 0.1945859768
0 0.5397642781 0.7917636539 0.0496266315 0.1798242351
0 0.7165591093 0.8085383268 0.0330843368 0.1301712753
0 0.7954604298 0.1352947747 0.1052033386 0.1451768555
0 0.6249202819 0.1856035937 0.0586923404 0.0991802344
0 0.4770819458 0.1726670387 0.0332220920 0.0905558644
0 0.2639067925 0.2028523285 0.0431887322 0.0761819110
0 0.2328995051 0.7339696692 0.0919144955 0.0488714641
0 0.5346669273 0.7504997509 0.0730886213 0.0905558541
0 0.7157273712 0.7849971899 0.0609072160 0.0474339837
1 0.6703238108 0.5650758270 0.1782919599 0.0359348374
