1 0.4856574913 0.7525540752 0.0989088074 0.1271968718
1 0.2267255554 0.6674057745 0.0699598441 0.0767385667
0 0.6826708615 0.7672710542 0.4237798165 0.3185177219
1 0.4161582349 0.6439722123 0.1943840201 0.1782485962
1 0.5251323834 0.3475356317 0.2038933050 0.1453312535
0 0.5296644603 0.7132040701 0.1175613545 0.3552423293
1 0.7734311743 0.3307870311 0.1435950513 0.1813398546
1 0.5011649770 0.7293172775 0.0521337379 0.1311760195
1 0.5173194881 0.7572148477 0.1031158278 0.1705719979
0 0.5720351147 0.6676607440 0.2417880793 0.1872162357
