1 0.3296199058 0.3080545694 0.0293006707 0.0304852467
1 0.2189284462 0.2581218061 0.0195337742 0.0147169979
1 0.0406826720 0.6617886585 0.0618569809 0.0735850629
1 0.8138950025 0.5340659758 0.0879020122 0.0304852712
0 0.2174100259 0.1664305415 0.3102219805 0.1398829694
0 0.6177513920 0.7447073205 0.0988058973 0.0670111599
0 0.1937940512 0.2253596539 0.0683328999 0.1049165657
0 0.0411159639 0.1926902679 0.0635409017 0.1085661494
0 0.6108933824 0.7435210324 0.1598352461 0.1191733242
0 0.2892916096 0.7848247482 0.0721840930 0.0833413733
0 0.1058825165 0.7504424681 0.0554204058 0.1005758875
