0 0.3462316642 0.1566538461 0.0905983722 0.2391240108
0 0.6073860761 0.1795402968 0.1118799081 0.3085725550
0 0.8168568665 0.1811186644 0.1368096386 0.3275130502
0 0.9174879321 0.7556476195 0.0875581890 0.2343888735
0 0.7448037577 0.7406530425 0.0620203838 0.2896320520
0 0.6820711600 0.8824126725 0.1734807622 0.2060693819
0 0.9177644562 0.8485294180 0.1084167797 0.1521645439
0 0.8134455073 0.0610784202 0.1268495234 0.1193156002
0 0.6034685678 0.0556499684 0.1361889775 0.1112999368
0 0.3554811784 0.0635698084 0.0695812166 0.1271396168
