1 0.5479258572 0.5608718421 0.0688541991 0.1051213664
1 0.4794766205 0.1172596178 0.0421225707 0.0883019611
1 0.4761199240 0.1192365846 0.0329653060 0.0764570390
1 0.5585331257 0.5811645139 0.0182360783 0.2011548524
0 0.6038789912 0.6870898175 0.0558415733 0.1503008771
0 0.0894272289 0.5986833060 0.1082274182 0.1137809343
0 0.2914973950 0.6662407126 0.0575386099 0.0711130532
0 0.5956301420 0.6724630992 0.1013775929 0.1013361203
0 0.8942830003 0.6360176661 0.0684983240 0.0497791741
0 0.2188891387 0.0573349268 0.1013775929 0.0444456813
0 0.5223368759 0.0760021133 0.0835679705 0.0604461291
