1 0.7373462605 0.9023669679 0.0945056843 0.1072255075
1 0.5654436795 0.8645226449 0.1352407779 0.1240452066
1 0.2077885682 0.9144561266 0.1270938657 0.0830473386
1 0.5589260029 0.4130188007 0.3079581495 0.2428344244
1 0.7333841864 0.9199181230 0.2194001396 0.1191366872
1 0.5432372759 0.8515030251 0.0585067461 0.0648763962
0 0.5122841313 0.7107894257 0.1829958358 0.2132199102
1 0.7535265365 0.9238714774 0.1531758434 0.0523180877
1 0.5366347115 0.8561900644 0.0978266302 0.0498267538
1 0.1704287115 0.9263628114 0.1042625283 0.0290655878
1 0.7864176912 0.9057340059 0.1781034074 0.1121785308
1 0.1794972114 0.8681076709 0.1631548324 0.1432127717
