0 0.7711511022 0.3682941508 0.4295377123 0.2349725882
0 0.4901350228 0.4325661237 0.1795082864 0.2778205156
0 0.2978047420 0.4325661033 0.1624122885 0.2529411214
0 0.1460774641 0.4795606066 0.2115633753 0.3690451860
1 0.5964821222 0.4715186725 0.2390424017 0.1576820353
1 0.3171927421 0.8168423936 0.4837763002 0.3479518123
0 0.4650842045 0.4034136038 0.2157313701 0.2315368243
0 0.2855563008 0.4151771893 0.0893270869 0.2674519230
1 0.4317706055 0.4212555873 0.0376113884 0.0632159358
0 0.4538673255 0.4042359012 0.1100133853 0.2674518411
0 0.1304092981 0.4680596421 0.1626692634 0.3172950847
0 0.7307811715 0.2887453637 0.3516665350 0.3403931789
