1 0.9508329295 0.4515456230 0.0500322647 0.0630728142
1 0.4202483885 0.1687690898 0.2219174561 0.2796228669
1 0.9551434712 0.4545689199 0.0307866774 0.0872866528
1 0.9618776078 0.4607983605 0.0291353247 0.0725765151
1 0.9405080046 0.4575795565 0.0349832792 0.0747326966
1 0.8900710700 0.3641940310 0.0849125329 0.1415336553
0 0.3046428865 0.4240842116 0.1122589868 0.3149378102
0 0.5670768615 0.4151388173 0.0593824044 0.2610658364
0 0.7398386297 0.4047979520 0.0902416508 0.2280433291
0 0.9021975530 0.3133384144 0.0893421575 0.3407102004
1 0.5433166390 0.5972143978 0.1856473523 0.1980687373
1 0.7862018647 0.5278891994 0.1168488192 0.1665245469
0 0.0405520507 0.5311091610 0.0503363651 0.0619946742
0 0.3077923516 0.4965352081 0.0430147344 0.0453038004
0 0.5663381811 0.4255989573 0.0384386859 0.0488804901
0 0.7425154032 0.4077158782 0.0411843604 0.0727246448
0 0.8999308949 0.3409523090 0.0375234611 0.0727245956
