1 0.4099635880 0.6909027510 0.1633081851 0.2027503393
1 0.4053193086 0.7054330969 0.0664311443 0.1640505227
1 0.4047262851 0.6900760076 0.0872907935 0.1855620107
1 0.6161069376 0.5017361590 0.0924255497 0.1711170238
1 0.9027974068 0.7678565569 0.1026949991 0.1500052175
1 0.6862819506 0.2350602458 0.2327755756 0.2088961550
1 0.5848705537 0.1595020685 0.5913525062 0.2888989231
1 0.4052537559 0.6991305403 0.0821554685 0.1155587883
0 0.7304525751 0.6386844266 0.0588780753 0.1120031213
0 0.4915170136 0.6573515861 0.0794169424 0.1208922684
0 0.3230982715 0.6004611395 0.0684629010 0.1386705214
0 0.1403022948 0.6200172055 0.0424470052 0.1386705214
1 0.7023827531 0.2466735225 0.1670494948 0.1991166556
0 0.9639111000 0.5355704318 0.0629858803 0.1973388426
