1 0.5873344577 0.6959528040 0.0637866453 0.0641240168
1 0.7859612195 0.6370848627 0.0654014536 0.1271968725
1 0.7147361741 0.2205269241 0.0200382532 0.0355752401
0 0.3827380650 0.2519517183 0.3816384508 0.2051505244
0 0.6905991289 0.2306065767 0.1102106192 0.2004071541
0 0.8745870974 0.1885092055 0.0482740904 0.1446726088
0 0.3212569313 0.7879518764 0.0765098709 0.1885487039
0 0.6327613354 0.7743147207 0.0400766197 0.1565310467
0 0.8158384758 0.8039607541 0.0291466462 0.0830088445
0 0.3667723515 0.1462937261 0.2290854752 0.1746252677
1 0.8979419338 0.3170555962 0.0759661597 0.1483542032
1 0.7341399184 0.3448720001 0.0640965015 0.1916241976
1 0.3697397660 0.6292175440 0.0474788593 0.1854427418
