0 0.3708697215 0.7434980550 0.0860818920 0.1139310920
0 0.6167536065 0.1827109280 0.0618701595 0.1311209314
0 0.4559696689 0.2301996752 0.0719348416 0.1666704218
0 0.2885194911 0.2010293384 0.0692786793 0.1970760734
0 0.3970447767 0.7399943510 0.0726435066 0.2370596101
1 0.1167153746 0.4883464758 0.1490122918 0.1543926184
0 0.2878171524 0.1587595192 0.0797058332 0.1822723672
0 0.4550435472 0.2057224514 0.0999629332 0.1667047479
0 0.6158921270 0.2169690787 0.0732900034 0.2081100267
0 0.2030559861 0.7459097325 0.0673342223 0.2405402903
0 0.3990810319 0.7714333480 0.1104676275 0.1443130419
0 0.5749407098 0.7636091636 0.0717746999 0.1476936402
1 0.6069911164 0.3676296105 0.0439459168 0.0521900380
