1 0.4199592142 0.2649551540 0.0370678031 0.0998653233
1 0.3792652047 0.2975427631 0.0443202158 0.0683289067
1 0.7249629254 0.2129200703 0.0314270964 0.0798922340
1 0.7160988822 0.1251437198 0.0233687929 0.0620216160
1 0.7200525242 0.2310845617 0.0483198136 0.0469667253
1 0.4069212922 0.2848491145 0.0720059516 0.0951694618
0 0.7105398456 0.3128067041 0.0774758732 0.1611833465
0 0.9112944517 0.3027817044 0.0843587492 0.1939244679
0 0.4082115528 0.3449168290 0.1092614708 0.1324721477
0 0.0824647342 0.3546730128 0.1614328817 0.1761056780
