1 0.5492714903 0.3535865866 0.2033691722 0.1820526123
0 0.2168039479 0.6887082336 0.1298314078 0.3090895786
0 0.1413361125 0.1055224185 0.1099441378 0.1554565096
0 0.2946331026 0.1234591674 0.0957616341 0.2270125984
0 0.4775545028 0.1246756200 0.0945577607 0.1933307596
0 0.7257959452 0.1198960081 0.1244112460 0.2107752497
0 0.0559529632 0.8450979417 0.0938862279 0.2351504090
1 0.1807107782 0.7300772718 0.0324527052 0.0602418633
0 0.2228596268 0.8761368618 0.1510626117 0.2355771629
0 0.4056569517 0.7490349636 0.1330356114 0.5019300727
0 0.7441534762 0.6919339908 0.2206238709 0.6161320184
0 0.0533482729 0.8179394302 0.0699518108 0.0941885671
0 0.2176987223 0.7835735608 0.0748402319 0.0826715449
0 0.4049321711 0.7805339444 0.0755663860 0.0851992535
0 0.7200689025 0.8128283101 0.1098802056 0.0832511328
1 0.0648788910 0.6066442920 0.0344740250 0.0508632045
