1 0.8654927393 0.2310442713 0.0853258209 0.0483615305
1 0.2055790337 0.1702974712 0.0635405372 0.1061594412
1 0.4992269934 0.2145305752 0.0481092314 0.0577979312
1 0.4311478712 0.7789450808 0.0317703002 0.0235910326
1 0.7699211986 0.2101277779 0.0226509019 0.0662264715
1 0.8831758346 0.6716106307 0.0873677645 0.1356065219
1 0.3800020381 0.6999933954 0.0226509019 0.0199730361
1 0.4997282813 0.2159094624 0.0194150272 0.0252291242
0 0.4200456205 0.7704247414 0.2386435415 0.2911862031
0 0.5501393220 0.1543506966 0.1824344297 0.1231223783
