0 0.6785498599 0.7510966655 0.0923277750 0.2655250617
0 0.3755586286 0.7595528872 0.1183356530 0.1978754356
1 0.6666436745 0.1728097023 0.0800192832 0.0756873931
0 0.5328740967 0.7783088284 0.4687996714 0.3300810268
0 0.4220551464 0.8441186209 0.2301021798 0.1737156944
0 0.6804808247 0.8042511552 0.1392874830 0.1152434245
1 0.5520649547 0.6052861118 0.1930733342 0.1859418575
1 0.5994750712 0.2612567136 0.3075114159 0.2935305464
0 0.8346005881 0.7053471272 0.0644970673 0.1823535215
0 0.6738252510 0.7594453257 0.0888003287 0.2540792239
0 0.3859251417 0.7351315212 0.0869308528 0.1860005320
0 0.4564980622 0.1503846524 0.0579538641 0.1592553728
0 0.8729249560 0.1096590313 0.0831919012 0.1823534893
0 0.7028021641 0.0987178209 0.0588886398 0.1094120896
1 0.5233320120 0.5935036462 0.1710575298 0.1361572856
1 0.2802994833 0.3436793620 0.0644971240 0.1227846599
1 0.6168060492 0.2470320241 0.2271419180 0.2625890297
