0 0.4713949387 0.7412669932 0.1779935949 0.4096875907
0 0.5080892179 0.8315651544 0.3455090219 0.2166945253
0 0.1941411352 0.7484989197 0.0631218405 0.0939009609
0 0.8894774635 0.7768448936 0.1053050322 0.1519612203
0 0.4882929846 0.7707664477 0.3727614270 0.3124323585
0 0.1984709654 0.7257859041 0.0577780331 0.1762750530
0 0.0307283348 0.7507075740 0.0335485476 0.1361573054
0 0.7366452811 0.2079020055 0.0717566334 0.1738436673
0 0.4687229971 0.2072941560 0.0838713371 0.1945104029
0 0.2870018076 0.1823725015 0.0708246851 0.1689809143
0 0.1150656071 0.1142938688 0.0754841902 0.1835691886
0 0.5113286163 0.7933723068 0.3159759427 0.2879643109
0 0.2006382426 0.7125336581 0.0517523704 0.1152993050
0 0.4713198446 0.1743582447 0.0875440285 0.1536625999
0 0.2796045356 0.1642747519 0.0526837895 0.1648035311
0 0.7384616344 0.1841174081 0.0594112054 0.1846418920
0 0.1210921863 0.1263734882 0.0488338411 0.1208698969
1 0.9151328261 0.8088856884 0.0591256440 0.1283720691
0 0.3484361395 0.9026569373 0.1298717770 0.1672759172
1 0.0472533731 0.7640543308 0.0426893441 0.0886494231
0 0.1889563687 0.7370650826 0.0638110465 0.5258698348
0 0.0425224517 0.8391848119 0.0850449034 0.1462630609
0 0.6244522520 0.8656005859 0.1343469956 0.2687988281
1 0.7010812104 0.1520347472 0.0432438050 0.1078402592
0 0.7386445131 0.0859548140 0.1261720262 0.1331699168
0 0.4842464482 0.0838219538 0.1281351662 0.1515192531
0 0.3074439648 0.0611587672 0.1058429352 0.1223175345
0 0.1337665759 0.0404841909 0.0795361782 0.0754521642
