1 0.9536006392 0.6306133245 0.0911764980 0.1629381141
0 0.7237772035 0.8808930963 0.1137585601 0.0882391744
0 0.6787340779 0.1484218125 0.2275171201 0.1516344063
0 0.9240053981 0.1732658653 0.0683866769 0.1619146971
0 0.2615098007 0.0777447573 0.2531620845 0.1422107948
0 0.3548838757 0.7960806804 0.4425404998 0.2801381415
0 0.9298682095 0.1311416421 0.0510821382 0.0727678712
0 0.6526399723 0.2575234353 0.1683572816 0.2631138305
0 0.9315298096 0.2447491488 0.0255523556 0.1741533857
0 0.7270684991 0.8385819323 0.0794011896 0.1195760858
0 0.3809103296 0.7549946761 0.3079695110 0.3055095031
1 0.9666941934 0.3312427423 0.0366016104 0.0980195447
0 0.3576958475 0.8358394166 0.3765164052 0.2370002510
