1 0.6049276106 0.3364376914 0.0323690660 0.0178706669
1 0.4345854013 0.3501034703 0.0218491129 0.0599192040
1 0.9006998421 0.7232843871 0.0218491507 0.0977628653
1 0.5632524207 0.6912223595 0.0218491129 0.0672776201
1 0.3042999494 0.7096185960 0.0671657902 0.2028842448
1 0.4722144438 0.3532571210 0.0534089721 0.1124798692
1 0.6433658411 0.3306560210 0.0574550818 0.1450675155
0 0.2377242003 0.7854326009 0.0862618815 0.1568801242
0 0.5410027834 0.8031258537 0.0880779606 0.1710347363
0 0.7266928040 0.7854326254 0.0726415049 0.1592390545
0 0.8869582450 0.8249475412 0.0753656520 0.1391868469
0 0.7789038856 0.2269158563 0.0935260282 0.1155958758
0 0.6075851516 0.2312280373 0.4950597027 0.2577262891
0 0.2427300557 0.8149857107 0.0734438377 0.0732997882
0 0.5454619946 0.8254571160 0.0931482976 0.0686459066
0 0.9055159918 0.8463999267 0.0340349556 0.0593379471
0 0.7738544351 0.2099710875 0.0716524785 0.0616649493
0 0.1827210577 0.1773933828 0.0537394061 0.0663189167
0 0.1909036731 0.1411185004 0.0881173540 0.1676964101
0 0.4249501748 0.1446535840 0.1004025299 0.1497742509
0 0.7515212333 0.1323219940 0.1412697216 0.1915571544
0 0.5833171996 0.1539961456 0.1169553322 0.1905588598
1 0.2737263028 0.8376079940 0.0429267128 0.0781731314
0 0.2435981071 0.8579460954 0.1583238356 0.1236055626
1 0.2002078708 0.8219604002 0.0394551872 0.0896946947
0 0.5300842512 0.9082773337 0.1154755696 0.1704548532
1 0.7500501954 0.8313424457 0.0404345069 0.1235242641
0 0.7281113426 0.9000930786 0.1044260157 0.1681352229
1 0.9271545032 0.8557628619 0.0417846831 0.1122702939
0 0.8867661504 0.8866154711 0.1167770990 0.1184940645
1 0.9441056204 0.1907423823 0.0404468196 0.0564461613
