1 0.6290082912 0.3725403243 0.0274718859 0.0189218438
0 0.6201203151 0.7988074922 0.3393591966 0.3311322864
0 0.7207859268 0.7115711148 0.0546571088 0.2664736558
1 0.8186999019 0.3716348154 0.1723498232 0.1178614555
1 0.6686190809 0.4555228391 0.5120622465 0.1300788648
0 0.7146224818 0.7882757836 0.0741968885 0.0850049157
0 0.8779664286 0.7486549249 0.0398670141 0.0518673059
0 0.5474026287 0.8070056851 0.0653375977 0.0763602825
0 0.9433039948 0.2076495392 0.0708746426 0.1426352453
0 0.7805137555 0.2234978981 0.0598004896 0.0792417995
0 0.6149550412 0.2148533266 0.0498337519 0.0763602825
0 0.3884883588 0.1918011752 0.0620153202 0.0763602722
0 0.2794078329 0.7183989554 0.0409744136 0.0576304221
1 0.2218221818 0.4849958323 0.1472863934 0.1094977279
1 0.8729830598 0.5779248992 0.0631227355 0.0619527386
1 0.5983437485 0.5663987901 0.0653375661 0.0302559695
1 0.9455188254 0.5577542186 0.0686598120 0.0590711806
1 0.6697721304 0.4158393629 0.0908081813 0.0576303810
