0 0.3517659322 0.7197335039 0.6293398388 0.3780313032
0 0.2100303457 0.1081595581 0.0591233299 0.1099315582
0 0.6199584143 0.1336356634 0.0208662799 0.0672590787
0 0.8553739708 0.1325904620 0.0607980037 0.0873683657
0 0.3269872129 0.6436972740 0.4351312363 0.3054166771
0 0.3693781711 0.1360247498 0.0428287689 0.1585561976
1 0.4895532774 0.2585318605 0.2317480960 0.0899143553
1 0.2679184692 0.2623517433 0.1282413634 0.0799821158
1 0.7077746576 0.2491370159 0.1356155844 0.0614814810
1 0.6457762224 0.4741716141 0.2156312578 0.0385922911
0 0.3520615978 0.7041186080 0.4467502966 0.1001471908
0 0.3527300492 0.6558837480 0.5170789289 0.2212555630
0 0.8525730269 0.1094311153 0.0354036013 0.1568240247
0 0.6187228852 0.1130781828 0.0391303029 0.1373730091
0 0.3695001627 0.1562351673 0.0363352767 0.1361572861
0 0.2148423414 0.1094311063 0.0381986432 0.1349415837
1 0.5139096099 0.0753917861 0.1145958509 0.1081964203
1 0.7403063329 0.7640801452 0.1649062268 0.2577262457
