0 0.6941935431 0.1533950816 0.3293300983 0.2417791580
0 0.6790412824 0.2331202136 0.1754047197 0.3091500335
1 0.8510965878 0.2717794364 0.1922514925 0.1390785638
1 0.7275480919 0.6031408913 0.1963024651 0.1485200987
0 0.7383777422 0.7410713288 0.0675611988 0.1180846264
0 0.4727940353 0.7278259606 0.0979890174 0.1580127906
0 0.2954078596 0.7361335190 0.0992850707 0.1514756214
0 0.1414440430 0.7639417892 0.0504593839 0.1558118694
0 0.0820056896 0.1277110689 0.0477210881 0.1372369019
0 0.2701442365 0.1679762613 0.0635414517 0.1398028018
0 0.4344876633 0.2244845117 0.0634165341 0.1443599737
0 0.6838366322 0.2082722023 0.2259189252 0.3021885909
0 0.4720722316 0.7177932965 0.1108084453 0.2200463194
0 0.7411154521 0.7431286161 0.1000970899 0.1480853362
0 0.2952082369 0.7287357171 0.1106227599 0.2163381256
0 0.2650280510 0.1634203422 0.1305037351 0.2106035625
0 0.4361870205 0.2136920092 0.1111396711 0.2239491603
0 0.0836034735 0.1616228368 0.0553638065 0.2108014288
0 0.6889886286 0.2737771903 0.3752709458 0.3963148802
0 0.6942545783 0.2428552671 0.1492207635 0.2561395062
