0 0.5359872178 0.7502510619 0.1656686407 0.1860366834
1 0.4618804536 0.7882391412 0.1539130585 0.0977811775
1 0.4529518094 0.6821243495 0.1309536986 0.0788916587
0 0.4070330143 0.7893502864 0.4795966899 0.3933470005
0 0.0583866984 0.7361685912 0.0228095005 0.1287582188
0 0.2490741430 0.7474945783 0.0483561298 0.1180283467
0 0.5442290939 0.7391490921 0.0821142261 0.1442569613
0 0.8635621097 0.6783466231 0.0456190103 0.0989530623
0 0.7677622107 0.1001266837 0.0200723857 0.0536492866
0 0.4999786810 0.1525837588 0.0264590607 0.0679557622
