1 0.6055348777 0.6597695480 0.0992501170 0.1775804730
1 0.6141852017 0.7064649226 0.1071461645 0.2281133478
1 0.3300856146 0.1382838900 0.6006676975 0.2291646087
0 0.4153154871 0.6108044833 0.4367016571 0.4425610021
0 0.0701798899 0.6130298572 0.0699249747 0.3110427491
0 0.2820829758 0.6657889578 0.0851260406 0.3409658429
0 0.5541823627 0.6626391981 0.1088397773 0.3976622951
0 0.6943363509 0.6535835084 0.1143121578 0.4189233613
0 0.8788774988 0.6626391981 0.1039754182 0.3173423658
1 0.6505738620 0.7578614644 0.1540917082 0.2577583763
