1 0.5911030923 0.7183896465 0.0339623160 0.0399461316
1 0.3448764621 0.7304786190 0.0299191913 0.0241779450
1 0.3109141650 0.6458559098 0.0234501084 0.0399461316
1 0.3990544019 0.2558555849 0.0687331585 0.0483557916
1 0.3375988149 0.2921224779 0.0428571299 0.0515094880
0 0.2308602061 0.2385105748 0.2320756747 0.4005124984
0 0.6032971555 0.8153671019 0.3908911012 0.1957261116
0 0.7570731871 0.6150731487 0.2220774005 0.2196941253
0 0.2268715851 0.3404121953 0.1823534906 0.3270205959
0 0.8750429745 0.4455693952 0.2499140510 0.5227467075
0 0.6163600041 0.7695507665 0.0635899243 0.1470984182
0 0.3461027406 0.7804919581 0.0748116657 0.1616867065
0 0.1698276813 0.7476683586 0.0738765631 0.1714123141
