1 0.5077864903 0.5878580564 0.0432160970 0.0990821499
1 0.6694336126 0.7704247355 0.0778307260 0.1860649078
1 0.6281111332 0.2590092153 0.5632699936 0.3469005384
0 0.4780215533 0.5637555203 0.0881333699 0.0785780439
1 0.3449598862 0.8412589255 0.1381739179 0.0891339630
1 0.9085269735 0.8656099513 0.0953890467 0.0974040537
1 0.1068378562 0.7139903945 0.0561112403 0.2131863613
0 0.7272176283 0.6404778484 0.0624237249 0.0974040537
0 0.4736649899 0.6308293516 0.0603195587 0.1258902237
1 0.7664954488 0.8839880816 0.1017015455 0.0643235427
1 0.9399702263 0.7679551592 0.1200595474 0.1884319846
1 0.8321524904 0.8439357742 0.1067110304 0.2018045649
1 0.5630552011 0.7867983675 0.2477550530 0.2285497256
1 0.3589124456 0.7254060197 0.1586745820 0.2662360929
1 0.1849271588 0.7643080985 0.1707375695 0.1787064402
0 0.9513904020 0.6293664847 0.0686662106 0.1787064402
0 0.7027074109 0.6482097178 0.1020713023 0.1799221518
0 0.4702630344 0.6245037619 0.1178460233 0.2273340634
0 0.3013813222 0.6281507979 0.0844408561 0.1543926532
0 0.1278599761 0.5594643288 0.0955759244 0.1483141942
0 0.4633036497 0.4926013777 0.4101413873 0.4570994018
