1 0.1495519443 0.7226813319 0.0370401483 0.0733358365
1 0.7193673810 0.5382304816 0.0275647615 0.0222230369
0 0.1521361443 0.1648841978 0.2661722969 0.2800097191
0 0.5501024465 0.2104413471 0.4832447914 0.3466787095
0 0.5298595795 0.8537970107 0.4996113969 0.2377859487
0 0.5145710381 0.7764649803 0.3807466017 0.4096874688
0 0.3939384720 0.2294045043 0.1583302595 0.2127457518
0 0.1250820567 0.1025129477 0.2238637458 0.1481750232
0 0.4046072095 0.1880470587 0.1576451919 0.1945410110
0 0.1919271747 0.1748427431 0.1390623677 0.2267054719
0 0.1904517726 0.8267868334 0.1115529630 0.2035213873
0 0.9439811399 0.7382828588 0.1120377201 0.1780975634
0 0.5221629329 0.8850261457 0.4139085516 0.1813136092
