0 0.3456880987 0.2096350414 0.4433689984 0.2638546602
1 0.7804994189 0.2049045906 0.0888367960 0.1597845191
1 0.9585073172 0.2685030150 0.0829853657 0.1755527036
0 0.7502004450 0.1616986438 0.1337461866 0.2875112359
1 0.7818068512 0.2021453166 0.0338371214 0.0424637766
1 0.8138149041 0.3590254507 0.0740758722 0.1651369180
1 0.9080100887 0.3012274755 0.0777338832 0.1722142310
1 0.9624238763 0.2776364829 0.0695032167 0.1439050399
0 0.5266567419 0.7653802698 0.0941952477 0.2252940179
0 0.6944705553 0.7435585749 0.0676742428 0.2241144250
0 0.2060784387 0.2513540600 0.2018697833 0.3489939355
0 0.5198278664 0.7740607417 0.0863418894 0.2744896143
0 0.2629303183 0.8262137579 0.0699247723 0.2611572754
0 0.6934237204 0.7771977698 0.0638443498 0.2368453583
0 0.8572908827 0.7262210935 0.0413468416 0.2603729675
0 0.5924888169 0.1905742267 0.1355932567 0.3074283841
0 0.7353785491 0.1870450764 0.1149198674 0.3207607409
0 0.9031980215 0.1427346051 0.1210002426 0.2650785529
0 0.4304457420 0.1890057075 0.0839097204 0.2886062256
0 0.3866515908 0.2562326105 0.1688602700 0.3631241485
0 0.1219063554 0.7907658729 0.1906075675 0.3311752126
0 0.3804695508 0.9611866828 0.0727315855 0.0481139201
0 0.5346363320 0.8306613543 0.0557555837 0.2629670226
0 0.6948234306 0.8255501378 0.0333005416 0.2709406294
0 0.8618183294 0.8135322098 0.0261483311 0.3263510768
1 0.9097631470 0.3236247043 0.0602080921 0.0879337278
1 0.8117667584 0.3568703831 0.0481112141 0.1194595449
1 0.9588468883 0.2438943292 0.0397215914 0.0604763654
0 0.7436330181 0.1507254263 0.0872094651 0.2170475166
0 0.5846340085 0.1523787939 0.0809384180 0.2035606379
1 0.3878959624 0.8151855875 0.1021232605 0.0563534629
1 0.1247864637 0.2565923153 0.0931899804 0.1446922958
0 0.3283634028 0.1818416019 0.2192634393 0.1220862931
0 0.1654135215 0.8842240752 0.1689406702 0.1329040731
1 0.9052778512 0.3008371006 0.0838712582 0.0911783502
1 0.9591951291 0.2560206139 0.0455301458 0.0911783705
1 0.8172130427 0.3688345038 0.0611062168 0.0973599184
1 0.9142640800 0.5774629658 0.0874657749 0.1437218124
0 0.5344470631 0.7922730061 0.0850694515 0.1591757839
0 0.6991941909 0.7992273543 0.0431337593 0.1267224845
0 0.5195417010 0.7879085452 0.0649449687 0.2143434732
0 0.6995728863 0.7429457225 0.0735406166 0.1884744074
1 0.9187619863 0.3333525940 0.0783158610 0.1281133216
1 0.8108387782 0.3493667491 0.0534840103 0.1404319118
0 0.5844866225 0.1762905744 0.1107883296 0.2599222182
0 0.7478039954 0.1417985264 0.1107883926 0.2377487833
0 0.8605025741 0.7318589772 0.0592144422 0.2131115877
1 0.8039278393 0.3495258430 0.0866462140 0.1663388348
1 0.9058701696 0.3044082774 0.0866329729 0.1999548112
1 0.9560078077 0.2408887341 0.0778988294 0.1597620019
0 0.5262056461 0.8124617361 0.1043204315 0.1880108085
0 0.6913836771 0.7913563402 0.0945100390 0.1692066129
0 0.1706293989 0.8967639738 0.2580411769 0.1584420608
0 0.2941939378 0.1396781062 0.3647433037 0.1852551485
0 0.7428960248 0.1208312920 0.1205554048 0.1799169587
0 0.5838062192 0.1265637374 0.1056511619 0.1971720976
1 0.9252094237 0.4751286415 0.0451484869 0.0535657706
0 0.9016925402 0.0982666411 0.0945176054 0.1801231656
