1 0.2284084922 0.6337669568 0.0471151913 0.0494070787
1 0.1752008019 0.6626753196 0.0414289067 0.0483558850
1 0.3685356211 0.6201011462 0.0316809498 0.0388949468
0 0.5651197309 0.7741040450 0.4622163660 0.2985447615
1 0.3138625201 0.6404166099 0.1473579525 0.1324143043
1 0.2279258941 0.4279969656 0.1717272590 0.0941301737
0 0.7160174202 0.6395606017 0.2047922991 0.2653930860
1 0.3203281178 0.8190269226 0.0248746606 0.0417271639
0 0.2102347170 0.7874334286 0.0792304166 0.0834544255
0 0.3931095088 0.7713386585 0.0598834247 0.0608025086
0 0.7307600181 0.7105361498 0.1639885020 0.0917998583
0 0.0301237484 0.7975671964 0.0248746547 0.0488804059
0 0.0577622511 0.2861108535 0.0451428936 0.0727246113
0 0.2194475392 0.2908796653 0.0810729414 0.0798777556
0 0.3885030930 0.2765731934 0.0598833869 0.0584181028
0 0.6326432455 0.2241161114 0.0598834247 0.0441116309
0 0.8251915332 0.1823888987 0.0359300926 0.0464960612
0 0.6643637642 0.5576408215 0.4048947928 0.4631778766
