1 0.4045131917 0.8683518756 0.0504550320 0.0346900740
1 0.2604723383 0.9014651467 0.0292964472 0.0399461384
1 0.5640160550 0.7001576312 0.1415995343 0.0872507588
1 0.6498709072 0.2460332918 0.6209218628 0.4110245708
0 0.4803125494 0.5426539748 0.1004693813 0.2008944536
0 0.2965774536 0.5115419691 0.0908353495 0.1635600959
0 0.1293578420 0.5230978563 0.0729435240 0.2400066905
0 0.7404319629 0.6119892471 0.0949641750 0.2044501506
0 0.4836780711 0.5211692723 0.1210459613 0.3282366317
0 0.3049113114 0.4575159391 0.1178978339 0.4171703193
0 0.3475937096 0.3450487266 0.1300627806 0.3977519905
0 0.5115858575 0.4624280923 0.0867084254 0.5060086266
0 0.1182381896 0.5426366795 0.1086261547 0.2193827025
0 0.2928304147 0.5640367269 0.0823370754 0.2010962258
0 0.4795052280 0.5657722785 0.0880884030 0.2303509370
