0 0.1657768948 0.1354843641 0.1424798682 0.0625759641
0 0.1563417085 0.1879711411 0.1130523210 0.1372894947
0 0.3839338888 0.1982357859 0.0505760495 0.0885324959
0 0.6373098959 0.1886126882 0.0396674506 0.0667201119
0 0.3120365709 0.7916600370 0.1150357086 0.1206094759
0 0.6566478427 0.7910184837 0.0803266846 0.0705692972
0 0.1522628104 0.1884180929 0.1526201456 0.2604024626
0 0.3821051192 0.2446681650 0.0881670206 0.2470282989
0 0.6314049522 0.2261803736 0.0930314017 0.2902975884
0 0.9041146760 0.1400351528 0.1033681737 0.2265737303
0 0.3304210040 0.7603594106 0.1769421077 0.2777101564
0 0.6466061809 0.7320377054 0.1331626212 0.2131996124
0 0.9542786627 0.6612334057 0.0735738773 0.2399478665
0 0.3284917491 0.7642276174 0.2690905392 0.3558105762
1 0.2242402086 0.5684602369 0.0590852605 0.0426678257
1 0.8439482887 0.2031167475 0.0810703995 0.0871135263
1 0.0689696687 0.7320203331 0.0838186080 0.0817800725
1 0.3553486626 0.3529124814 0.1428190552 0.2089092661
1 0.6369113167 0.3218551526 0.1081089360 0.2004302417
0 0.3198919296 0.7173166267 0.1468441085 0.3222523331
0 0.1334794890 0.2521083609 0.1253345178 0.3114077505
0 0.3147176988 0.7719352484 0.1239579456 0.0991474332
0 0.6600509681 0.7831215656 0.0862606162 0.1480886858
0 0.1578408279 0.1553828146 0.0992671381 0.0623202908
0 0.9283998319 0.4303732903 0.1212086441 0.6358059348
0 0.6634321118 0.7610410105 0.1080543216 0.1592554317
0 0.3110813009 0.7421977865 0.1663095644 0.2090986754
0 0.1457113323 0.2382942487 0.1099334188 0.2273340645
0 0.3885984326 0.2370785728 0.0526177057 0.1860005705
0 0.6343044243 0.1902745035 0.0535573676 0.1653337929
