1 0.3801940823 0.6763410805 0.0516906360 0.1009165275
1 0.5853413207 0.2716237844 0.0258452708 0.0483558301
0 0.3173499329 0.2002225790 0.1471461246 0.2437492304
0 0.5651269840 0.2215901997 0.1039751523 0.2595770780
0 0.7341626052 0.2184246312 0.0723569573 0.2184246261
0 0.8934695595 0.1958699095 0.0845178185 0.2350438914
0 0.7706451259 0.6817855681 0.1112716880 0.2223816123
0 0.6028255624 0.6968220646 0.1003268688 0.2777791532
0 0.3504882277 0.6936564961 0.0930303961 0.2492890163
0 0.5599671355 0.1534990268 0.0821529424 0.0738559105
0 0.3088501732 0.1557036810 0.0829998760 0.0959024525
0 0.7318954232 0.1468850642 0.0567448068 0.0694466021
0 0.8873084731 0.1286966697 0.0508162082 0.0992094185
0 0.7759361936 0.7239532368 0.0364183361 0.0551163447
0 0.6141711413 0.7355276586 0.0601325414 0.0429907210
0 0.3486562440 0.7443462754 0.0779182741 0.0540140228
