1 0.4246760117 0.8193513807 0.0596941946 0.1311157128
1 0.2711765664 0.8987985468 0.1296217428 0.1188930416
1 0.2643543779 0.2404423728 0.0255832424 0.0755581667
0 0.4182801822 0.2248862787 0.4357678585 0.3911246762
0 0.2758668276 0.7732386562 0.4374734269 0.2988992425
0 0.6843459507 0.7910170513 0.3402571433 0.3589013751
1 0.2543607392 0.2398908986 0.0289685798 0.0849275674
1 0.5060257402 0.3472299138 0.0325896405 0.0566183946
0 0.7323431370 0.8786170093 0.0977691858 0.1309299023
0 0.2466707247 0.2725846554 0.1144236115 0.1342199973
