0 0.4807272686 0.7105068381 0.0931652305 0.1471380484
0 0.6066971341 0.1963691149 0.1036626426 0.1978753732
0 0.7904031786 0.1718461034 0.0957895835 0.1691242760
0 0.9657316005 0.1329475229 0.0685367991 0.1319169257
0 0.6234990366 0.1849507084 0.1416738017 0.2351068287
0 0.8040874955 0.1681013900 0.1258647123 0.1590889632
0 0.6279402568 0.2129969661 0.0391459750 0.1628294426
1 0.9172395656 0.3688629396 0.0271887340 0.0204417047
0 0.6130652624 0.1914583007 0.0940278480 0.1679138613
0 0.7914915278 0.1768570867 0.1155522783 0.1474721668
