1 0.0900539017 0.6249958474 0.0705076628 0.0378437134
1 0.5443015972 0.7889852478 0.0729390197 0.0525607049
0 0.6883753487 0.7524052618 0.1063966283 0.1969848731
1 0.9457279634 0.6450661676 0.0263718854 0.0342069125
0 0.6920674074 0.7652959655 0.1040332304 0.1726280126
0 0.4057418852 0.7543546766 0.0749788669 0.1896476316
0 0.2168888729 0.7725899861 0.0646693243 0.2188241071
0 0.0538098260 0.7507076048 0.0590458591 0.2358438734
0 0.7393978789 0.1829803516 0.0356150556 0.1337259142
0 0.4891558599 0.2255295033 0.0562341786 0.1823535250
0 0.3279513188 0.2188431929 0.0618575396 0.1908633344
0 0.1330062658 0.2237059736 0.0674809859 0.2078830148
0 0.7046367851 0.7915003434 0.0941224243 0.1421763839
0 0.4008240277 0.7752737147 0.0607625629 0.1128139035
0 0.2113878190 0.8030908557 0.0559968575 0.1313586642
0 0.3323171984 0.1625241511 0.0667196850 0.0865422002
0 0.4895850193 0.2150676377 0.0571882744 0.1452672224
0 0.1381153081 0.1934320877 0.0524225975 0.1236317092
0 0.7164243370 0.8256067101 0.1712166084 0.2066448414
0 0.4157998614 0.8275669362 0.1288306285 0.2126724317
0 0.2204148655 0.8198646877 0.1031109214 0.2078592543
0 0.0662879387 0.8215674555 0.0850310488 0.1861877933
0 0.9564209363 0.7593092865 0.0765085345 0.1848525878
0 0.1569327100 0.1025625470 0.1218375852 0.2032562468
0 0.3379238041 0.1344947381 0.1076532289 0.2502013136
0 0.4905636277 0.1333783594 0.1194101117 0.2503336655
0 0.7445940507 0.1127749580 0.0809084456 0.2255499159
