1 0.7397479100 0.6864918617 0.0468712160 0.0830458610
1 0.6233779330 0.1819092739 0.5996285218 0.3395420774
0 0.2203605921 0.6687748571 0.1795891362 0.3960709110
0 0.6930355254 0.6735182239 0.1476824122 0.2063363352
0 0.4696886473 0.6687748817 0.1112176336 0.2300531695
0 0.2154810386 0.5564338684 0.1946150135 0.1612088603
0 0.4682172573 0.6508126290 0.0910010341 0.1386971258
0 0.6906215339 0.6684284579 0.1151685342 0.1349630540
1 0.7060559740 0.8472733282 0.0255459184 0.0524781750
1 0.4081264243 0.8352619294 0.0520212513 0.0444392050
0 0.6812474723 0.6899230711 0.1112133956 0.1312944474
0 0.2265809137 0.6145503136 0.1887824099 0.2869027907
1 0.8419929216 0.6346091978 0.1037368349 0.0717256608
