1 0.4625935242 0.6980552827 0.0371353031 0.0452022013
1 0.0843070176 0.7497478501 0.0405634286 0.0489072325
1 0.4576407972 0.6988843094 0.0300469923 0.0528198489
1 0.1307155244 0.2287329960 0.0450704727 0.0606449790
1 0.5641432494 0.2003668044 0.0465728208 0.0430383490
0 0.4575836891 0.7300722474 0.3497998930 0.5029672697
0 0.5844251529 0.2012157106 0.0485471425 0.1726279791
0 0.7520063060 0.6960015688 0.0980279494 0.1312945483
0 0.4733268008 0.7409820351 0.0858911637 0.1653338878
0 0.2824056542 0.7610409558 0.0886919519 0.1519612740
0 0.1068889253 0.7871782552 0.0345431779 0.1653338878
0 0.3500916316 0.2395099316 0.0597503583 0.2005888578
0 0.1657057099 0.2279608972 0.0662855833 0.1653337851
