1 0.4812302560 0.2833514113 0.1335184406 0.2249597355
1 0.4816322657 0.6810424262 0.0649816940 0.0825684876
0 0.0828495980 0.8407152512 0.1272313409 0.1095521893
1 0.5436890063 0.2805746568 0.0718482999 0.1252025056
1 0.8063842623 0.1856946314 0.0643640997 0.0997707385
1 0.2849228980 0.5599877723 0.0673577647 0.0449946932
0 0.6014187015 0.0990012035 0.0632099392 0.1191241614
0 0.1460027754 0.1987843244 0.0725537030 0.1969417763
0 0.3218059752 0.1933137219 0.0539501742 0.1422357266
1 0.5185381461 0.3434514553 0.0939477796 0.1191376176
0 0.5887663739 0.1793332693 0.0613915970 0.1312945093
0 0.5408623204 0.7270016277 0.0697631836 0.1884318954
0 0.2469268440 0.7415899422 0.0716235299 0.1787064511
0 0.0655425841 0.7762370811 0.0883666794 0.1434514503
