1 0.6744120301 0.7693735312 0.0643990959 0.0830459749
0 0.5494056157 0.5573330196 0.5801959822 0.6140169070
0 0.7360199511 0.7849020536 0.1048756297 0.1569278570
0 0.4242562232 0.8133599322 0.0524771689 0.1519647633
0 0.1241859665 0.7526115505 0.0514633668 0.1294523519
0 0.9236249164 0.7788991780 0.0742855920 0.1551989260
0 0.9386931205 0.1666122607 0.0978021789 0.2086325729
0 0.7786507039 0.1729264913 0.0936080475 0.2264236460
0 0.5137650530 0.2016019828 0.0955615828 0.2676218150
1 0.0936699545 0.5598627743 0.0615829026 0.0720046286
0 0.7404119892 0.8501696538 0.1105809335 0.1091304473
0 0.9560870671 0.1794037133 0.0742833829 0.1190513183
0 0.9502801116 0.2205742907 0.0586797799 0.1421332504
0 0.7766070677 0.2483829702 0.0596261720 0.1235941102
0 0.7467939817 0.8156800099 0.0908589407 0.1755036451
0 0.9474407460 0.7860174186 0.0681442056 0.1384254265
0 0.4448772853 0.8119721963 0.0511081700 0.1853911756
