0 0.8982826082 0.3448950737 0.0736936815 0.1689808999
1 0.5787878697 0.2877576213 0.2033573188 0.2321967956
1 0.7242961921 0.2928594774 0.0767693850 0.1737439063
0 0.7089090253 0.5121269226 0.0689764495 0.0833687567
1 0.5392536314 0.2963273202 0.0419444849 0.0809434706
1 0.2230568499 0.3389014829 0.0419444849 0.1324529586
0 0.5106576032 0.4564571258 0.0900355046 0.0817800214
0 0.7050524419 0.4493458040 0.0777578826 0.1422261638
0 0.8987652240 0.4155670904 0.0532027896 0.1351148544
1 0.5447619788 0.3062307296 0.0545669782 0.0622239636
0 0.8967878512 0.4013890912 0.0332220852 0.1053533739
0 0.7063144646 0.4360258041 0.0642293798 0.0649438673
0 0.4931392859 0.4454065877 0.0476183750 0.0808190623
