0 0.4544256775 0.1819092565 0.5242879800 0.3269274737
0 0.1850418699 0.2114196398 0.2027024532 0.0874839942
0 0.4950574002 0.1767905568 0.0455905764 0.0965969186
0 0.6332316902 0.1303146942 0.0820629049 0.1366937172
1 0.9218547497 0.4351416910 0.0322640303 0.0555888255
1 0.3923531447 0.3187577146 0.1880713990 0.1629024831
1 0.5939918344 0.3236204762 0.1197668356 0.1969417528
1 0.1780827189 0.5612878960 0.2273698929 0.2443536939
1 0.4854531456 0.6178174509 0.2432764342 0.2139614698
1 0.6819456428 0.5837781402 0.1085387678 0.1434513751
1 0.8017125100 0.4986798223 0.1029246076 0.0972551911
1 0.7235833399 0.2652673420 0.1057317193 0.2018045247
1 0.8625316107 0.1418748226 0.1628081201 0.1884319508
