1 0.8576324888 0.6791333812 0.1154007486 0.3185178119
0 0.5561735186 0.7794599911 0.0440145088 0.1192553892
1 0.2505715311 0.6299902705 0.0344039137 0.1900788277
1 0.0844836375 0.6137640106 0.0510127235 0.2039870036
1 0.1366826945 0.2351516949 0.0723668829 0.2256220065
1 0.2891276630 0.2328336519 0.1020254471 0.2024416587
0 0.3128496602 0.0892683188 0.0975295319 0.1645110886
0 0.1536442880 0.0762681061 0.1065420723 0.1517098399
0 0.5608625437 0.1232320789 0.0846290726 0.1989371653
0 0.0621477013 0.7456815677 0.0944994049 0.1806042998
0 0.2545568006 0.7617031936 0.1056100573 0.1391226404
