1 0.3204833380 0.2495051897 0.0445943914 0.0555574955
1 0.1511103407 0.2172818490 0.0283003166 0.0600020702
1 0.5546040438 0.3083961193 0.0634613131 0.0755581489
1 0.5082944588 0.2945067332 0.0737523236 0.1233376234
1 0.6176365066 0.3422861833 0.0351609682 0.0700024336
0 0.6090606897 0.3561755510 0.1946718007 0.3777908790
1 0.6152977127 0.3554867598 0.0473395768 0.0589774450
1 0.6275053478 0.3481756479 0.0472080700 0.0503777480
0 0.3356643233 0.3379857724 0.0522156894 0.1077885261
0 0.6026964819 0.4099344963 0.2251845851 0.3355304278
0 0.8696120716 0.3495298899 0.0647405979 0.1434514217
0 0.6092423986 0.3817456563 0.0600493083 0.1543926337
0 0.3380826574 0.3489220203 0.0731850024 0.1373729706
0 0.1471448626 0.3525691032 0.0628640028 0.1519612777
