1 0.1396910586 0.1875266952 0.0469269920 0.0567655377
1 0.1373301204 0.1773163488 0.0799062820 0.0852799355
0 0.3903666747 0.7520290187 0.0532708652 0.0951674769
0 0.5682532585 0.7816915711 0.0323430095 0.1124706769
0 0.7727753065 0.8076463300 0.0627835039 0.1619082504
0 0.5382884245 0.1742264902 0.0941752558 0.1235941083
0 0.3532673301 0.2119226924 0.0494658034 0.1099987530
0 0.7128456068 0.1884398111 0.0684911124 0.1470769845
1 0.1347154258 0.1841649182 0.0547872034 0.0976694770
0 0.3880321432 0.7827867971 0.1079845863 0.1445452877
0 0.5616044544 0.8374932192 0.0705026504 0.1140491355
0 0.7598165508 0.8424090326 0.0736430229 0.1414170204
0 0.5344162461 0.1145000374 0.1339731789 0.1986908736
0 0.7094552808 0.1094982295 0.0955310134 0.2005787428
0 0.3477001467 0.1127891508 0.0961071512 0.1893684487
0 0.1300935173 0.0844979068 0.1052277291 0.1557600622
