0 0.7065036665 0.7754609490 0.4511009670 0.3100108343
1 0.7162374018 0.8207353688 0.1563769910 0.2847961631
1 0.4168980798 0.7721806279 0.1407306996 0.1672483297
0 0.5573412834 0.7630923904 0.1063586962 0.1543926406
0 0.3320286950 0.2008357912 0.0942300801 0.1847849014
0 0.1710911398 0.1759141325 0.0522463934 0.2151771160
0 0.0796599474 0.7108177725 0.0541123343 0.2516479081
1 0.1305147945 0.3277573608 0.0815994460 0.1392300898
0 0.0829398872 0.6595148671 0.0858236899 0.3258830986
0 0.5860890076 0.5435351850 0.6717664142 0.2027467464
