1 0.8622641608 0.2465588596 0.0578758801 0.1051213722
1 0.2822999065 0.6691468567 0.0297417644 0.0336388509
0 0.4265876190 0.7259124115 0.4260305554 0.3237738540
0 0.5667899911 0.7959661530 0.1012028487 0.2370286489
0 0.7454548224 0.7821490853 0.0705616169 0.2269665251
0 0.9097276090 0.7728027442 0.0634554509 0.2239535675
0 0.2770691389 0.7768414918 0.1274350916 0.1970289289
0 0.3992221354 0.0976541108 0.1304508655 0.1518248171
0 0.6438684022 0.0945216958 0.1163153268 0.1710773169
0 0.7976516054 0.0799676960 0.0738271297 0.1599353920
1 0.6410571847 0.2158098914 0.0233649666 0.0655318277
1 0.6038340332 0.6784785060 0.0228510498 0.0402291195
