1 0.7328145885 0.5459906055 0.0185179684 0.0420485466
1 0.9224226576 0.5307479858 0.0177128623 0.0325876544
1 0.1366160053 0.2611116532 0.0740719395 0.1492723403
0 0.1726335051 0.1460266113 0.0620919146 0.0548414661
0 0.4630045334 0.1519876419 0.0474820717 0.0786855882
0 0.6497368250 0.1639096968 0.0483950732 0.1025296980
0 0.8127281184 0.1352967816 0.0529607970 0.1072985434
0 0.0566677078 0.6813271799 0.0821804721 0.0619947864
0 0.3748888059 0.6992102346 0.0301328568 0.0834544520
0 0.6684557118 0.7057673547 0.0292197422 0.0727245208
0 0.8510790066 0.6890764790 0.0493081878 0.0608025335
0 0.8656206797 0.6825650123 0.0377648149 0.1043484596
