1 0.4206536960 0.2544430028 0.0218973901 0.0304851955
1 0.4632319159 0.2823001716 0.0454167974 0.0693801050
1 0.8237276858 0.1272461419 0.0835344226 0.0620216078
1 0.4368739627 0.6791333672 0.0235194073 0.0662264238
1 0.4644484446 0.6397128749 0.0381176884 0.0441510038
1 0.2925134372 0.7196051070 0.0218973585 0.0273315348
1 0.2312818695 0.3543083340 0.0421727156 0.0325876291
1 0.4505038879 0.6583084711 0.0487261362 0.0401910560
1 0.4344464080 0.2513737214 0.0387594114 0.0559804287
1 0.2965736508 0.6453899027 0.0442964702 0.1234440339
1 0.5932077991 0.2761916653 0.1010744085 0.0679767678
1 0.4373053358 0.2928768796 0.0657937164 0.1235941214
1 0.4561937401 0.6956858023 0.1025358368 0.1483580600
1 0.1074527049 0.7830007129 0.1228045449 0.1869928630
1 0.4317520695 0.2792015614 0.1084972322 0.1437218681
1 0.7107449388 0.5527366500 0.1323427507 0.1808113421
1 0.9456234947 0.4213779775 0.0918053503 0.2271732000
1 0.1396441840 0.3209272478 0.0965744414 0.2457180087
1 0.2719869584 0.3162910764 0.0536524797 0.1993561303
1 0.6022477382 0.2822923526 0.0965744414 0.1066323531
1 0.4189625478 0.2529837337 0.0491716928 0.0496582687
1 0.4558268018 0.6598706678 0.0881009275 0.0913852464
0 0.2591102561 0.2195008216 0.0694171174 0.2037305249
0 0.0791931666 0.2141496032 0.0677465963 0.2409538643
0 0.4376332179 0.1616434926 0.1026176492 0.1922079513
