0 0.5471948817 0.7567290026 0.0510428608 0.1622666516
0 0.2860453035 0.7142306017 0.0534169452 0.1267224746
0 0.7305931265 0.7652286828 0.0569780875 0.1699936036
1 0.2106680544 0.3796523061 0.0830930469 0.1529942022
0 0.2717275284 0.7610578717 0.1078028866 0.2292023528
0 0.5308728267 0.8318829806 0.1009354048 0.2658134522
0 0.7078200631 0.8109662244 0.0856283437 0.2592214086
0 0.8777676853 0.7885486778 0.0462437979 0.1638714155
0 0.4137421444 0.0991879191 0.0933905813 0.1688613455
0 0.6444033352 0.1150378281 0.0833371875 0.1879632184
0 0.8383498735 0.1309938476 0.1762904450 0.2337582696
0 0.1702556650 0.0749223252 0.1606594583 0.1498446503
1 0.7584579815 0.3192330846 0.1352149853 0.1886610458
0 0.8472502967 0.3059690738 0.1296251506 0.3367888664
