1 0.3315162635 0.7604382167 0.0669623607 0.1471700246
1 0.2024321264 0.4477020928 0.0314642647 0.0388949361
1 0.3996887962 0.0592786050 0.0661555793 0.0925068114
1 0.4406884924 0.0662741035 0.0298561563 0.0923924350
1 0.3207972048 0.6710798708 0.2043283966 0.1373729721
0 0.0483593289 0.6133346127 0.0550473814 0.2334125036
1 0.3333004944 0.5981543185 0.2513653455 0.3608948295
0 0.1692016073 0.2428212316 0.1830698743 0.2731430091
0 0.0515815856 0.6438841593 0.0825237222 0.1582004692
1 0.3188361343 0.6748055728 0.1921345387 0.1159016796
0 0.6948030055 0.4947715593 0.4222215076 0.3461597821
1 0.1350037168 0.4978622695 0.1636701500 0.2070777272
0 0.7096282072 0.0643898521 0.4186635014 0.1251738592
