1 0.5134785074 0.8100094779 0.0275003858 0.0189218849
1 0.7909090823 0.2102920429 0.0679421222 0.0914556227
0 0.7256756244 0.8113826662 0.0653458195 0.2158575501
1 0.5838432984 0.0648017190 0.0789756340 0.0979385838
0 0.8427480115 0.1237849059 0.0706589773 0.1841675652
0 0.8809125357 0.7469411111 0.0334293662 0.1637770528
0 0.6040907311 0.8529168229 0.2750868091 0.0915427879
0 0.2284342632 0.7816587917 0.0917250717 0.1690363926
0 0.2382184310 0.1351408551 0.4177444320 0.1818522598
0 0.2483234781 0.6552870009 0.2583068215 0.2824945418
0 0.6259554374 0.7691232598 0.3002672897 0.3779277557
0 0.8466394928 0.1494763281 0.1099478450 0.1675982697
