1 0.1098972621 0.2936992850 0.0510067120 0.0420485876
1 0.4798983935 0.5890903883 0.0137637437 0.0483557998
0 0.4217744397 0.4299933526 0.6797594738 0.2103143918
0 0.1923341060 0.1666712915 0.0780477109 0.0960026608
0 0.3778685892 0.2004500102 0.0712014271 0.0995583175
0 0.5414949500 0.2066724121 0.0506625600 0.0835578877
0 0.1389330396 0.7009083533 0.0479240417 0.1582266285
0 0.3155673483 0.7097975003 0.0999558411 0.1368927084
0 0.5175329331 0.6920192267 0.0958480993 0.1084474953
0 0.8711875773 0.6340013525 0.2471851799 0.1531769537
0 0.5013459326 0.6874916938 0.0749046689 0.1264317420
0 0.3065939404 0.6953936956 0.0861403029 0.1446671435
0 0.1268228290 0.6856681660 0.0505606057 0.1762750277
0 0.7869198880 0.2182353645 0.0617962634 0.1337258944
0 0.5476931617 0.2297844272 0.0440064740 0.1495298878
0 0.3716673288 0.2097255389 0.0664778368 0.1434513933
0 0.1928325203 0.1744705169 0.0477517011 0.1337258841
1 0.6450692566 0.7166682828 0.1095479961 0.0996865713
