0 0.8054367939 0.7409492261 0.1372968055 0.2519951714
0 0.4536184751 0.8011585582 0.1412998807 0.1235912182
0 0.7698604747 0.7621305421 0.1573650012 0.1387206209
0 0.2961165619 0.1518020784 0.1110369882 0.1718912760
0 0.1137131587 0.2191983618 0.0732278258 0.1481920236
1 0.5045785260 0.4979162659 0.5610731026 0.4915102975
0 0.8438843151 0.7923016378 0.1405200535 0.1834803931
0 0.4852140839 0.8128308229 0.0697686607 0.1090617273
0 0.1742029608 0.7916600494 0.0550288121 0.0923817439
0 0.2965438394 0.1571772514 0.0874565168 0.1655172534
0 0.5574394175 0.1777065341 0.0648553778 0.1218925810
0 0.1152435271 0.1642342050 0.0471675690 0.1488372392
0 0.7795199886 0.1366479713 0.0412716012 0.1372895263
