0 0.5496085628 0.9420843047 0.2650146977 0.0483120351
0 0.6462445413 0.6801422138 0.1557587162 0.0617983420
0 0.7562391220 0.5163765924 0.1284607918 0.0655062182
0 0.8927286948 0.3532289852 0.1637875465 0.0729220276
0 0.1645165813 0.4199712032 0.1589702299 0.0902255702
0 0.2994004280 0.2543516437 0.1461241691 0.0605623706
1 0.2575849225 0.6307629160 0.1044012747 0.1390821101
1 0.4603643602 0.3680523731 0.0682624079 0.0989027917
1 0.5336460237 0.2815124114 0.1144398351 0.0710863887
0 0.2217724646 0.2203224888 0.2066876934 0.1100755404
0 0.6919968144 0.7081590554 0.1705775107 0.1365870565
0 0.8149878471 0.5295946440 0.1268608339 0.0945799038
0 0.7638045034 0.5057882241 0.1889951152 0.0787408072
0 0.6364195055 0.6803740224 0.2235863962 0.0930827050
