1 0.2331904457 0.4982559071 0.0638689156 0.1183870109
1 0.6902540693 0.3054446188 0.0196964746 0.0744470272
1 0.2196801701 0.6749018970 0.0239782866 0.0400013920
0 0.6281674150 0.7649050393 0.4538746709 0.3511232436
0 0.1003377847 0.6394719520 0.0562162222 0.1981575417
0 0.2643017739 0.7124133702 0.1199279690 0.1811378330
0 0.4596531396 0.7257859106 0.0646486144 0.1373729206
0 0.7323018897 0.7421977477 0.0927567571 0.1458827954
1 0.7927343080 0.1993921560 0.0693333470 0.1203533042
0 0.6779594658 0.2170196800 0.0365405349 0.1094120966
0 0.4245180087 0.1799411402 0.0562161906 0.0911767472
0 0.2137071835 0.2030392577 0.1274234464 0.1884319441
1 0.9009505246 0.7251781005 0.1620901041 0.0923925109
1 0.5880135641 0.7610409687 0.1171171453 0.1081963533
1 0.2230765459 0.5166872536 0.0730811014 0.1033336673
