1 0.5460561023 0.7134101364 0.0280601140 0.0300010399
1 0.4002284851 0.6450744727 0.0833300616 0.0600020797
0 0.3725935019 0.7878572277 0.4004944750 0.2855655099
0 0.4759005901 0.1889253300 0.0929349945 0.2783517208
0 0.6360376608 0.1794215815 0.0743366084 0.2583136720
0 0.7871553300 0.1388549390 0.0903384995 0.2054684496
0 0.7970922521 0.7855755350 0.1348409130 0.2746157439
0 0.9542482274 0.7597666816 0.0840946369 0.2199015594
0 0.2239482642 0.8446161144 0.1209231863 0.2279520081
0 0.5105523881 0.8481254393 0.1202473808 0.2055794290
0 0.2373114472 0.7460491776 0.0535654572 0.1995728718
0 0.4556436122 0.7548789057 0.1219469636 0.2308490649
0 0.8126093970 0.7689746359 0.0354932784 0.1994662815
0 0.7915841959 0.1521277067 0.0465108950 0.0622258332
0 0.5064281339 0.7903043590 0.0631219343 0.1085334323
0 0.2240405597 0.7794510109 0.0343294737 0.0723556052
0 0.7904768008 0.7628092006 0.0376516590 0.0419662893
1 0.9211502498 0.3279518828 0.1262438687 0.1128747667
1 0.7212641558 0.5254827674 0.1871509752 0.0390720337
1 0.8990021974 0.5182471774 0.1528215015 0.0564374202
