1 0.9307537268 0.3991475423 0.1214714428 0.1118817555
1 0.8501181272 0.6982838336 0.1023231733 0.2154704266
1 0.5812527685 0.6615815557 0.0386442052 0.0910960737
1 0.6563103175 0.3193366851 0.0889553410 0.0731127881
1 0.4950214235 0.3006881407 0.0518960103 0.0922979761
0 0.5847177411 0.7193275789 0.0430832665 0.1033336961
0 0.7696948665 0.7308766315 0.0646248997 0.1385886319
1 0.6520964934 0.3148893916 0.0428026029 0.0311121929
1 0.5044274283 0.3032223131 0.0282497595 0.0522240329
1 0.8468485162 0.3298899333 0.0214014337 0.0322233514
