1 0.8009295967 0.7669097481 0.0289145288 0.0525606937
1 0.1993464422 0.4257908715 0.1044136504 0.1356065977
1 0.3032870561 0.4043109743 0.1191548565 0.0933892413
1 0.3277310141 0.3846724810 0.0995311678 0.1021748005
1 0.7421340801 0.2064747359 0.1283673763 0.1836714008
1 0.3616832146 0.8855891802 0.1079029180 0.0863621310
0 0.4209101997 0.3167155704 0.1613922590 0.1471059764
0 0.6683734708 0.2588904712 0.1139134295 0.1599422816
0 0.8563551358 0.2173419789 0.1280972232 0.1927667740
0 0.8130617572 0.8434178345 0.0869589247 0.1561197390
0 0.2281472181 0.9068626706 0.0692939593 0.1275062407
0 0.5269144116 0.8834588954 0.0590670646 0.1207366672
