1 0.6899445589 0.2480104571 0.0772296496 0.0939711755
0 0.3557639713 0.1230288097 0.2158099561 0.1315596272
0 0.7747469815 0.2122175554 0.0504122647 0.1881516437
0 0.9461487699 0.2543328855 0.0604947933 0.2308139352
0 0.1101449541 0.1629918297 0.1041854039 0.2078419258
0 0.2840673510 0.1969028850 0.1209894764 0.2778518513
0 0.5172242094 0.2379243154 0.0630153940 0.3117628989
0 0.3136583833 0.0805199833 0.1496747072 0.1003614990
0 0.4971171450 0.7004465541 0.1031319169 0.1946336840
0 0.2790262128 0.1356393472 0.1494939662 0.1934018164
0 0.1143936613 0.1436463249 0.0889394589 0.1897062906
0 0.5273944760 0.2003118108 0.0747470698 0.1798514165
0 0.2198909728 0.7127651274 0.0993472643 0.1478230849
0 0.3058825485 0.1488261117 0.1830837628 0.1270684843
0 0.5352818197 0.1790919609 0.0512523178 0.1323953614
0 0.5101434377 0.7257176946 0.1122407519 0.1232521042
