1 0.5215005491 0.2615542178 0.0572279893 0.0888920091
1 0.3818471858 0.7171255957 0.0273328037 0.0711135189
1 0.8396710624 0.5843432205 0.0751650403 0.0988923715
1 0.8785348679 0.7360151173 0.0418533580 0.0511129415
1 0.9011698518 0.8171290477 0.0256244987 0.0355567349
1 0.8951907845 0.4093371366 0.0717484304 0.0622243843
1 0.8170361162 0.4410049058 0.0657694763 0.0744470303
0 0.5125319670 0.8054619787 0.5449470515 0.3211222593
0 0.1242966047 0.1839057695 0.0589800606 0.2444166949
0 0.2772191413 0.2582590866 0.0753971966 0.3140240744
0 0.4863855743 0.2531176266 0.1337692081 0.3385448318
0 0.7365947999 0.2574680847 0.0966787061 0.2839663468
0 0.8952937554 0.2483716675 0.0820856796 0.2546996088
0 0.3334630094 0.7526294220 0.1015429854 0.2365067621
0 0.6043456956 0.7640988510 0.0729650569 0.2974132191
0 0.7910145681 0.7538159248 0.0595881286 0.2325518509
1 0.6344773971 0.6486185186 0.0648971680 0.1713153719
