1 0.3045979712 0.4724056150 0.0440888874 0.0420485809
1 0.4405386811 0.6737130581 0.0171456609 0.0515094373
1 0.6932333200 0.7015702526 0.0179621721 0.0567655455
0 0.4985073900 0.7846161153 0.4433382499 0.3258762271
1 0.3135287112 0.8373261618 0.0575973274 0.0877535707
0 0.6807116573 0.8119888357 0.0758364663 0.1829230555
0 0.8621432448 0.8169327240 0.0758364663 0.1705634160
0 0.4018446058 0.7817076619 0.0518376009 0.1396642358
0 0.2026538592 0.2959727872 0.2371089955 0.2064064031
0 0.3904840657 0.8030908545 0.0588139509 0.0726336275
0 0.0850116789 0.6284611290 0.1272301234 0.2086285062
0 0.1618298901 0.2150676287 0.1896449351 0.1483580301
0 0.6527461709 0.8448165069 0.1056250379 0.1499034024
1 0.3190671456 0.8208629158 0.0504119715 0.0896329975
1 0.3150405488 0.8370549442 0.0514370142 0.0679017131
0 0.3743978234 0.7345894170 0.1386516670 0.5308211659
0 0.6621451106 0.8992176425 0.0960308806 0.1841576025
0 0.8596092422 0.9179593850 0.0977900214 0.1494336068
0 0.0724492308 0.7278933229 0.1363466999 0.2100648072
0 0.1705013522 0.1650076644 0.2886569028 0.2474489117
0 0.9146515051 0.2423573469 0.0663205478 0.1847504965
0 0.7342380030 0.1664035713 0.0629078287 0.2771142014
