0 0.3474213006 0.8497568725 0.0989523952 0.3004862549
0 0.6546944744 0.9219121326 0.0677042694 0.1437556461
0 0.5082189025 0.9117647059 0.0611942187 0.1539030236
1 0.2862920643 0.6376783446 0.0282288355 0.0500017115
0 0.7199899375 0.7537934997 0.3242042106 0.3866800436
0 0.3945026634 0.7732386562 0.2771560252 0.4300149553
0 0.3422352055 0.9148237427 0.1036582360 0.1341530111
0 0.6593897893 0.8977872616 0.0694393035 0.0708103226
0 0.4112339824 0.0436638337 0.1842342405 0.0699034321
0 0.3552265783 0.9194833170 0.1193898393 0.1411975796
0 0.6539637185 0.9271093179 0.0889239063 0.1447343726
0 0.3408842063 0.7992273126 0.1094547016 0.2998068023
0 0.7334933979 0.8332260341 0.0927985785 0.2009014711
0 0.4824614608 0.8123631750 0.0547273697 0.1591757529
