0 0.3109710189 0.7688547057 0.0979794718 0.2469213737
1 0.3560085867 0.8142143662 0.0243602080 0.0651752724
0 0.4583212790 0.7789987527 0.4011307786 0.3206202444
0 0.7529508514 0.0617517138 0.1153550596 0.1137809352
0 0.7623213541 0.1145003554 0.0871570693 0.1362610628
0 0.5784775741 0.1302683212 0.0948246345 0.1348615352
0 0.3168229614 0.1216583583 0.0646736767 0.1484191884
0 0.3077957972 0.8125077466 0.1044827866 0.1817862613
0 0.6110597026 0.8306678461 0.0769036040 0.1310759540
0 0.8096193800 0.8019618338 0.0841424743 0.1441959440
0 0.6474175074 0.7942438017 0.0943182127 0.2114258628
0 0.8335337289 0.7696993923 0.1268139850 0.1791398552
0 0.5828391312 0.0580626738 0.1351404023 0.1161253476
0 0.3219838964 0.0719981353 0.0831897527 0.1334539954
0 0.7474890237 0.0480659143 0.1267396594 0.0961318287
0 0.6044986123 0.8907646429 0.1400466462 0.1624478612
0 0.8040545043 0.8978256399 0.0959514858 0.1982225356
0 0.9770833144 0.8487856654 0.0458333711 0.1232703852
0 0.3031437798 0.8808741751 0.1424548894 0.1680171052
0 0.0381518700 0.7633024023 0.0763037399 0.1817180911
0 0.0954101059 0.0502786076 0.0808032403 0.0678374049
