1 0.4848252380 0.3688607370 0.0249745071 0.0557144411
1 0.3408735768 0.3615824299 0.2168691515 0.1935882076
0 0.4639765830 0.2539230593 0.0521018426 0.1158847440
0 0.2057872437 0.2757839326 0.0710400745 0.1263111730
0 0.0436106718 0.2505942006 0.0585070988 0.1262873127
0 0.2009274326 0.7625444966 0.1028286589 0.1116598806
0 0.4966223001 0.7703184066 0.0668652962 0.1178659747
0 0.7831475219 0.7597538856 0.0959259901 0.1166994649
1 0.6087794357 0.6370132446 0.1527807285 0.1120480445
0 0.7822636061 0.7736470130 0.0822765977 0.1221194852
