1 0.4291802026 0.2148582448 0.0486534044 0.1051213767
1 0.4166114060 0.7199664782 0.1548799205 0.1566308955
1 0.5293250670 0.6022305437 0.1824501872 0.2869813570
0 0.5702749740 0.4403436210 0.2886767350 0.4467658791
1 0.3671471579 0.1265562888 0.0381118197 0.0441509678
1 0.0809030884 0.2159094554 0.0397336020 0.0504582518
0 0.5739919485 0.4594100829 0.1011388926 0.0811923037
1 0.4367064480 0.1301332366 0.1362839417 0.0919875945
0 0.5465220307 0.3754334706 0.1148840161 0.1971162570
0 0.2514278240 0.3549917898 0.0563156737 0.1649936143
0 0.0582650236 0.3476911770 0.0664525128 0.1737543332
0 0.8393636321 0.2812557118 0.0788419812 0.1401715638
0 0.5652769572 0.4150762148 0.1256979334 0.1783480285
