1 0.1628500657 0.7688546985 0.0393273405 0.0845620980
1 0.1630502450 0.7577771250 0.1586452963 0.1095642951
1 0.1701404625 0.7837291587 0.0448147537 0.0904044208
1 0.6015843595 0.3106829436 0.0537776600 0.0672776713
1 0.6757324155 0.2807233515 0.0293332864 0.1292992689
0 0.2516218441 0.7663841478 0.3528143800 0.3647711801
1 0.1628054093 0.7736968892 0.0248634382 0.0564555110
0 0.4243686404 0.8365678140 0.0208852709 0.1129111040
0 0.7088061625 0.8731355789 0.0407759961 0.1090618310
1 0.9743475370 0.6575782217 0.0507213269 0.0474739561
0 0.8833473599 0.8769848518 0.0258579363 0.0962309213
1 0.9266097204 0.4959102346 0.1183498051 0.0834001755
1 0.7560466109 0.5004010120 0.1491805339 0.0384924013
1 0.8655369137 0.7013555133 0.0333228441 0.1113350114
