0 0.1016447003 0.4852131676 0.1103384723 0.4153689762
0 0.2749251097 0.4874584744 0.1218215193 0.4099823060
0 0.0939339906 0.5440403085 0.0832581000 0.1434514319
0 0.2684018473 0.5823344992 0.0860645856 0.1641181654
0 0.5574665395 0.6121189176 0.0542581405 0.1312944503
1 0.6870311491 0.1598822425 0.0458387587 0.0534903768
0 0.9135324247 0.7057127431 0.1581590283 0.1498995564
0 0.1350698604 0.3957540334 0.1464899462 0.2455941758
0 0.2917358398 0.4566317444 0.0962901350 0.2498293352
0 0.5518090379 0.5530336071 0.0936938540 0.2012865670
0 0.8421218281 0.6108443322 0.1674052709 0.2301315195
1 0.0671923024 0.5204394195 0.0313624498 0.0797668006
