0 0.3706883909 0.7896577701 0.1322989485 0.1432762029
1 0.5934260166 0.8714299846 0.2697657244 0.1474698221
1 0.2099658742 0.8179635984 0.1788102094 0.0992450306
1 0.5710266389 0.8899017987 0.3515240561 0.1892184663
1 0.2179472289 0.8142143599 0.1710957523 0.1051214282
1 0.2964957259 0.8825432734 0.0606612676 0.1261455944
1 0.5788624621 0.8839716827 0.3129512459 0.1840491805
1 0.2047886499 0.8264390858 0.1990346779 0.2245641306
0 0.3923892474 0.8217846978 0.1549299283 0.2328213846
1 0.3222150708 0.8833776072 0.0874898643 0.1293452552
0 0.3748145470 0.7679645317 0.1138860780 0.1669123752
0 0.8062167483 0.8015629106 0.1964348840 0.1645878876
