1 0.2445899074 0.2190631175 0.1186306861 0.1492723860
1 0.4046600380 0.4046023692 0.0617529251 0.1608357192
1 0.5622925297 0.6027561390 0.1235058882 0.2018330239
0 0.5838248392 0.4834433444 0.4200825277 0.4551755314
0 0.9530278435 0.3242815609 0.0650772587 0.2241195017
0 0.7445055865 0.3752717191 0.0788259956 0.2241195262
0 0.4612820722 0.3533341115 0.0916581071 0.3011976704
1 0.5578655877 0.4168751381 0.0622550643 0.0752007498
1 0.6249321874 0.2889732985 0.2527714959 0.2686674507
1 0.8194441121 0.1728749160 0.0779927067 0.0729413959
