1 0.8729454049 0.8077746386 0.0807391284 0.1319204409
1 0.4469377025 0.7832035265 0.1521176803 0.1545284338
1 0.8640851569 0.8058046486 0.0768429289 0.1429651272
1 0.5488722041 0.6565322876 0.1677999216 0.1450674492
1 0.7339224945 0.7847803573 0.0925252367 0.1450674492
1 0.1975902736 0.6560066625 0.1458446956 0.1229919969
1 0.6829552770 0.2754672982 0.3073717822 0.2386255543
0 0.8162284360 0.6527530603 0.1132178187 0.4423099986
1 0.2003260272 0.6588031702 0.1354806582 0.1136390731
1 0.8680829929 0.8112906517 0.1107337477 0.1342348244
0 0.8103036995 0.6605480261 0.1846104479 0.5090015255
