1 0.3976413331 0.5922948710 0.0316037959 0.0344456352
0 0.6921952011 0.7592276630 0.1093113495 0.0683442904
0 0.2820658135 0.1777502179 0.0805005816 0.0363767892
0 0.1227593685 0.1419245949 0.0821953391 0.0617303073
0 0.3854455352 0.7630858309 0.0906690953 0.0672418865
0 0.1930914678 0.7581253820 0.1008375933 0.0859815240
1 0.0507325176 0.5393134656 0.0364371099 0.1003117507
0 0.2855137011 0.1841178008 0.0731581184 0.0914615198
0 0.1258959871 0.1921515839 0.0864595995 0.1297764826
0 0.3928755966 0.7390667753 0.1016612843 0.1409001706
0 0.1881278870 0.6982799194 0.0893099051 0.1334843786
0 0.1831466446 0.8331342688 0.1178193257 0.2594597524
0 0.4032419310 0.8620062752 0.1290925065 0.2307950360
0 0.7028344764 0.8405300573 0.1431508534 0.2082256371
0 0.3010279036 0.0984111726 0.1121642310 0.1701461825
0 0.1495580757 0.0799990959 0.1209857411 0.1473273059
