0 0.0785910364 0.1694107569 0.1571820728 0.0890959257
0 0.3552198731 0.1861162423 0.0863326340 0.1259336696
0 0.5868680572 0.1715524875 0.0856735932 0.0950927632
0 0.3776268009 0.7005595327 0.0744701214 0.0822424308
0 0.0687056224 0.6431612016 0.1374112448 0.0771022609
0 0.8241180246 0.7065563907 0.0698569308 0.0702487148
0 0.6379427370 0.7185500452 0.0705159716 0.0668219212
0 0.9242901987 0.1908280425 0.0764472121 0.1524910943
0 0.7578857232 0.1762642876 0.0718339899 0.0856691629
0 0.5783405176 0.5101551192 0.4972624485 0.5478269966
0 0.3591947995 0.2054706104 0.0635932019 0.1227847050
0 0.5995398145 0.2091176816 0.0673339970 0.1592553965
0 0.7566525163 0.2285687280 0.0542413403 0.1787064430
0 0.9366774621 0.2072941486 0.0776211837 0.1604710716
0 0.3816394757 0.6771583378 0.0953898344 0.1592553760
0 0.6430263687 0.6844524904 0.0607876055 0.1276474974
0 0.8272596775 0.6552759208 0.0907139036 0.1446671528
1 0.5214510630 0.7349035883 0.1075473555 0.0972551501
