0 0.4868132171 0.1941233181 0.0442982618 0.1629312195
0 0.7411529020 0.2170038774 0.0597705002 0.1513100951
0 0.9114224216 0.2310219067 0.0568936067 0.1716982643
0 0.3960233591 0.7391691477 0.0951337267 0.1691275577
0 0.6846522505 0.7549108723 0.0598123692 0.1537396937
0 0.8641664019 0.7388981147 0.0795291559 0.1669429497
1 0.3192861826 0.5571791681 0.2059264126 0.1496407528
1 0.3709859675 0.3879033133 0.1645591487 0.1078715075
1 0.6235403504 0.3307603772 0.2173563587 0.1884142780
1 0.5626725435 0.6785345500 0.2242306918 0.1632414338
0 0.4997879952 0.4763560148 0.5210621652 0.6182417902
1 0.5309438296 0.3342477683 0.5125974605 0.2224685567
