1 0.2797267116 0.3902165371 0.1065115287 0.1321571016
0 0.1820001385 0.1661928890 0.0522492213 0.1198862917
0 0.8127908016 0.2644502274 0.0712489410 0.1087628400
0 0.6560431060 0.2798994790 0.0503492652 0.1371894811
0 0.9676385094 0.2681580515 0.0560491653 0.1557286118
0 0.4000219025 0.2329337175 0.0493992713 0.1446051293
0 0.1050512736 0.6661311397 0.0446493334 0.1359535705
0 0.3848221267 0.7742760039 0.0588991469 0.1446051498
1 0.0970340516 0.1269800462 0.0962152896 0.0339987193
0 0.3833042879 0.8494526975 0.0985909851 0.1993561921
0 0.6576130869 0.1927087187 0.1199793845 0.1413768730
0 0.8194544064 0.2279035266 0.0977340919 0.1419331252
0 0.3955819266 0.2219309129 0.0893766352 0.1738795528
0 0.1818769546 0.1687418825 0.0550637413 0.1353894166
0 0.8310183570 0.7810915552 0.0602161731 0.1473911478
0 0.6504112228 0.7924053359 0.0939058102 0.1593815762
0 0.3714396475 0.7944735029 0.0877155438 0.1800844546
0 0.0948100672 0.6684350422 0.0942405085 0.1722829697
0 0.9788734010 0.7756216955 0.0422531981 0.0806555135
