1 0.4731065075 0.3651728230 0.1050658421 0.1494647118
0 0.2064089947 0.7257859261 0.0617963139 0.1835692375
0 0.3861801053 0.7361193011 0.0617963518 0.1993731591
0 0.6886075417 0.7786684098 0.0617963139 0.1604710733
0 0.2312211505 0.1653528337 0.1132932675 0.1908633201
0 0.3899253134 0.2176275192 0.0674141641 0.1568240258
0 0.5612696488 0.2297844302 0.0711594481 0.1762750687
0 0.8215632279 0.2200588965 0.0543058218 0.0790198788
1 0.6010773653 0.3345616618 0.1788347517 0.1434513953
1 0.7513547909 0.3339538574 0.1310829684 0.2394909274
1 0.9152086720 0.3789343803 0.1554270490 0.1495298816
1 0.8215778991 0.6409155569 0.3145993819 0.1872162850
1 0.5350676732 0.6798176427 0.2958733031 0.2212555916
1 0.2963091927 0.6524646390 0.1741532415 0.2516478508
0 0.2115733366 0.7247981656 0.0889492438 0.1993731591
0 0.3871310595 0.7430335014 0.0692868061 0.1726279474
0 0.6783227767 0.7618766785 0.0730320901 0.1665495350
0 0.8187689550 0.2014436230 0.0655415979 0.1738436422
0 0.5795422856 0.2257574266 0.0758409583 0.1592553908
0 0.3941533817 0.2287966697 0.0664778621 0.1580397329
0 0.2368536529 0.1558552496 0.0945670750 0.1920789965
0 0.2488168657 0.1427335616 0.0636573175 0.1424500619
0 0.3938593705 0.2170517398 0.0323631903 0.1000393898
0 0.5553091677 0.2207512640 0.0432611501 0.0979978992
0 0.2024840171 0.7511023983 0.0700831064 0.1271449427
0 0.3892245464 0.7622022321 0.0450183560 0.1532982119
0 0.6916181292 0.7785608353 0.0521642839 0.1119890275
