1 0.7118675956 0.6055484156 0.0153543717 0.0452021937
0 0.4403322507 0.7598222794 0.0908033604 0.0904232887
0 0.2657914655 0.7688790106 0.0770242293 0.0909492739
0 0.2755007853 0.7425440634 0.1078946231 0.5149118731
0 0.4590981963 0.8729226881 0.1445566782 0.2182476413
0 0.1839022178 0.0844817705 0.1063530219 0.1676715072
0 0.3354752523 0.0877244026 0.0849448935 0.1754488053
0 0.4755683989 0.0902234666 0.0884375197 0.1636862839
0 0.7551370563 0.8073861153 0.1714538461 0.2252821892
0 0.2033365277 0.2119085558 0.0964366348 0.2153318713
0 0.5156786186 0.1995566768 0.0848986536 0.0526599146
0 0.2611977092 0.7104377500 0.0773658823 0.2052017704
0 0.3182348167 0.8402343258 0.0440759913 0.0642143988
