1 0.6286939119 0.2480043457 0.0838042174 0.1135311035
1 0.9529266263 0.5591636475 0.0748541959 0.0967116699
1 0.5649674076 0.3612219238 0.1125662883 0.1308070313
1 0.5809253421 0.3364444458 0.0825593269 0.0835555420
1 0.3724630350 0.2813333252 0.0481596105 0.0657777832
1 0.4625902867 0.3773333374 0.0715514192 0.1048888916
1 0.9297385579 0.2271111084 0.1004472384 0.1457777832
1 0.8857069269 0.6973333252 0.0343997164 0.1048889160
0 0.3240007997 0.3631304016 0.4337717535 0.3586285522
0 0.0913792082 0.0969092989 0.1335901621 0.1852689266
0 0.3362479668 0.1260806107 0.0813723727 0.2192091888
0 0.5950469309 0.1016583733 0.0760652241 0.1771575455
0 0.7600909443 0.0914979351 0.0850040211 0.1633063759
0 0.4019174298 0.8480439941 0.1278890604 0.1789772461
0 0.6736182245 0.8595615479 0.0667361044 0.1776056152
1 0.9431284996 0.2274885498 0.0826896738 0.1245300781
1 0.9520634796 0.5453293945 0.0495818619 0.0553424805
0 0.3504907661 0.2095798492 0.0685338448 0.2302785828
0 0.6994146294 0.7356795898 0.0948023746 0.2171103516
