1 0.6232932049 0.5303895264 0.1320465597 0.1386818848
1 0.9154761603 0.7470972412 0.1057728311 0.2359100098
1 0.6013490468 0.5300601074 0.1832788735 0.1486232422
1 0.9309198289 0.7762631104 0.1190240656 0.2489175293
1 0.6090589534 0.4792301880 0.1636580902 0.5016840576
1 0.4364740470 0.4740978394 0.1676255263 0.5299118408
1 0.9161434327 0.7538552246 0.1165793377 0.2244143555
1 0.6187125674 0.5347584229 0.1380051688 0.1270173340
0 0.2404168199 0.2515603302 0.4356371255 0.3368215271
0 0.8311244797 0.3656360596 0.1391809165 0.4128072754
