1 0.3844139014 0.5613974787 0.0843822700 0.2722643452
0 0.8927165642 0.4531224405 0.1462625863 0.5581945604
1 0.5085214975 0.8347624994 0.0598707093 0.0819514613
0 0.2966635124 0.5208893807 0.1013149163 0.1811136553
0 0.4746657629 0.5712916959 0.0647298905 0.1609293784
0 0.6513432551 0.6104027041 0.0540893404 0.1499368975
0 0.1125900090 0.4188512618 0.0907510459 0.1735924259
0 0.3055361502 0.4979900852 0.1022610741 0.2238526129
0 0.4744606441 0.5202779216 0.0793871333 0.1676120389
0 0.6553358838 0.5803904133 0.0712236247 0.2033342423
0 0.9056624896 0.5211071876 0.0822245907 0.2005043276
