1 0.3209807183 0.0993889913 0.0186454521 0.0336388437
1 0.6768659797 0.7674353485 0.3883121585 0.3563614658
0 0.5908801497 0.2212745784 0.1940651886 0.1957260919
0 0.3213452111 0.1331369971 0.0450006280 0.1677652348
0 0.0799355822 0.1860195653 0.0740635218 0.1787064304
0 0.4338467338 0.6218444456 0.1256267138 0.1872162049
0 0.7296321018 0.7409820659 0.2334406829 0.1701966354
0 0.1516553232 0.4978440649 0.0281253846 0.1094121198
0 0.9790105583 0.2808434090 0.0328128909 0.0936081638
0 0.6562161249 0.0691285079 0.3519231938 0.1382570158
0 0.4212561836 0.7692838185 0.2348771844 0.3464354242
0 0.1413555185 0.6187843277 0.0735802059 0.2121244764
0 0.8846387311 0.8748973890 0.1101349760 0.1445731120
