1 0.6495244694 0.7688236943 0.1114102427 0.2576933890
0 0.3696476340 0.6244334006 0.0784333998 0.1335450452
0 0.1988631199 0.6231493195 0.0348752070 0.1405169452
0 0.0397845811 0.5779192273 0.0317874100 0.1964315601
0 0.8462277555 0.6173243873 0.0529069550 0.0909354367
1 0.1722686131 0.7618771948 0.2282244555 0.1404475254
1 0.3990539835 0.7519670377 0.1038850600 0.1798508769
1 0.9031845559 0.7375336413 0.1381835305 0.1751104387
0 0.6340089914 0.6355842770 0.0565433986 0.1466270781
0 0.6387675526 0.6388640844 0.0934904979 0.1872161968
0 0.8561327404 0.6157659974 0.0476800572 0.1337258901
0 0.3709175351 0.6260993932 0.0794668252 0.2030202333
0 0.1998301051 0.6218444824 0.0420706861 0.1920790342
0 0.0432336848 0.5726089837 0.0373961707 0.1981574370
