1 0.2108358326 0.6270983339 0.0324604464 0.0357412554
1 0.2761624799 0.2218553935 0.0121726635 0.0346900444
0 0.8637186897 0.2276920592 0.2240500859 0.2018634569
1 0.6340003502 0.3137110552 0.2045423159 0.0943359866
0 0.5276142582 0.1987679514 0.0395005708 0.1142600712
0 0.2894720415 0.1819270160 0.0487918952 0.1329508818
1 0.4018745620 0.2645601144 0.2054022993 0.1458243532
0 0.1191902279 0.1315577227 0.0545558200 0.1148657521
1 0.1917267437 0.2509001868 0.1057449309 0.2041405833
0 0.0268002188 0.6079258136 0.0439517821 0.1377788730
1 0.1248857682 0.5469120790 0.1289192602 0.1547319293
1 0.3471205276 0.5912665886 0.2688634768 0.1606448174
1 0.5913206493 0.5784270075 0.2013003834 0.0957663677
0 0.5158263781 0.7106421970 0.1138862365 0.1659164889
0 0.2114816328 0.6450646024 0.1012498290 0.1469351685
0 0.7986510789 0.6423533619 0.0560845550 0.1325426862
1 0.2151261323 0.6401298712 0.0231961208 0.0648264083
0 0.1948173862 0.6788386289 0.0928872078 0.2294840522
0 0.4988553857 0.7067488449 0.1225727953 0.2183199331
0 0.1263489906 0.1274566829 0.0670320024 0.1637399754
0 0.2814801758 0.1566073551 0.0651167798 0.2071558651
1 0.2125745456 0.6321557691 0.0553398566 0.0803378412
1 0.2745933651 0.2069832047 0.0171744535 0.0457307646
1 0.1100049655 0.1804099265 0.0601105399 0.0716860567
1 0.5307787606 0.2415902814 0.0505691733 0.0482027088
1 0.0517274488 0.5612363719 0.0429482761 0.1669028219
1 0.1143603320 0.6755956917 0.0369832336 0.1576303838
0 0.8754991060 0.2282034944 0.1443539514 0.1375402615
1 0.5205793884 0.6508693401 0.0429482998 0.1329040732
1 0.7830410378 0.5334192418 0.0930545653 0.2318094385
