1 0.6631574986 0.2327308255 0.0716102922 0.2401564457
1 0.6735776613 0.3094843297 0.0699219810 0.1085185651
1 0.4193158777 0.2416602418 0.0281503834 0.0460024087
1 0.6628038771 0.3110443164 0.0720256872 0.1229920122
1 0.6506648478 0.1686048423 0.0380360719 0.0714825331
1 0.5151107258 0.3063138459 0.0647422090 0.0925068452
1 0.4236623040 0.2548043791 0.0194226211 0.0399461327
1 0.6646671532 0.2600072204 0.0780137206 0.2080057714
1 0.3820384288 0.1915608728 0.0355852378 0.0533348040
1 0.2061653327 0.1568932483 0.0342165471 0.0408900259
1 0.0925663624 0.1533375939 0.0396912009 0.0977804966
1 0.9555079079 0.3275646545 0.0793824302 0.1155587564
1 0.3047090062 0.2244506824 0.0561151623 0.0408900259
1 0.5086396740 0.3035639933 0.0396912151 0.0888913606
1 0.6712570380 0.2212921315 0.0958949390 0.2491258841
