1 0.0881403703 0.7178640237 0.0258251650 0.0599192082
1 0.2237224707 0.7620150420 0.0322814405 0.0620215897
1 0.2983733452 0.7467723754 0.0427729197 0.0756873776
1 0.8628953045 0.0876613781 0.0468081234 0.0441509874
0 0.3488131157 0.7825136827 0.1823902081 0.4141782365
0 0.6215913933 0.7515029085 0.6553135698 0.3395420702
1 0.8696038038 0.0765232976 0.0389391667 0.0412842424
0 0.3661112225 0.8054849260 0.1331176442 0.2347303118
0 0.6256907898 0.9141545052 0.2159082499 0.0511595528
1 0.9059414141 0.2563478516 0.0847664965 0.1795050732
0 0.8345775180 0.1195424548 0.0817332418 0.1582509552
1 0.5733945386 0.2415211104 0.2857083766 0.2987029700
1 0.7816639213 0.2538262647 0.1304369599 0.2687530723
0 0.2782385560 0.2017904883 0.3072306894 0.2887112702
0 0.3674567904 0.8273203971 0.1128894946 0.1799447196
1 0.1813041778 0.5512527096 0.1795484658 0.1218815313
0 0.6212675092 0.8675742342 0.1662771321 0.1204729517
0 0.8687755192 0.7924518431 0.1199648048 0.0582132262
1 0.4602722547 0.7569178867 0.1346822345 0.2287516632
1 0.6172771424 0.7190850970 0.1134969097 0.2370225850
1 0.7618539557 0.7003877953 0.1871701007 0.2078707713
0 0.8442005803 0.7923188942 0.1817964809 0.2698163961
0 0.6042816904 0.8577806828 0.2263715638 0.2003700277
0 0.3626147575 0.8173651888 0.1520797169 0.2857549621
