1 0.8969924330 0.2544430162 0.0747399167 0.0452021955
1 0.8519047288 0.7888456168 0.2315313149 0.4223087663
1 0.3494411779 0.6632256075 0.3753244221 0.6735487850
1 0.9006379102 0.2656472693 0.0789179645 0.0534903530
0 0.9100328915 0.3227847180 0.0826759267 0.2893342413
0 0.6930085081 0.4638047552 0.0714020401 0.1361572756
0 0.4055215562 0.4090986872 0.0977079272 0.1774907491
0 0.0992446547 0.3580397150 0.1371669592 0.1434513690
0 0.9349541785 0.3136127395 0.0774833542 0.2205757846
0 0.9029846760 0.4024914477 0.0764206378 0.0841266678
