0 0.5599172522 0.1532424301 0.1255779125 0.2807462636
0 0.6547547140 0.7392579586 0.0954915365 0.2215527461
0 0.5776025654 0.0931991355 0.2431416453 0.1277322153
0 0.6683825081 0.7813049950 0.2081038110 0.1606952883
0 0.3886103312 0.8135813160 0.1858069526 0.1538280295
0 0.6579871472 0.7547483695 0.0981400478 0.2573275311
1 0.6249680696 0.7422970272 0.0284330768 0.0308319116
1 0.6845858539 0.7541554079 0.0376050784 0.0308318629
1 0.7208151358 0.1855446099 0.0146751875 0.0343893893
1 0.6089171421 0.1624207067 0.0220127059 0.0735221430
0 0.5557197100 0.1558985821 0.1302419403 0.2715576184
1 0.6879585549 0.7488748439 0.0235790865 0.0609704190
1 0.6123431924 0.1728096830 0.0235790111 0.0672776693
0 0.6477116714 0.7667454798 0.1577352642 0.3637199919
0 0.3611050359 0.7846160913 0.1471653503 0.3805393423
0 0.5659982940 0.1701816580 0.1715574665 0.3122104971
0 0.2041015825 0.8653573952 0.3740197052 0.2275619081
0 0.6702511634 0.7880218822 0.0907547562 0.1262256717
0 0.8201340287 0.7435762081 0.0577530472 0.1084474410
0 0.3003566601 0.2013389301 0.1127559332 0.0800022329
0 0.5554326187 0.1186699605 0.1306318872 0.1706714036
0 0.7328169458 0.1551154183 0.0343768084 0.0622239535
0 0.8854500099 0.1515597673 0.0508776253 0.0942248370
