1 0.7778740128 0.7816267187 0.0439180023 0.1114286052
1 0.6790585394 0.7395781752 0.0382249020 0.0777898197
1 0.4021312702 0.2975427849 0.0325318018 0.0767386154
1 0.7766490226 0.7824836736 0.0410663712 0.1061594693
0 0.9285946150 0.7642006685 0.0730068751 0.2252939374
0 0.7433395783 0.8231781970 0.0620558597 0.2040620764
0 0.4608942800 0.7978178639 0.0739194808 0.2311917313
0 0.1455958125 0.7706882500 0.0693565392 0.2170370752
1 0.4002072972 0.2847137862 0.0474544847 0.0542592483
0 0.6508621390 0.2377414460 0.1222174066 0.2569965293
0 0.8296279510 0.2235948605 0.0553322751 0.2334188886
0 0.4571991919 0.8283619576 0.0571564388 0.1886212901
0 0.7457174724 0.8181449926 0.0662771298 0.2074834930
0 0.4391871680 0.9121131923 0.1200689818 0.1678542321
0 0.7455625028 0.8131573901 0.0829099403 0.3736852198
0 0.9374217213 0.8540153580 0.0913180571 0.1815078828
0 0.1175007398 0.8641164096 0.1451694874 0.1844576006
0 0.6478283234 0.1338405244 0.1256191797 0.2339834830
0 0.8110265186 0.1148172326 0.0619953326 0.2038284717
0 0.3697115355 0.1310187727 0.0577181718 0.2183317917
0 0.0952999470 0.1404990483 0.1416347853 0.2141631741
