1 0.7309524402 0.2239575216 0.1278762306 0.1587334321
1 0.6356485437 0.3432704014 0.0965102607 0.1745016695
1 0.5793508601 0.3075291181 0.0305616014 0.0798923274
1 0.5664828191 0.6717750626 0.0579061690 0.1356066771
1 0.1683778050 0.3012218231 0.0627317198 0.1009166165
0 0.2920202917 0.2626242692 0.2195546987 0.2881593852
1 0.6359188153 0.3320800884 0.0957885931 0.1447654236
1 0.1756844066 0.2861072887 0.0763315695 0.0997707380
1 0.7840918296 0.2098120179 0.0598679100 0.0958581790
1 0.8856801775 0.2854653818 0.1242258189 0.0762952811
0 0.2293784168 0.1808039090 0.3442403606 0.0939018686
0 0.2260016511 0.8001653909 0.1078973738 0.1630435211
0 0.3585438087 0.7656014491 0.1084695037 0.1332339508
0 0.6264890251 0.7092414214 0.1902101370 0.1132544521
0 0.2601283377 0.2186685684 0.2502074598 0.1586629026
0 0.6130018593 0.2016270082 0.1416562143 0.1177417896
0 0.2982336061 0.4766640249 0.2414846681 0.6197273742
0 0.2650108121 0.2714745724 0.1087748367 0.1808113278
1 0.6256231183 0.3394720007 0.0851281002 0.1189955175
1 0.0953456794 0.7683193836 0.0839458074 0.1112685284
1 0.2419552771 0.7582743121 0.0697578065 0.1097232086
0 0.3785150087 0.8169993391 0.1158688765 0.2055376355
0 0.2003726006 0.7933087384 0.0671551492 0.1166921494
0 0.3665222608 0.7816715741 0.0725796054 0.1179436783
0 0.6385956204 0.7690479420 0.1091642542 0.1216861815
0 0.8847187087 0.7039230398 0.0625938325 0.0617833199
0 0.0670505211 0.2212724063 0.0478015214 0.1304286148
1 0.6311900214 0.3403567227 0.0801267393 0.1034735580
1 0.6353956613 0.3280688251 0.0958661370 0.1127903177
1 0.7889336375 0.2119626029 0.0532445421 0.0998366231
0 0.2992350732 0.1175210808 0.2666734148 0.2139552588
1 0.0481039565 0.7989950777 0.0344582940 0.0981118148
1 0.8503819839 0.6488752680 0.0463863414 0.0918249060
0 0.8930383886 0.7589566317 0.0811065721 0.1229445332
0 0.6674525454 0.8364062171 0.1885492638 0.1914055924
0 0.3801928308 0.8540366227 0.1040683060 0.1500297572
0 0.2188327245 0.8834793245 0.1335724207 0.1850456058
0 0.6023327505 0.1166450359 0.1212183359 0.2059305441
