1 0.7699515865 0.2546352723 0.0570247681 0.0743116091
0 0.8976410406 0.4201628521 0.0882575763 0.1018963204
1 0.7640615705 0.2465088851 0.0437588345 0.0849292552
0 0.9010172636 0.5452787056 0.0481504867 0.4309031667
0 0.7034074727 0.4395871253 0.0335695005 0.2688248287
0 0.4427896793 0.4565227916 0.1278010777 0.3849111147
1 0.5997566778 0.2524422640 0.1899717182 0.0700157130
1 0.2075109610 0.4388042527 0.1108820316 0.4225244311
0 0.0953374976 0.7349534332 0.1364185354 0.1718776441
0 0.5960253075 0.2670908904 0.4479359012 0.2030202267
0 0.6004392927 0.2685856064 0.2409192108 0.0953495523
1 0.7612404219 0.2573784941 0.0634272079 0.0853259995
