1 0.6361987229 0.8073814832 0.1754634893 0.2154988509
1 0.3031429515 0.7248611939 0.0373671966 0.0420485276
1 0.1536740235 0.6575835057 0.0259946085 0.0252290872
1 0.6138747460 0.7992426310 0.0866070349 0.1775761629
1 0.1559322818 0.6568615498 0.0229219230 0.0655048566
1 0.3135205343 0.7174226565 0.0343828987 0.1297738002
0 0.8696916799 0.6051396835 0.2423623289 0.1920065758
0 0.3295503882 0.4998041422 0.1072583083 0.3433088400
0 0.1807210444 0.4876811076 0.0803965093 0.3161740670
1 0.3091044329 0.7379051600 0.0272218498 0.0504250160
1 0.1561815480 0.7090701568 0.0284107692 0.0391729306
