0 0.8519477199 0.8629708621 0.0762017286 0.2246831006
0 0.6318095020 0.8138440198 0.1157136559 0.2478016013
0 0.4130824579 0.7665233046 0.0884316050 0.2340749608
0 0.3453476235 0.3160734743 0.0696163500 0.2622506737
0 0.6915478703 0.3717023925 0.2013230120 0.3475002062
0 0.2680225511 0.7412100122 0.3356048990 0.4656092955
1 0.9360662886 0.4226992012 0.0506572124 0.0814511894
0 0.6772388640 0.3910912712 0.1757176082 0.3756481775
0 0.6249984999 0.8032102302 0.2200428535 0.2346282808
1 0.8654957786 0.3982756775 0.1598156138 0.1785437329
