0 0.7599202979 0.0500766337 0.1274804536 0.0947095809
1 0.5179268815 0.6885943201 0.0331502089 0.0599191904
1 0.5053945032 0.1614106026 0.0743858701 0.0925068092
0 0.6424424071 0.1992542888 0.2805642075 0.3721296842
0 0.3174084097 0.1519496739 0.1269411675 0.2817252956
0 0.6772097317 0.8031765718 0.2935008173 0.3290299304
1 0.6360233536 0.2700786937 0.1803788527 0.4997897527
1 0.9110271067 0.3469694197 0.1744647609 0.4459662251
1 0.2264747462 0.7698684631 0.2188201810 0.3306301523
0 0.6743953855 0.0616353585 0.2581426964 0.0885973022
0 0.7296724497 0.8084009101 0.1262502730 0.1687017469
0 0.4084357031 0.7938104683 0.1150279549 0.1577589566
0 0.2032790569 0.7669093670 0.0778543224 0.1531995565
0 0.6532209250 0.1098841633 0.1865698141 0.1468161741
0 0.3284772158 0.1180912816 0.0575140090 0.1723494369
0 0.1405046317 0.0971175421 0.0519028895 0.1431685739
0 0.0265287101 0.7226821879 0.0526042682 0.1668780444
