1 0.2503629819 0.2360467619 0.0319387982 0.0231267165
0 0.4211162551 0.8214088166 0.0909734386 0.2193961924
0 0.6967931091 0.7482767727 0.1056761682 0.2193961518
0 0.2387100156 0.8391021444 0.0845409093 0.1580597615
0 0.2171153310 0.1927089132 0.0909733436 0.2311917088
0 0.2163868821 0.0965745649 0.0671211338 0.0675768643
0 0.7015403336 0.7566504548 0.0629361734 0.1605187631
0 0.4235962990 0.8390504555 0.0306936557 0.1353153478
0 0.2430690987 0.8439546019 0.0454906131 0.1065529977
0 0.2229672111 0.1663805864 0.0807173321 0.1615791372
0 0.3912840721 0.1584974713 0.0615421786 0.1233067417
1 0.6055622655 0.3157184870 0.0871312312 0.1422357267
1 0.3001295857 0.3066007916 0.1733152777 0.2552948811
1 0.1272878528 0.3686010003 0.1628974186 0.1215689871
0 0.7141936369 0.7900994068 0.0787366179 0.0917529069
0 0.3938183765 0.1447663695 0.0429601709 0.0733990015
0 0.2244023921 0.1466432259 0.0544679096 0.0872141893
