1 0.8227756453 0.6422400728 0.0599720143 0.1084474819
1 0.5726649908 0.3364537926 0.0531570246 0.0871135325
1 0.0860736870 0.2706741972 0.0804170444 0.1226700738
1 0.8534431740 0.2715631015 0.0340750235 0.0675574163
1 0.7219135802 0.2360065540 0.0381640022 0.0675574286
1 0.7314545431 0.8066890796 0.0654240361 0.1528931647
1 0.8561691849 0.8431345130 0.0531570246 0.1084474327
1 0.1566522575 0.1651281642 0.0756423950 0.0959557550
0 0.2682272452 0.1170777453 0.0716380555 0.2154394954
0 0.5268532459 0.1776991919 0.0480336884 0.1978599991
0 0.6783860572 0.1608693051 0.0727689013 0.2469229921
0 0.8629130046 0.2130093137 0.0821726104 0.2228388456
0 0.5276156767 0.8247853892 0.0507913095 0.2283762073
0 0.2298012062 0.8024362512 0.0291103410 0.1800991679
0 0.7011724025 0.8610325075 0.0446040401 0.2126102663
1 0.7950614647 0.8971617571 0.0706694426 0.1332184182
1 0.9418274679 0.4431628536 0.0731443805 0.0978479063
0 0.0397891224 0.1869453516 0.0617291339 0.2411981604
1 0.3421409230 0.9370299507 0.0598938177 0.0992080762
1 0.4016940835 0.1040230926 0.1138459759 0.1654032171
