1 0.3825606687 0.6490095811 0.0433367705 0.0546631057
1 0.7533090932 0.5827652521 0.1138906214 0.0817989609
1 0.1947087175 0.5880808661 0.1932171544 0.1197000646
1 0.0313077238 0.3586177270 0.0520502712 0.0947377967
1 0.1591971847 0.3969441016 0.1778122523 0.1134961816
1 0.7057831395 0.4286540874 0.0681133494 0.1023804748
1 0.4590802160 0.3015650407 0.4137639781 0.3341267657
1 0.4146984494 0.6062350721 0.2630385269 0.1072207454
1 0.6913865333 0.5698644397 0.1862217678 0.0815740295
0 0.5199050573 0.1573388322 0.0757971817 0.2380577476
0 0.2534728212 0.1566525524 0.0329324064 0.2530512702
0 0.0810249239 0.2237385932 0.0688822831 0.1552260686
0 0.1144202446 0.6867046665 0.0635520836 0.2414876697
0 0.3097339369 0.7212537500 0.0754998285 0.1760162551
0 0.5946741605 0.6905678314 0.0774684291 0.1251966853
0 0.9278026861 0.5933054952 0.1230574308 0.2808709993
0 0.8366971408 0.2399276098 0.2116495643 0.2892788575
