1 0.4932121433 0.5845092626 0.0888443894 0.1352994248
1 0.5016480251 0.5777444264 0.1373726493 0.1386696654
0 0.1203380250 0.4861701112 0.1303019645 0.3244348037
1 0.8119835341 0.6637265366 0.1128810506 0.0883019126
1 0.6069298952 0.6621497132 0.0925787244 0.1524259977
1 0.5070423532 0.5428368713 0.1526735826 0.2775203984
0 0.8213225958 0.5738477761 0.3085955708 0.5834237158
1 0.5005909106 0.5972944338 0.0911236675 0.1462641476
0 0.1019247350 0.5577794242 0.0646978204 0.2536032839
1 0.4970303305 0.5875330808 0.1007687016 0.1434839299
1 0.5982570992 0.6883275346 0.0870275219 0.1387406193
0 0.1026582878 0.5531443736 0.0503843508 0.3118700317
1 0.5518726375 0.6620094502 0.2488602472 0.3036534869
0 0.5686949925 0.6292759227 0.3371203075 0.1317679297
1 0.5713728578 0.6414255279 0.2234280469 0.2595530086
1 0.1054203372 0.6550211703 0.0534699643 0.0568544690
1 0.7284408958 0.6333917447 0.0506055416 0.0753939345
1 0.5552161995 0.6145524802 0.2339973711 0.3755311974
