0 0.7479298720 0.7205432523 0.0523032717 0.1081964308
0 0.4644646816 0.7460727076 0.0756529627 0.1714122649
0 0.6946925810 0.2190711606 0.0877947990 0.1191376471
0 0.4261712283 0.2069142434 0.0308215816 0.0583531164
0 0.4219976565 0.8666326215 0.2067818529 0.2488150320
0 0.7361975839 0.8437561281 0.0739907947 0.2476595479
0 0.9265298950 0.7881834707 0.0643662236 0.2049324774
0 0.1139989319 0.7777375990 0.2056324544 0.3068739860
0 0.1468908482 0.1115304593 0.2100260426 0.1507675509
0 0.4287691743 0.1017104676 0.0887858829 0.1792396169
0 0.6816167820 0.1118694986 0.0960087168 0.2018727326
0 0.7610056332 0.2977048874 0.3375638562 0.2771275551
