0 0.8484153491 0.7903682090 0.2414761923 0.0420796151
0 0.2747947973 0.7828655641 0.0401648942 0.0783931114
0 0.4609785431 0.7905416277 0.0576891590 0.0680633524
0 0.4870775362 0.1432042895 0.0677411530 0.0897574922
0 0.3123519637 0.1627759953 0.0478697371 0.1176260029
0 0.8495911372 0.7525311324 0.2527639981 0.2297655528
0 0.4573387648 0.7622566557 0.0542974566 0.1446671117
0 0.2710422968 0.7659037217 0.0599144136 0.1787064635
0 0.1062775804 0.7531389802 0.0486804759 0.1726280269
1 0.7395919729 0.1841960412 0.0571058956 0.1337258827
0 0.4812109072 0.2188432048 0.0664675696 0.2273340591
0 0.3098930466 0.2206667327 0.0477443164 0.1969417836
0 0.1451283420 0.1556273270 0.0514889544 0.1495298682
0 0.2754222014 0.8819822659 0.0928840025 0.2069321654
0 0.4509798877 0.8870187130 0.0785919774 0.2119559293
0 0.1299842111 0.8783130556 0.0601896408 0.2290618630
0 0.7485796604 0.8712180368 0.0983344325 0.1646591423
0 0.4901581680 0.0841747462 0.0989779093 0.1534266815
0 0.3230112748 0.0760636160 0.1005855266 0.1388300054
0 0.1673881732 0.0716953564 0.1088712940 0.1380656041
0 0.7338499586 0.0885997185 0.0819396499 0.1769141438
