0 0.4219955778 0.1921410121 0.1241373783 0.2604513611
0 0.4019851288 0.8301285561 0.1998068723 0.1259120337
0 0.2358355329 0.8059146149 0.1132595130 0.1854087753
0 0.4265603057 0.1915751653 0.2083547475 0.2269182096
0 0.6632300148 0.2109461235 0.1944645496 0.2296854604
0 0.4121679173 0.1377131709 0.1264244183 0.1456375687
0 0.3893321153 0.8380585231 0.1270863099 0.1396407927
0 0.2135955620 0.8093593405 0.1078910073 0.1439241865
0 0.6550881091 0.1372848202 0.0986243019 0.1139399673
0 0.3939763445 0.8687176534 0.1121267265 0.0869836878
0 0.4169970303 0.1273984993 0.0761073784 0.0963275280
0 0.6682167014 0.1407387448 0.0640026970 0.1215195216
1 0.2141820171 0.7021876069 0.0981385294 0.2738627321
0 0.3802054700 0.7201867306 0.1072870705 0.3457887797
0 0.2369571015 0.4233070451 0.1023817112 0.0875296750
1 0.4929113795 0.6646215163 0.1972491754 0.0887454460
1 0.7737566167 0.5862095688 0.2874202669 0.1045493592
