0 0.7796959413 0.1202631949 0.1130191653 0.2350827031
1 0.5441387485 0.1982030740 0.0355279579 0.0315364210
1 0.8751949208 0.7469366850 0.2212424584 0.2039354844
0 0.7730519549 0.1645642426 0.1300000809 0.2943398779
0 0.5380828415 0.7726914234 0.4949693384 0.3227226484
1 0.5541233829 0.6068762602 0.0868425705 0.1021179857
1 0.8197869090 0.6439548091 0.3305619202 0.2249026646
1 0.8954196717 0.2336594307 0.2091606567 0.2650204270
1 0.6306942768 0.2774242802 0.2343815711 0.1799220987
0 0.6811189829 0.6682685790 0.1055184121 0.2783930282
0 0.4098527170 0.7782885405 0.1101872857 0.2309810916
0 0.2347669187 0.7223668060 0.0700343193 0.2869028672
0 0.0354025719 0.7874061811 0.0466895459 0.1957260502
0 0.7558222548 0.1303257762 0.1017831996 0.2090987002
0 0.5144372944 0.1436983607 0.0672329099 0.2212555878
0 0.3398183977 0.1759141526 0.0765708465 0.2565106189
0 0.1820077363 0.1716592511 0.0765708465 0.2382752195
0 0.1913676134 0.1623752522 0.0531560925 0.0836205495
0 0.3425302604 0.1544457202 0.0697673853 0.0965961549
0 0.5230395078 0.1479579175 0.0653376925 0.0951544255
0 0.7672253089 0.1277736474 0.0686600016 0.1066882964
0 0.7035487394 0.7657407776 0.0719822475 0.0591110682
0 0.4150661840 0.8025049996 0.0952380005 0.0749701734
0 0.2312346907 0.7852042062 0.0598006160 0.0634362563
0 0.1938439521 0.1560043273 0.0628165646 0.1208922394
0 0.3529337218 0.1604488969 0.0696444304 0.1226700631
0 0.5338727268 0.1400038933 0.0873969416 0.0853357032
0 0.7680692495 0.1151143046 0.0778378947 0.1280035446
0 0.0374853414 0.7889107758 0.0423329010 0.1137809651
0 0.2293489586 0.7809106050 0.0518919350 0.1084474630
0 0.4157502706 0.8022445309 0.1024182874 0.1084474630
0 0.7004731615 0.7746881860 0.0737411467 0.1351148086
1 0.7261943304 0.1723761443 0.0313291056 0.0506746236
1 0.7964473748 0.1501287476 0.0294303183 0.0729220203
1 0.9682826009 0.7174374151 0.0446201743 0.0828097361
1 0.3231885922 0.1946235513 0.0227847840 0.0630343044
1 0.3692328254 0.1952415374 0.0199366662 0.0494386719
0 0.1866998139 0.1797900290 0.0692687736 0.1242564836
0 0.3454883962 0.1679615062 0.0703876251 0.1165111470
0 0.5166559476 0.1618346191 0.0573771222 0.1378144935
0 0.2367725096 0.7466386245 0.0632287888 0.1699583974
0 0.4110624104 0.7818261735 0.0736844396 0.0954072443
0 0.6882797462 0.7375550180 0.0563885233 0.1090026609
0 0.2275957301 0.8782428011 0.1132945343 0.2000504568
0 0.4180897778 0.8795725367 0.1331216563 0.1548075303
0 0.7188853388 0.8282883225 0.1192602943 0.1569617752
0 0.1927186796 0.0818398159 0.0805423018 0.1636796319
0 0.3521432501 0.0744270109 0.0971750453 0.1488540218
0 0.5308211111 0.0777479619 0.0897357064 0.1554959238
0 0.7831981019 0.0552206374 0.1293487233 0.1104412747
