0 0.4962689198 0.7979448654 0.4806184539 0.3489177254
0 0.3748223751 0.1467509108 0.4527117121 0.2935018216
0 0.6843818914 0.1704339257 0.0940565707 0.1839255855
0 0.8797300550 0.7174773825 0.1746763591 0.3475654368
0 0.8533736872 0.1068552661 0.1074931267 0.2137105322
0 0.4836596276 0.7914489845 0.4726527628 0.3605663195
0 0.1155049411 0.7530797117 0.2250727406 0.4057685223
0 0.3763481691 0.2264216019 0.4364803755 0.4036661019
0 0.4669682466 0.8926091849 0.2874342864 0.0837769146
0 0.3590749984 0.1033431501 0.3498100672 0.0727535735
0 0.2105831361 0.1410233724 0.1376496398 0.2522951443
0 0.5180583009 0.1348330693 0.1108852337 0.2066881121
0 0.6867599629 0.1313453175 0.1318903753 0.2008021082
0 0.8388397047 0.0770083966 0.0692480981 0.1433148118
0 0.9272635108 0.7615823823 0.1035059740 0.2522382844
0 0.6249080326 0.8639682160 0.1247751237 0.2096870188
0 0.3187377063 0.8690134027 0.1170911783 0.2129027038
0 0.8108291673 0.8171643826 0.1000067256 0.2072641992
