0 0.2183751021 0.5658380324 0.0620261088 0.1180432720
0 0.4261132986 0.5908580903 0.0423353214 0.0705693891
0 0.7273829243 0.5934242495 0.0502115382 0.0680032053
1 0.1642253328 0.7897354126 0.0383970997 0.0449077975
1 0.5920085152 0.8686448128 0.1319285855 0.0564554522
1 0.7515041616 0.8564555014 0.0551343106 0.0449077975
1 0.3527649794 0.8461909140 0.0590724756 0.0449076991
1 0.5779716095 0.2495483060 0.5694768358 0.4373049521
1 0.7235003556 0.7818665289 0.0738563915 0.3107993341
1 0.1929358161 0.7277854919 0.0796888276 0.1628525765
0 0.2050551235 0.5704096640 0.0888205047 0.2190711237
0 0.4235738622 0.6321160101 0.0692511832 0.1653365597
0 0.7192111629 0.6114146571 0.0694924534 0.1450335103
0 0.0272824404 0.5535649453 0.0545648809 0.1588181034
1 0.5958018350 0.6992245582 0.1613653580 0.2151843655
0 0.2183283249 0.5683252888 0.0514865535 0.1409070907
0 0.4227299643 0.5924807641 0.0442784753 0.1140676191
0 0.7189212081 0.5702539259 0.0595711434 0.0919693485
0 0.4240847484 0.5933781532 0.0320853432 0.0680593675
0 0.2136500141 0.5543504038 0.0455009158 0.1160421556
