0 0.3391634403 0.7146596839 0.1021938702 0.2347305212
0 0.6330837023 0.8178702070 0.0714452385 0.2288326728
0 0.1763768432 0.6067308575 0.1021937946 0.1910870839
1 0.2462567244 0.6363949533 0.0427166401 0.0777898239
0 0.4703174723 0.7725271698 0.3715539876 0.4131270710
0 0.2023311322 0.6258828669 0.1837620594 0.3805393715
0 0.4175262168 0.1570414889 0.2933745243 0.2880325825
1 0.7914980898 0.1197234012 0.3143298461 0.2323182555
0 0.6146331258 0.9265066275 0.0799257637 0.1212818309
0 0.3330204935 0.7954275456 0.0497977568 0.1347472012
0 0.1990063167 0.6528696179 0.0288092358 0.2375291235
0 0.6175510482 0.8594992871 0.0772246181 0.0760628098
