0 0.3095012456 0.6377834127 0.0584370594 0.1911103631
1 0.3895511410 0.7919745962 0.1541680511 0.2375743108
1 0.5029574910 0.1607207257 0.4068099202 0.2911862088
0 0.3305416798 0.4634248162 0.2800361452 0.3282363018
1 0.2073257667 0.7691708343 0.1362842296 0.1981574370
1 0.4560911855 0.7570139053 0.1484191011 0.1860004669
1 0.6791866583 0.7564060815 0.1969587450 0.1920790342
1 0.9070353779 0.7217589510 0.1859292442 0.1932947229
1 0.7902108383 0.6538413308 0.0659008638 0.1089348482
0 0.1397067822 0.5465655292 0.1323534266 0.3480838249
0 0.3365276064 0.5445181387 0.1264078797 0.3012390342
0 0.5665286675 0.5470002762 0.0874143993 0.2895065564
