1 0.7171540311 0.2370979807 0.1028420788 0.2165500171
0 0.7333496207 0.3127853553 0.3085263499 0.3216714052
0 0.6502818718 0.3461180018 0.0652909092 0.0597841077
1 0.6755353855 0.2113478028 0.1234669227 0.1729896170
1 0.3765195045 0.2085579527 0.3250101422 0.1678667706
0 0.8059998506 0.2274519362 0.1866000440 0.3199609946
0 0.0832199106 0.2149830249 0.1664398212 0.3338594214
0 0.3730434652 0.3095516110 0.0814116541 0.2009272671
0 0.6432325007 0.2489575886 0.1380988795 0.2340124163
0 0.7887313720 0.2223459162 0.0985931074 0.2668019678
0 0.9422695697 0.1456227852 0.0509806088 0.1587604397
