0 0.6595884429 0.7720214350 0.2568614768 0.1795604942
0 0.8932231190 0.7506875092 0.0601164997 0.1831161622
0 0.9449925000 0.2217561562 0.0751456246 0.1742270539
0 0.7926517212 0.2324231243 0.0983724886 0.1564487858
0 0.6355290228 0.2635351011 0.1229655791 0.1653379456
0 0.3991617828 0.2573127027 0.1065701959 0.1635601116
0 0.2003673868 0.2386455125 0.0833433636 0.1724492302
0 0.8951320559 0.7898410273 0.0254706566 0.0389066218
0 0.6503926163 0.7898410273 0.2248059139 0.0965461834
0 0.2993409815 0.7437294603 0.0321151441 0.0446705780
0 0.0318994564 0.6399783934 0.0553709180 0.1340117750
0 0.6321201887 0.2300175567 0.0642302882 0.0518755437
0 0.7932495876 0.2112847300 0.0609080286 0.0720493697
0 0.4034383054 0.2307380512 0.0365447919 0.0446705985
0 0.6958206311 0.8014301804 0.2376499739 0.1861040881
0 0.7187436152 0.1540316147 0.4069989845 0.0900111443
1 0.3042595822 0.2440427487 0.0963698811 0.1338003524
