0 0.4594599669 0.1050420192 0.0857921317 0.0558110053
1 0.4851853710 0.6726618326 0.0145432338 0.0367925090
0 0.5179021536 0.7765932391 0.0872524041 0.1570960424
0 0.1495710168 0.1063069438 0.0860962986 0.1805233571
0 0.2994627046 0.1116033716 0.0811347331 0.1818582396
0 0.4619343970 0.1166159620 0.0880792791 0.1841261464
0 0.7043224051 0.1175900877 0.1107622257 0.1914505215
0 0.4911357312 0.8131619115 0.0901715933 0.1023982058
0 0.3255754424 0.8292858575 0.0749498162 0.1027462047
0 0.4601453356 0.1281320151 0.0709333183 0.0746195906
0 0.1356949688 0.1754944555 0.0552814421 0.0833004264
0 0.2955306818 0.1763175431 0.0524287578 0.0841327790
0 0.6969679840 0.1025641811 0.0643702105 0.1020802016
