0 0.3345010399 0.1862213996 0.0316784925 0.0412842535
1 0.7909204464 0.2258959924 0.0225854250 0.0515094757
1 0.6465347026 0.2427154172 0.0290384954 0.0325876297
1 0.8344782083 0.2768798705 0.0516240337 0.0546631105
1 0.9296599284 0.2579580061 0.0725961817 0.1093262088
1 0.2589516404 0.6064353697 0.0330715746 0.0388949487
1 0.2194270521 0.6700338056 0.0588835915 0.0609703802
1 0.5795848582 0.6495351484 0.0258119791 0.0473046087
0 0.1046786450 0.1960032801 0.0613357242 0.3022173482
0 0.8033177593 0.1872433570 0.1025062788 0.2496578093
0 0.5596552934 0.6860114805 0.1058671404 0.2551327613
0 0.7734901126 0.6794415382 0.0932639094 0.3317820887
1 0.5629226760 0.5959821886 0.0651287419 0.2202259187
