1 0.5570132876 0.2891330750 0.1758870115 0.0788410045
1 0.1438977501 0.6462457315 0.0488873249 0.0625161216
1 0.4191768904 0.5899960914 0.1409078883 0.1684525941
1 0.4732137587 0.3218940032 0.0765568922 0.1965040906
0 0.7290204421 0.1805392806 0.0542637730 0.0707006994
0 0.8956877394 0.1855893235 0.0221484587 0.0432861525
0 0.4045452537 0.7295518176 0.0675528633 0.0577148536
0 0.8608038962 0.7461448263 0.0321153143 0.0851294497
0 0.1016648346 0.6660654934 0.0930235993 0.0750293146
0 0.1272446596 0.1733249116 0.2544893193 0.1861303943
0 0.6836160753 0.7432591156 0.0476192278 0.0562720476
1 0.3530500475 0.3089548213 0.0553711846 0.0851294251
0 0.4574444387 0.1782271673 0.0654963229 0.0977804896
0 0.7351216117 0.1942276161 0.0695898407 0.1048917878
0 0.8940867112 0.2040056651 0.0300191559 0.0995583111
0 0.1033548283 0.6662407353 0.0668608493 0.1102252523
0 0.4055931626 0.7160198846 0.0982445411 0.1351148762
0 0.6900928779 0.7329092442 0.0695898407 0.1475596882
0 0.8667965799 0.7524653421 0.0491222895 0.1653378784
