1 0.5561105421 0.6532344934 0.0769058457 0.1722283052
1 0.7137675273 0.2826660567 0.0162356044 0.0311121880
0 0.4390428208 0.7765720971 0.3400946547 0.3477897875
0 0.5004424970 0.8102031053 0.0768877659 0.0522352431
0 0.7979966435 0.8271208176 0.0587023553 0.0829435304
0 0.5100820374 0.6915005976 0.1371528866 0.3200641260
1 0.8208334956 0.6424903125 0.0696867237 0.1739217122
0 0.2023765054 0.1764493435 0.0423833688 0.0657795916
0 0.4334341925 0.1568932479 0.0505866076 0.0728909065
0 0.7020900258 0.1968943586 0.0492194327 0.0853356975
0 0.8764087078 0.2155615502 0.0369145429 0.0693352593
0 0.2153649589 0.7400205464 0.0628914500 0.1013361562
0 0.5120485010 0.7755771008 0.0492194011 0.0835578276
0 0.8107828291 0.7835773096 0.0396489559 0.1102252999
1 0.5501134192 0.6724255700 0.0620087160 0.1044667459
0 0.8757657052 0.2504511361 0.0514196695 0.1860005697
0 0.6939268976 0.2164118346 0.0560942481 0.1422357630
0 0.4396329748 0.1635293158 0.0635734728 0.1288631349
0 0.2012324676 0.1781175864 0.0336565426 0.1264317471
0 0.2016999034 0.7276094893 0.0775970506 0.1264316751
0 0.5036738992 0.7500997524 0.0906857254 0.1519612630
0 0.7967662999 0.7659037067 0.0747923098 0.1519612630
