1 0.4606787147 0.2844026114 0.0346223530 0.0609703712
1 0.4743666516 0.6475969714 0.0990360225 0.1187871441
1 0.3443314874 0.6733517103 0.1159446315 0.0988141417
1 0.2843462492 0.6996320572 0.0603878624 0.1177359283
1 0.1341818086 0.6607371695 0.0483102615 0.0525606444
0 0.3624478556 0.7085673672 0.5048423555 0.3290298696
1 0.6149522150 0.3020687612 0.1178387432 0.1715233941
0 0.2404582210 0.1773855738 0.2169141079 0.3171651836
0 0.2401383722 0.8597522387 0.1001334270 0.1046519052
1 0.1506728606 0.1217913986 0.0652296509 0.1501788769
1 0.2706112605 0.6941193540 0.0413822328 0.1465160028
0 0.0423074646 0.7765345778 0.0406808646 0.0860781720
0 0.2460658259 0.1278787191 0.2404522025 0.2360647883
0 0.6237840021 0.1631030466 0.0492264219 0.1013471993
0 0.9273847928 0.1680468141 0.1452304143 0.1656161457
0 0.0406401306 0.7186586446 0.0435464593 0.1495489122
0 0.2446458279 0.7378157151 0.0691063282 0.1878630531
