1 0.4720355008 0.6963766719 0.0670769408 0.0566183267
0 0.5987222059 0.6910580931 0.5706165910 0.2396767918
0 0.3604418258 0.3986951415 0.1548516359 0.3065614250
0 0.7976963343 0.7052914155 0.0668352563 0.0559061760
0 0.4273928483 0.7045925994 0.1029624197 0.0405319681
0 0.1627613684 0.6738442152 0.0650289063 0.0293507202
0 0.3325590547 0.2412701197 0.0686416268 0.0419296320
0 0.0905070289 0.2286912238 0.0614161910 0.0559061760
0 0.6640258216 0.2314865358 0.0668352563 0.0279530880
0 0.1725261696 0.6489816853 0.1541458120 0.2178485041
0 0.4123959353 0.6769734152 0.1494270596 0.1983760404
0 0.7851771272 0.6508072287 0.2123437238 0.1995930694
0 0.1025313896 0.2364082435 0.1336978935 0.1764694871
0 0.3227396913 0.2485785413 0.1651562410 0.1886397611
