1 0.6613480984 0.6381360603 0.0380744716 0.0599192199
0 0.7342565722 0.7332708802 0.3475306322 0.4919679789
1 0.4811020016 0.1282973627 0.0162019042 0.0430997701
1 0.7435727162 0.3259255663 0.0599469757 0.1019677364
0 0.2056280036 0.5678056813 0.0536306606 0.0849276045
0 0.3842453058 0.6385786782 0.0709015352 0.0802094431
1 0.1987991610 0.3885706841 0.0901064039 0.1779380721
0 0.4386001215 0.6548960060 0.1573898719 0.3245892355
1 0.8793855043 0.4239148997 0.1583267156 0.2030201716
1 0.5374372608 0.6050527040 0.2651270900 0.3391774598
1 0.3083787175 0.3923069809 0.1648846850 0.1300788648
1 0.6250322280 0.2379143352 0.2698112769 0.2881184999
1 0.4058105279 0.1643651044 0.1498951855 0.2018045085
1 0.2357732419 0.1035806206 0.1639478255 0.1823534943
0 0.7749273659 0.1667964820 0.0749474977 0.2236869889
0 0.3805157474 0.6001899694 0.0824423742 0.2419223156
0 0.1959573521 0.5005033654 0.0693264829 0.2589419586
0 0.5107371514 0.1120904303 0.0936844355 0.2066672527
0 0.3107208109 0.0981099867 0.0833791862 0.1908633023
