1 0.10932475884244373 0.30198019801980197 0.06430868167202572 0.09193776520509193
0 0.7143622722400857 0.31824611032531824 0.03322615219721329 0.10466760961810467
0 0.9003215434083601 0.3026874115983027 0.06216505894962487 0.09618104667609619
0 0.37566988210075025 0.28995756718529 0.13183279742765272 0.16124469589816123
0 0.7165058949624866 0.3048090523338048 0.07181136120042872 0.17114568599717114
0 0.8971061093247589 0.285007072135785 0.10932475884244373 0.2079207920792079
0 0.8971061093247589 0.2828854314002829 0.07288317256162916 0.09335219236209336
0 0.7159699892818864 0.3147100424328147 0.05787781350482315 0.09759547383309759
0 0.8933547695605574 0.29915134370579916 0.06109324758842444 0.13154172560113153
0 0.7132904608788854 0.3125884016973126 0.03751339764201501 0.1188118811881188
