0 0.6536819637139808 0.2503486750348675 0.06296691568836713 0.05718270571827057
0 0.8463180362860192 0.2496513249651325 0.061899679829242264 0.0697350069735007
0 0.4829242262540021 0.25523012552301255 0.052294557097118465 0.05299860529986053
1 0.2497331910352188 0.21269177126917713 0.0384204909284952 0.10460251046025104
1 0.919957310565635 0.6457461645746164 0.044823906083244394 0.0697350069735007
0 0.4818569903948773 0.2580195258019526 0.13553895410885805 0.16736401673640167
0 0.655282817502668 0.25871687587168757 0.1152614727854856 0.16317991631799164
0 0.8415154749199573 0.2384937238493724 0.1056563500533618 0.14783821478382148
0 0.5384204909284952 0.802649930264993 0.11632870864461047 0.13528591352859135
0 0.7262540021344717 0.8040446304044631 0.11846318036286019 0.1101813110181311
0 0.9007470651013874 0.7642956764295676 0.07897545357524013 0.08647140864714087
0 0.23585912486659552 0.7426778242677824 0.09818569903948772 0.16875871687587168
0 0.2129135538954109 0.23221757322175732 0.09711846318036287 0.13249651324965134
0 0.852187833511206 0.25523012552301255 0.07790821771611527 0.09483960948396095
0 0.6579509071504802 0.25174337517433754 0.09284951974386339 0.07391910739191074
0 0.6590181430096052 0.25313807531380755 0.06510138740661686 0.06834030683403068
0 0.847385272145144 0.25174337517433754 0.06616862326574173 0.07670850767085077
0 0.4786552828175027 0.2524407252440725 0.048025613660619 0.0502092050209205
