0 0.15918803418803418 0.624113475177305 0.06196581196581197 0.0851063829787234
0 0.3418803418803419 0.7432624113475177 0.06196581196581197 0.09645390070921986
0 0.6298076923076923 0.8127659574468085 0.056623931623931624 0.08794326241134752
0 0.327991452991453 0.6971631205673758 0.12179487179487179 0.2170212765957447
0 0.1469017094017094 0.5971631205673759 0.11431623931623931 0.1673758865248227
0 0.34615384615384615 0.724113475177305 0.10042735042735043 0.14042553191489363
0 0.16346153846153846 0.6099290780141844 0.05982905982905983 0.13049645390070921
0 0.15865384615384615 0.6127659574468085 0.05235042735042735 0.07659574468085106
0 0.3327991452991453 0.7312056737588652 0.050213675213675216 0.12056737588652482
0 0.6340811965811965 0.7921985815602837 0.041666666666666664 0.10921985815602837
