0 0.1794462193823216 0.6295774647887324 0.09052183173588925 0.10985915492957747
0 0.3450479233226837 0.6330985915492958 0.05750798722044728 0.07183098591549296
0 0.6070287539936102 0.5838028169014085 0.07028753993610223 0.07746478873239436
0 0.1751863684771033 0.6288732394366198 0.11608093716719915 0.20704225352112676
1 0.1389776357827476 0.8352112676056338 0.11608093716719915 0.1323943661971831
0 0.33706070287539935 0.6077464788732394 0.0926517571884984 0.14507042253521127
0 0.17678381256656017 0.606338028169014 0.13631522896698617 0.11408450704225352
0 0.6033013844515442 0.5535211267605634 0.09904153354632587 0.10704225352112676
0 0.35197018104366345 0.6049295774647887 0.08839190628328009 0.08309859154929577
0 0.820021299254526 0.5267605633802817 0.0617678381256656 0.11549295774647887
0 0.1794462193823216 0.6140845070422535 0.10756123535676251 0.09295774647887324
0 0.34877529286474973 0.6330985915492958 0.0670926517571885 0.08873239436619719
0 0.6017039403620873 0.5788732394366197 0.07667731629392971 0.0676056338028169
