0 0.1668443496801706 0.3609179415855355 0.0650319829424307 0.09318497913769123
0 0.38113006396588484 0.3678720445062587 0.05650319829424307 0.07649513212795549
0 0.6876332622601279 0.3442280945757997 0.07249466950959488 0.08762169680111266
0 0.1711087420042644 0.3198887343532684 0.12046908315565032 0.16133518776077885
0 0.3747334754797441 0.3289290681502086 0.10767590618336886 0.16550764951321278
0 0.6801705756929638 0.3066759388038943 0.1044776119402985 0.17107093184979139
0 0.16844349680170576 0.3532684283727399 0.08955223880597014 0.08623087621696801
0 0.6940298507462687 0.33657858136300417 0.12153518123667377 0.07788595271210014
0 0.3821961620469083 0.36022253129346316 0.08208955223880597 0.08623087621696801
0 0.6801705756929638 0.3386648122392211 0.05543710021321962 0.08484005563282336
0 0.1636460554371002 0.3581363004172462 0.07142857142857142 0.09318497913769123
0 0.3747334754797441 0.36300417246175243 0.054371002132196165 0.07510431154381085
