0 0.6174892703862661 0.2358356940509915 0.028969957081545063 0.11756373937677053
0 0.7939914163090128 0.1905099150141643 0.05150214592274678 0.08640226628895184
0 0.5579399141630901 0.8512747875354107 0.07725321888412018 0.0821529745042493
0 0.7703862660944206 0.8123229461756374 0.04935622317596566 0.06373937677053824
0 0.2666309012875536 0.8151558073654391 0.046137339055793994 0.08073654390934844
1 0.6040772532188842 0.2358356940509915 0.1223175965665236 0.17138810198300283
1 0.9484978540772532 0.1529745042492918 0.08583690987124463 0.19263456090651557
0 0.7918454935622318 0.16572237960339944 0.07296137339055794 0.0679886685552408
0 0.5574034334763949 0.8328611898016998 0.07618025751072961 0.0906515580736544
0 0.7832618025751072 0.17988668555240794 0.045064377682403435 0.07932011331444759
0 0.3562231759656652 0.1643059490084986 0.032188841201716736 0.0708215297450425
0 0.5547210300429185 0.8505665722379604 0.060085836909871244 0.06940509915014165
0 0.7660944206008584 0.7960339943342776 0.0407725321888412 0.059490084985835696
