0 0.16257995735607675 0.6449375866851595 0.05223880597014925 0.10263522884882108
0 0.332089552238806 0.658113730929265 0.05863539445628998 0.0957004160887656
1 0.5714285714285714 0.6525658807212206 0.04051172707889126 0.059639389736477116
0 0.8011727078891258 0.5270457697642164 0.08635394456289978 0.1276005547850208
0 0.15618336886993603 0.6331484049930652 0.07356076759061833 0.1289875173370319
0 0.15511727078891258 0.6151178918169209 0.10127931769722814 0.1317614424410541
0 0.3310234541577825 0.6449375866851595 0.06929637526652452 0.09431345353675451
0 0.80863539445629 0.5319001386962552 0.06716417910447761 0.14285714285714285
0 0.15618336886993603 0.6380027739251041 0.039445628997867806 0.0970873786407767
0 0.3310234541577825 0.6532593619972261 0.04157782515991471 0.08321775312066575
0 0.593816631130064 0.6477115117891817 0.04051172707889126 0.09986130374479889
0 0.8054371002132196 0.5769764216366158 0.04584221748400853 0.08876560332871013
