0 0.6022364217252396 0.11392405063291139 0.06283280085197018 0.06469760900140648
0 0.7907348242811502 0.11744022503516174 0.07348242811501597 0.06047819971870605
0 0.4057507987220447 0.749648382559775 0.07028753993610223 0.08438818565400844
0 0.7097976570820022 0.7686357243319268 0.09478168264110756 0.046413502109704644
1 0.6001064962726305 0.2651195499296765 0.05644302449414271 0.07172995780590717
1 0.564430244941427 0.17229254571026723 0.08732694355697551 0.19831223628691982
1 0.5931842385516507 0.2559774964838256 0.06602768903088392 0.10126582278481013
0 0.40042598509052185 0.7355836849507735 0.10223642172523961 0.10689170182841069
0 0.715122470713525 0.739803094233474 0.10969116080937168 0.08720112517580872
0 0.3951011714589989 0.7454289732770746 0.0724174653887114 0.06469760900140648
0 0.7034078807241747 0.7566807313642757 0.10117145899893504 0.05063291139240506
0 0.7832800851970181 0.10618846694796062 0.06496272630457935 0.06047819971870605
0 0.5947816826411075 0.11884669479606189 0.06283280085197018 0.052039381153305204
1 0.6001064962726305 0.2812939521800281 0.03727369542066028 0.08438818565400844
