0 0.35660980810234544 0.3580508474576271 0.0650319829424307 0.13135593220338984
0 0.5357142857142857 0.4258474576271186 0.06716417910447761 0.1370056497175141
0 0.8118336886993603 0.5430790960451978 0.0650319829424307 0.13983050847457626
0 0.34808102345415776 0.365819209039548 0.1417910447761194 0.2457627118644068
0 0.5239872068230277 0.4442090395480226 0.12473347547974413 0.24152542372881355
0 0.8128997867803838 0.576271186440678 0.12686567164179105 0.2711864406779661
0 0.3411513859275053 0.3559322033898305 0.11300639658848614 0.16101694915254236
0 0.5282515991471215 0.4343220338983051 0.1162046908315565 0.1483050847457627
0 0.8128997867803838 0.5423728813559322 0.09488272921108742 0.17796610169491525
1 0.2585287846481876 0.538135593220339 0.04157782515991471 0.09887005649717515
0 0.34381663113006394 0.3559322033898305 0.08422174840085288 0.14124293785310735
0 0.5138592750533049 0.4272598870056497 0.07462686567164178 0.1228813559322034
0 0.7990405117270789 0.509180790960452 0.08422174840085288 0.1115819209039548
