1 0.43923240938166314 0.31934566145092463 0.03624733475479744 0.08677098150782361
0 0.22174840085287847 0.35490753911806544 0.0767590618336887 0.09246088193456614
1 0.42590618336886993 0.2809388335704125 0.06929637526652452 0.14935988620199148
0 0.0511727078891258 0.3108108108108108 0.08742004264392324 0.20910384068278806
0 0.2062899786780384 0.33783783783783783 0.09701492537313433 0.1891891891891892
0 0.4989339019189765 0.3790896159317212 0.06396588486140725 0.18349928876244664
1 0.4509594882729211 0.3150782361308677 0.04051172707889126 0.06685633001422475
0 0.22494669509594883 0.34708392603129445 0.10874200426439233 0.10241820768136557
0 0.04904051172707889 0.31650071123755336 0.07462686567164178 0.11806543385490754
1 0.447228144989339 0.3229018492176387 0.03731343283582089 0.09672830725462304
0 0.21908315565031983 0.36486486486486486 0.07995735607675906 0.09815078236130868
0 0.04744136460554371 0.33428165007112376 0.04584221748400853 0.1422475106685633
