1 0.532620320855615 0.139943741209564 0.053475935828877004 0.09985935302390998
1 0.8171122994652407 0.05977496483825598 0.07700534759358289 0.07735583684950774
0 0.7705882352941177 0.670182841068917 0.0481283422459893 0.10267229254571027
0 0.4983957219251337 0.6997187060478199 0.05561497326203209 0.08860759493670886
0 0.31925133689839574 0.1589310829817159 0.10160427807486631 0.1631504922644163
0 0.5705882352941176 0.13853727144866385 0.09732620320855614 0.15611814345991562
0 0.7491978609625668 0.11744022503516174 0.08021390374331551 0.13361462728551335
0 0.206951871657754 0.6617440225035162 0.08449197860962566 0.15049226441631505
0 0.4925133689839572 0.689873417721519 0.09090909090909091 0.15611814345991562
0 0.7737967914438503 0.659634317862166 0.08877005347593583 0.17440225035161744
0 0.946524064171123 0.6371308016877637 0.05561497326203209 0.17440225035161744
0 0.7727272727272727 0.6680731364275668 0.06737967914438503 0.10689170182841069
0 0.3352941176470588 0.1631504922644163 0.08449197860962566 0.10689170182841069
0 0.9427807486631016 0.6680731364275668 0.033155080213903745 0.10126582278481013
0 0.7695187165775401 0.6814345991561181 0.05454545454545454 0.1111111111111111
0 0.4925133689839572 0.6835443037974683 0.0481283422459893 0.09845288326300984
