0 0.09551760939167556 0.820476858345021 0.052294557097118465 0.07012622720897616
0 0.39647812166488794 0.7861150070126227 0.06937033084311633 0.07994389901823282
0 0.7001067235859125 0.726507713884993 0.07897545357524013 0.09537166900420757
0 0.6472785485592316 0.15778401122019636 0.05869797225186766 0.08555399719495091
0 0.42689434364994666 0.15217391304347827 0.04055496264674493 0.07433380084151472
1 0.09071504802561366 0.21107994389901824 0.03415154749199573 0.09396914446002805
0 0.13713980789754535 0.19214586255259467 0.04589114194236926 0.12622720897615708
0 0.12540021344717184 0.17601683029453016 0.10352187833511206 0.18092566619915848
0 0.4220917822838847 0.1535764375876578 0.07790821771611527 0.1276297335203366
0 0.651547491995731 0.1774193548387097 0.10352187833511206 0.16129032258064516
0 0.3959445037353255 0.7622720897615708 0.11312700106723586 0.21458625525946703
0 0.6905016008537886 0.67671809256662 0.14514407684098185 0.23422159887798036
0 0.09391675560298826 0.7812061711079944 0.11739594450373532 0.18513323983169705
0 0.09445037353255069 0.8036465638148668 0.08004268943436499 0.10098176718092566
0 0.4028815368196371 0.7762973352033661 0.08004268943436499 0.10518934081346423
0 0.12700106723585913 0.1584852734922861 0.10245464247598719 0.1093969144460028
0 0.4242262540021345 0.1458625525946704 0.10138740661686232 0.0729312762973352
0 0.12540021344717184 0.16830294530154277 0.04589114194236926 0.10378681626928471
0 0.6467449306296692 0.1640953716690042 0.051227321237993596 0.08695652173913043
0 0.4167556029882604 0.15217391304347827 0.048025613660619 0.07713884992987377
0 0.09391675560298826 0.8127629733520336 0.0576307363927428 0.0546984572230014
0 0.3874066168623266 0.7720897615708275 0.06830309498399147 0.06591865357643759
0 0.6953041622198506 0.7258064516129032 0.11846318036286019 0.06872370266479663
