0 0.4787234042553192 0.24865771812080537 0.2703684483653347 0.1483221476510067
0 0.7358588479501816 0.3070469798657718 0.03217436429683446 0.12013422818791947
0 0.9032174364296834 0.31610738255033555 0.04203425012973534 0.10604026845637583
0 0.8549558899844317 0.8439597315436241 0.043072132848988066 0.0959731543624161
0 0.674883238194084 0.8268456375838926 0.096004151530877 0.10201342281879194
0 0.3873897249610794 0.8228187919463087 0.06798131811105346 0.08859060402684564
0 0.4769071094966269 0.31476510067114094 0.2926829268292683 0.2442953020134228
0 0.731966787752984 0.33053691275167785 0.08043591074208614 0.19261744966442954
0 0.9026984950700571 0.34429530201342284 0.07524649714582252 0.1959731543624161
0 0.8541774779449922 0.8114093959731543 0.06850025947067981 0.1691275167785235
0 0.67618059159315 0.8050335570469799 0.12973533990659056 0.18590604026845636
0 0.38557343020238716 0.797986577181208 0.10482615464452517 0.20268456375838925
0 0.4717176959003633 0.25268456375838927 0.27711468604047745 0.1389261744966443
0 0.7337830825116762 0.28691275167785235 0.04774260508562533 0.09328859060402685
0 0.8533990659055527 0.8288590604026845 0.05656460819927348 0.07248322147651007
0 0.6725480020757655 0.8224832214765101 0.10067462376751427 0.10268456375838926
0 0.15775817332641412 0.24093959731543624 0.0851063829787234 0.13557046979865772
0 0.9032174364296834 0.29899328859060403 0.05552672548002076 0.09060402684563758
0 0.8998443175921121 0.3057046979865772 0.0425531914893617 0.07852348993288591
0 0.7366372599896212 0.3087248322147651 0.027503892060197196 0.12483221476510067
0 0.6689154125583809 0.8315436241610739 0.09133367929423974 0.06308724832214765
0 0.8523611831862999 0.8328859060402685 0.0316554229372081 0.09395973154362416
0 0.3788271925272444 0.8238255033557047 0.07265179034769072 0.09194630872483221
0 0.4774260508562532 0.2681208053691275 0.24701608718214843 0.1738255033557047
