0 0.6462585034013606 0.46357085668534825 0.0655534941249227 0.13931144915932747
0 0.8259121830550402 0.46517213771016813 0.04514533085961658 0.1265012009607686
0 0.3623995052566481 0.400320256204964 0.08039579468150897 0.2321857485988791
0 0.6456400742115028 0.4167333867093675 0.08410636982065553 0.2522017614091273
0 0.83426097711812 0.4167333867093675 0.09771181199752628 0.2586068855084067
0 0.6351267779839208 0.46517213771016813 0.08658008658008658 0.14571657325860687
0 0.8228200371057514 0.45796637309847876 0.06740878169449598 0.11689351481184948
0 0.36394557823129253 0.4495596477181745 0.061224489795918366 0.08566853482786228
0 0.8218923933209648 0.4591673338670937 0.0655534941249227 0.13690952762209768
0 0.6360544217687075 0.4599679743795036 0.05875077303648732 0.14811849479583666
0 0.36332714904143476 0.4575660528422738 0.05998763141620284 0.09047237790232186
