0 0.885997521685254 0.06567284448025786 0.0644361833952912 0.0991136180499597
0 0.39188351920693926 0.7796132151490733 0.07992565055762081 0.0749395648670427
0 0.6716232961586122 0.7945205479452054 0.07434944237918216 0.11281224818694602
0 0.8429368029739777 0.7377115229653505 0.030359355638166045 0.0749395648670427
0 0.8441759603469641 0.7034649476228848 0.07868649318463444 0.20306204673650283
0 0.6660470879801735 0.7550362610797744 0.11648079306071871 0.23207091055600323
0 0.3785625774473358 0.7554391619661563 0.1127633209417596 0.22159548751007252
0 0.8881660470879802 0.11804995970991136 0.10594795539033457 0.21837228041901693
0 0.669454770755886 0.7880741337630943 0.07496902106567534 0.09024979854955681
0 0.8469640644361834 0.7119258662369057 0.028500619578686492 0.09105560032232071
0 0.3825898389095415 0.782030620467365 0.07992565055762081 0.11039484286865431
0 0.6660470879801735 0.782030620467365 0.05947955390334572 0.15390813859790492
1 0.4076827757125155 0.6341659951651893 0.03717472118959108 0.064464141821112
0 0.8878562577447335 0.07091055600322321 0.040892193308550186 0.07735697018533441
