0 0.9114197530864198 0.4137239165329053 0.04259259259259259 0.0666131621187801
0 0.7574074074074074 0.36276083467094705 0.07777777777777778 0.18940609951845908
0 0.9095679012345679 0.44542536115569825 0.06604938271604938 0.1926163723916533
0 0.20709876543209876 0.6332263242375602 0.05617283950617284 0.13162118780096307
0 0.43950617283950616 0.7700642054574639 0.07901234567901234 0.15168539325842698
0 0.8574074074074074 0.9301765650080257 0.07037037037037037 0.09470304975922954
0 0.7055555555555556 0.8792134831460674 0.044444444444444446 0.07303370786516854
0 0.4777777777777778 0.2857142857142857 0.05185185185185185 0.12520064205457465
0 0.9138888888888889 0.40529695024077045 0.05 0.08507223113964688
0 0.7666666666666667 0.3547351524879615 0.040740740740740744 0.08186195826645265
1 0.9052469135802469 0.5501605136436597 0.046296296296296294 0.09550561797752809
1 0.5003086419753087 0.28170144462279295 0.07222222222222222 0.10272873194221509
1 0.4842592592592593 0.30818619582664525 0.047530864197530866 0.11235955056179775
1 0.9006172839506172 0.5597913322632424 0.06296296296296296 0.07624398073836276
0 0.7472222222222222 0.34229534510433385 0.05493827160493827 0.08426966292134831
0 0.9064814814814814 0.40048154093097915 0.040123456790123455 0.09149277688603531
