0 0.6579925650557621 0.3132530120481928 0.05204460966542751 0.07228915662650602
0 0.8187732342007435 0.385140562248996 0.051425030978934326 0.06666666666666667
1 0.35223048327137546 0.7421686746987952 0.07001239157372986 0.06746987951807229
0 0.42688971499380424 0.2393574297188755 0.08674101610904585 0.15100401606425704
0 0.6623296158612144 0.3301204819277108 0.09417596034696406 0.157429718875502
0 0.8060718711276332 0.39598393574297186 0.08550185873605948 0.16224899598393575
0 0.9600371747211895 0.4530120481927711 0.07001239157372986 0.1493975903614458
0 0.701363073110285 0.8931726907630522 0.08550185873605948 0.12208835341365462
0 0.5350061957868649 0.8425702811244979 0.10594795539033457 0.157429718875502
0 0.281908302354399 0.7485943775100402 0.1251548946716233 0.157429718875502
0 0.8190830235439901 0.38473895582329315 0.058240396530359353 0.07068273092369477
0 0.6874225526641884 0.9381526104417671 0.07001239157372986 0.0321285140562249
0 0.815365551425031 0.38433734939759034 0.04337050805452292 0.08273092369477912
