0 0.3810264385692068 0.7907991940899933 0.06531881804043546 0.07991940899932841
0 0.21461897356143078 0.7867696440564137 0.04043545878693624 0.10409670920080591
0 0.6710730948678072 0.7404298186702485 0.05443234836702955 0.06648757555406314
0 0.7700881285640228 0.22296843519140364 0.05443234836702955 0.08462055070517126
0 0.4857439087610161 0.22364002686366688 0.05080352514256091 0.06044325050369376
0 0.30145152928978747 0.23136333109469442 0.05857957490927942 0.09200805910006717
0 0.1334888543286677 0.21927468099395567 0.08553654743390357 0.18737407656145064
0 0.3055987558320373 0.24613834788448624 0.0751684810782789 0.18737407656145064
0 0.4813374805598756 0.24748153122901276 0.0751684810782789 0.17931497649429148
0 0.7662001036806636 0.25721961047683006 0.10368066355624676 0.19610476830087306
0 0.6770347330222913 0.7048354600402955 0.10990150336962157 0.17259905977165882
0 0.3867288750648004 0.7713230355943587 0.11404872991187144 0.17797179314976494
0 0.21332296526697772 0.7847548690396239 0.08035251425609125 0.13767629281396912
0 0.30533955417314673 0.2132303559435863 0.0736132711249352 0.062458025520483546
0 0.7711249351995852 0.21893888515782403 0.07102125453602903 0.03895231699126931
0 0.6710730948678072 0.741773002014775 0.05443234836702955 0.05977165883143049
0 0.1316744427164334 0.20349227669576897 0.05391394504924832 0.055070517125587644
0 0.2991187143597719 0.21087978509066488 0.05702436495593572 0.055070517125587644
0 0.4714878175220321 0.21793149764942915 0.06376360808709176 0.06380120886501008
0 0.7612752721617418 0.2259905977165883 0.06376360808709176 0.05439892545332438
0 0.38517366511145673 0.7827400940228341 0.04872991187143598 0.09066487575554064
