0 0.3056418219461698 0.18967828418230562 0.13819875776397517 0.13002680965147453
0 0.6677018633540373 0.14745308310991956 0.047619047619047616 0.10589812332439678
0 0.5590062111801242 0.8562332439678284 0.4503105590062112 0.22855227882037535
1 0.21480331262939958 0.5566353887399463 0.040372670807453416 0.05563002680965148
0 0.18944099378881987 0.7888739946380697 0.07867494824016563 0.10187667560321716
0 0.07556935817805382 0.16253351206434316 0.07867494824016563 0.18431635388739948
0 0.31288819875776397 0.20911528150134048 0.18374741200828157 0.24128686327077747
0 0.6519151138716356 0.20576407506702413 0.08540372670807453 0.10723860589812333
0 0.5522774327122153 0.8190348525469169 0.4813664596273292 0.30831099195710454
0 0.1873706004140787 0.7446380697050938 0.10869565217391304 0.20241286863270777
0 0.31314699792960665 0.16789544235924933 0.18530020703933747 0.11595174262734584
0 0.3584368530020704 0.8056300268096515 0.06987577639751552 0.17292225201072386
0 0.3108178053830228 0.19571045576407506 0.10921325051759834 0.15683646112600536
0 0.18581780538302278 0.7871983914209115 0.09834368530020704 0.10924932975871314
0 0.5346790890269151 0.785857908847185 0.33540372670807456 0.3800268096514745
