1 0.8150896722325294 0.14790996784565916 0.06431663574520717 0.11254019292604502
0 0.8939393939393939 0.7443729903536977 0.0686456400742115 0.06913183279742766
0 0.4230055658627087 0.17162379421221866 0.04081632653061224 0.07315112540192927
0 0.26159554730983303 0.11615755627009647 0.049474335188620905 0.0747588424437299
0 0.2597402597402597 0.14790996784565916 0.10018552875695733 0.1607717041800643
0 0.4233147804576376 0.1752411575562701 0.0847247990105133 0.1639871382636656
0 0.7241805813234384 0.2347266881028939 0.12368583797155226 0.19131832797427653
0 0.8930117501546073 0.7057877813504824 0.09400123685837972 0.18488745980707397
0 0.2789115646258503 0.6937299035369775 0.05442176870748299 0.1607717041800643
0 0.11038961038961038 0.637459807073955 0.08843537414965986 0.22508038585209003
0 0.2696351267779839 0.11696141479099678 0.07544836116264687 0.06832797427652733
0 0.4226963512677798 0.16278135048231512 0.06246134817563389 0.06672025723472669
1 0.8222016079158936 0.13946945337620578 0.07730364873222016 0.08922829581993569
0 0.10296846011131726 0.670016077170418 0.03896103896103896 0.08440514469453377
0 0.8862090290661719 0.7483922829581994 0.04823747680890538 0.0594855305466238
0 0.4155844155844156 0.1567524115755627 0.06184291898577613 0.09646302250803858
0 0.2529375386518244 0.12057877813504823 0.04452690166975881 0.08038585209003216
1 0.21366728509585653 0.28737942122186494 0.04143475572047001 0.06993569131832797
