1 0.6172360248447205 0.7323707186030893 0.03364389233954451 0.062458025520483546
0 0.3615424430641822 0.8159838817998657 0.05227743271221532 0.08865010073875083
0 0.13405797101449277 0.8371390194761585 0.028985507246376812 0.06783075889858965
0 0.20574534161490685 0.16218938885157824 0.04917184265010352 0.132303559435863
0 0.4158902691511387 0.15010073875083949 0.07091097308488613 0.1605104096709201
0 0.6809006211180124 0.14103425117528542 0.06780538302277432 0.1826729348556078
0 0.20315734989648032 0.19610476830087306 0.07091097308488613 0.25789120214909333
0 0.4065734989648033 0.17259905977165882 0.11335403726708075 0.24445936870382806
0 0.6834886128364389 0.14539959704499664 0.09265010351966874 0.2478173270651444
0 0.36076604554865427 0.7683008730691739 0.12008281573498965 0.1974479516453996
0 0.1374223602484472 0.7793821356615178 0.09679089026915114 0.22632639355271994
0 0.6581262939958592 0.8032236400268636 0.09161490683229814 0.16655473472128945
0 0.364648033126294 0.8092679650772331 0.07298136645962733 0.0725319006044325
0 0.4158902691511387 0.14103425117528542 0.06884057971014493 0.12222968435191403
0 0.6798654244306418 0.13901947615849564 0.07815734989648034 0.1061114842175957
0 0.20600414078674947 0.1584956346541303 0.06625258799171843 0.1262592343854936
0 0.3558488612836439 0.8049026192075218 0.05952380952380952 0.13364674278038952
0 0.6744306418219461 0.14640698455339154 0.052795031055900624 0.16924110141034251
0 0.4057971014492754 0.14405641370047012 0.07763975155279502 0.14842175957018133
0 0.20238095238095238 0.15614506380120888 0.059006211180124224 0.1470785762256548
