0 0.48179927197087885 0.2271505376344086 0.20748829953198128 0.13172043010752688
0 0.7054082163286531 0.13474462365591397 0.057722308892355696 0.08131720430107527
0 0.7082683307332294 0.7325268817204301 0.046801872074883 0.05913978494623656
1 0.5730629225169007 0.7627688172043011 0.0374414976599064 0.04435483870967742
1 0.24726989079563183 0.9341397849462365 0.0265210608424337 0.043010752688172046
0 0.16926677067082682 0.3659274193548387 0.11804472178887156 0.20900537634408603
0 0.47607904316172645 0.2701612903225806 0.265730629225169 0.2325268817204301
0 0.7160686427457098 0.17170698924731181 0.12688507540301613 0.16599462365591397
0 0.8660946437857514 0.6491935483870968 0.11284451378055123 0.1303763440860215
0 0.7168486739469578 0.7032930107526881 0.10764430577223089 0.18077956989247312
0 0.5486219448777951 0.800739247311828 0.09464378575143005 0.18884408602150538
0 0.28055122204888194 0.8780241935483871 0.10764430577223089 0.1592741935483871
0 0.3827353094123765 0.26881720430107525 0.0530421216848674 0.09408602150537634
0 0.5738429537181488 0.19959677419354838 0.060842433697347896 0.06854838709677419
0 0.7009880395215808 0.13743279569892472 0.06448257930317212 0.05174731182795699
0 0.7093083723348934 0.7415994623655914 0.029121164846593862 0.07594086021505377
0 0.8533541341653667 0.6743951612903226 0.033281331253250133 0.07594086021505377
0 0.27379095163806555 0.9086021505376344 0.04628185127405096 0.07258064516129033
0 0.4862194487779511 0.25100806451612906 0.19760790431617264 0.12836021505376344
0 0.702548101924077 0.14650537634408603 0.03848153926157046 0.04973118279569892
