1 0.15608875128998967 0.07785234899328859 0.027347781217750257 0.052348993288590606
0 0.34391124871001033 0.6785234899328859 0.05727554179566564 0.06577181208053691
0 0.36635706914344685 0.08154362416107383 0.04953560371517028 0.050335570469798654
0 0.5371517027863777 0.08154362416107383 0.030959752321981424 0.09865771812080537
0 0.13028895768833848 0.6855704697986578 0.04489164086687306 0.07046979865771812
0 0.13338493292053663 0.6473154362416107 0.11713106295149639 0.17248322147651007
0 0.3384932920536636 0.6553691275167786 0.09803921568627451 0.17248322147651007
0 0.5319917440660474 0.6422818791946309 0.08359133126934984 0.13557046979865772
0 0.8446852425180599 0.6510067114093959 0.1042311661506708 0.15704697986577182
0 0.7825077399380805 0.09798657718120805 0.1130030959752322 0.14228187919463087
0 0.5374097007223942 0.10536912751677853 0.0913312693498452 0.17718120805369128
0 0.3637770897832817 0.11375838926174496 0.1042311661506708 0.1738255033557047
0 0.18317853457172342 0.10469798657718121 0.1042311661506708 0.17583892617449665
0 0.3717750257997936 0.08187919463087248 0.07791537667698659 0.038926174496644296
0 0.18627450980392157 0.05167785234899329 0.07223942208462332 0.052348993288590606
0 0.34391124871001033 0.6768456375838926 0.05624355005159959 0.05436241610738255
0 0.3624871001031992 0.07181208053691275 0.06553147574819401 0.05100671140939597
0 0.1803405572755418 0.053355704697986575 0.05521155830753354 0.042281879194630875
0 0.3384932920536636 0.6738255033557047 0.06191950464396285 0.056375838926174496
0 0.12409700722394221 0.6768456375838926 0.06449948400412797 0.08523489932885905
0 0.532249742002064 0.09664429530201342 0.03147574819401445 0.13154362416107382
