0 0.7476708074534162 0.17799461641991923 0.04192546583850932 0.0693135935397039
0 0.4989648033126294 0.18438761776581428 0.051759834368530024 0.07537012113055182
0 0.33488612836438925 0.1813593539703903 0.048654244306418216 0.06662180349932706
0 0.6257763975155279 0.7876850605652759 0.06832298136645963 0.07065948855989233
0 0.15838509316770186 0.19952893674293404 0.09006211180124224 0.21467025572005383
0 0.3299689440993789 0.211978465679677 0.08229813664596274 0.2193808882907133
0 0.49404761904761907 0.21534320323014805 0.08643892339544514 0.19919246298788695
0 0.7481884057971014 0.20491251682368775 0.08643892339544514 0.16890982503364738
0 0.6221532091097308 0.7442799461641992 0.11076604554865424 0.21130551816958276
0 0.3273809523809524 0.7338492597577388 0.08747412008281573 0.18775235531628534
0 0.14182194616977226 0.7069313593539704 0.10559006211180125 0.2079407806191117
0 0.3392857142857143 0.1766487213997308 0.04813664596273292 0.0531628532974428
0 0.5054347826086957 0.1810228802153432 0.07505175983436853 0.03768506056527591
0 0.17313664596273293 0.1530955585464334 0.05331262939958592 0.03835800807537012
0 0.6257763975155279 0.7802826379542396 0.06935817805383022 0.04374158815612382
0 0.14130434782608695 0.7476446837146703 0.056935817805383024 0.09959623149394348
0 0.327639751552795 0.7597577388963661 0.043478260869565216 0.07940780619111709
0 0.7479296066252588 0.17732166890982504 0.041407867494824016 0.07873485868102288
0 0.49145962732919257 0.18943472409152087 0.05538302277432712 0.07873485868102288
0 0.3281573498964803 0.16689098250336473 0.046583850931677016 0.07267833109017496
0 0.1695134575569358 0.148721399730821 0.03985507246376811 0.09421265141318977
0 0.6221532091097308 0.7819650067294751 0.06625258799171843 0.08613728129205922
