0 0.8393077873918418 0.25543916196615635 0.0519159456118665 0.10797743755036261
0 0.8637206427688504 0.8025785656728445 0.05624227441285538 0.07413376309427881
0 0.6829419035846724 0.8074133763094279 0.037082818294190356 0.072522159548751
0 0.40512978986402964 0.7912973408541499 0.04264524103831891 0.10475423045930701
0 0.8439431396786156 0.2510072522159549 0.09826946847960445 0.1571313456889605
0 0.8618665018541409 0.7626913779210315 0.10321384425216316 0.19580983078162773
0 0.6841779975278122 0.7759871071716358 0.069221260815822 0.17566478646253023
0 0.4079110012360939 0.7691377921031426 0.07292954264524104 0.19580983078162773
0 0.40636588380716937 0.7896857373086221 0.06489493201483312 0.1095890410958904
0 0.6903584672435105 0.8078162771958098 0.042027194066749075 0.08460918614020951
0 0.8624845488257108 0.8025785656728445 0.0550061804697157 0.072522159548751
0 0.8417799752781211 0.23932312651087834 0.059332509270704575 0.088638195004029
0 0.28182941903584674 0.16841257050765512 0.05686032138442522 0.088638195004029
0 0.861557478368356 0.798549556809025 0.09147095179233622 0.08058017727639001
0 0.684487021013597 0.8045930701047542 0.04140914709517923 0.0894439967767929
0 0.40389369592089 0.797743755036261 0.04511742892459827 0.09024979854955681
0 0.8368355995055624 0.23126510878323933 0.06798516687268233 0.10153102336825141
