0 0.44909560723514214 0.7884743504330446 0.2904392764857881 0.18454363757495004
1 0.4511627906976744 0.22584943371085942 0.03824289405684755 0.07061958694203864
1 0.6852713178294574 0.20519653564290474 0.03927648578811369 0.07461692205196535
1 0.9103359173126615 0.7938041305796136 0.05839793281653747 0.08061292471685542
0 0.45142118863049097 0.7275149900066622 0.3054263565891473 0.3264490339773484
0 0.7498708010335917 0.7258494337108594 0.07131782945736434 0.1725516322451699
0 0.8480620155038759 0.20519653564290474 0.14780361757105942 0.21585609593604263
0 0.6635658914728683 0.20819453697534976 0.12713178294573643 0.1658894070619587
0 0.4821705426356589 0.21185876082611593 0.09715762273901808 0.19586942038640906
1 0.4906976744186046 0.3530979347101932 0.03462532299741602 0.05729513657561625
0 0.49147286821705427 0.19753497668221187 0.07131782945736434 0.07395069953364423
0 0.46382428940568476 0.7221852098600933 0.2268733850129199 0.28247834776815456
0 0.48294573643410854 0.19253830779480346 0.05219638242894057 0.08261159227181879
0 0.6540051679586564 0.18954030646235842 0.053229974160206715 0.07395069953364423
0 0.8253229974160207 0.15289806795469688 0.05891472868217054 0.04063957361758828
0 0.7428940568475452 0.7574950033311126 0.04806201550387597 0.04397068620919387
1 0.4720930232558139 0.3091272485009993 0.02739018087855297 0.06395736175882745
