1 0.7839087546239211 0.2202713487629689 0.07459926017262639 0.1420590582601756
1 0.9303329223181258 0.19433359936153233 0.06041923551171394 0.1189146049481245
0 0.22626387176325524 0.7170790103750998 0.07151664611590629 0.08699122106943336
0 0.529901356350185 0.7270550678371908 0.08199753390875462 0.07980845969672785
0 0.052712700369913684 0.6815642458100558 0.06226880394574599 0.07342378292098962
0 0.09032059186189889 0.07541899441340782 0.09309494451294698 0.1332801276935355
0 0.25770653514180025 0.08818834796488428 0.08384710234278668 0.1332801276935355
0 0.5169543773119606 0.11731843575418995 0.07336621454993834 0.14046288906624102
0 0.5409987669543773 0.6759776536312849 0.15844636251541308 0.22346368715083798
0 0.23088779284833538 0.6580207501995211 0.10049321824907521 0.22745411013567438
0 0.05425400739827373 0.6245011971268954 0.08508014796547472 0.20670391061452514
0 0.22749691738594327 0.7083000798084597 0.0690505548705302 0.08060654429369513
0 0.05209617755856967 0.6831604150039904 0.07459926017262639 0.07501995211492418
1 0.06750924784217016 0.20510774142059057 0.032675709001233046 0.1005586592178771
1 0.05733662145499383 0.5235434956105347 0.029593094944512947 0.06225059856344772
1 0.218249075215783 0.5426975259377494 0.04438964241676942 0.0782122905027933
1 0.23859432799013564 0.20670391061452514 0.03822441430332922 0.09257781324820431
0 0.5286683107274969 0.7146847565841979 0.08446362515413071 0.07262569832402235
0 0.22533908754623921 0.7083000798084597 0.06843403205918619 0.06304868316041501
0 0.2536991368680641 0.07781324820430965 0.051171393341553635 0.05666400638467677
1 0.7725030826140568 0.21867517956903432 0.09494451294697903 0.15003990422984836
