0 0.7885313959522574 0.7607238605898123 0.06694343539180073 0.064343163538874
0 0.5038920601971977 0.7721179624664879 0.06642449403217436 0.07640750670241286
0 0.31370005189413597 0.7724530831099196 0.04618578100674624 0.05160857908847185
0 0.1990140114167099 0.16320375335120643 0.09704203425012974 0.1789544235924933
0 0.3700051894135963 0.19101876675603216 0.09444732745199792 0.19436997319034852
0 0.5422937208095485 0.20576407506702413 0.08303061754021795 0.14745308310991956
0 0.802283341982356 0.2111260053619303 0.0892579138557343 0.12064343163538874
0 0.32096523092890505 0.7406166219839142 0.09185262065386611 0.1742627345844504
0 0.49922158796056043 0.7721179624664879 0.1193565127140633 0.12734584450402145
1 0.4836533471717696 0.639745308310992 0.05189413596263622 0.07707774798927614
0 0.7838609237156201 0.7121313672922251 0.10223144784639336 0.20442359249329758
1 0.48806434872859367 0.6504691689008043 0.02127659574468085 0.039544235924932974
0 0.20861442656979762 0.13941018766756033 0.07991696938245978 0.07238605898123325
0 0.19875454073689672 0.13941018766756033 0.062272963155163466 0.08176943699731903
0 0.3762324857291126 0.16219839142091153 0.049818370524130774 0.06300268096514745
0 0.5555267254800208 0.18398123324396784 0.03995848469122989 0.07171581769436998
0 0.502854177477945 0.7620643431635389 0.052932018681888945 0.05630026809651475
0 0.7817851582771147 0.7603887399463807 0.0700570835495589 0.058310991957104555
0 0.3105864037363778 0.7637399463806971 0.06175402179553711 0.07975871313672922
1 0.48728593668915415 0.6615281501340483 0.03009859885832901 0.06970509383378017
