0 0.544044665012407 0.798549556809025 0.45533498759305213 0.1708299758259468
0 0.5183002481389578 0.7590652699435939 0.5303970223325062 0.3835616438356164
0 0.607940446650124 0.18976631748589848 0.09057071960297766 0.18936341659951653
0 0.783498759305211 0.12530217566478646 0.06823821339950373 0.1861402095084609
0 0.7589950372208437 0.7481869460112812 0.042803970223325064 0.11522965350523771
0 0.34491315136476425 0.19460112812248187 0.04590570719602978 0.12651087832393232
0 0.5961538461538461 0.17687348912167608 0.06451612903225806 0.0749395648670427
0 0.7819478908188585 0.11603545527800162 0.042803970223325064 0.11442385173247381
0 0.5415632754342432 0.749798549556809 0.4057071960297767 0.30701047542304594
0 0.8238213399503722 0.49717969379532634 0.18114143920595532 0.088638195004029
