0 0.19938080495356036 0.8311897106109325 0.05944272445820433 0.05627009646302251
0 0.1346749226006192 0.2692926045016077 0.03777089783281734 0.06270096463022508
0 0.30835913312693497 0.2696945337620579 0.042105263157894736 0.0635048231511254
1 0.5467492260061919 0.3159163987138264 0.03591331269349845 0.0594855305466238
0 0.14055727554179567 0.2889871382636656 0.0718266253869969 0.1712218649517685
0 0.30371517027863776 0.30305466237942125 0.056346749226006194 0.16237942122186494
0 0.5572755417956656 0.2837620578778135 0.05448916408668731 0.11736334405144695
0 0.7845201238390093 0.3094855305466238 0.05201238390092879 0.1270096463022508
0 0.7436532507739938 0.7479903536977492 0.07430340557275542 0.13263665594855306
0 0.48359133126934983 0.8295819935691319 0.10030959752321982 0.1607717041800643
0 0.20495356037151702 0.8058681672025724 0.09659442724458205 0.14389067524115756
0 0.13653250773993808 0.2616559485530547 0.057585139318885446 0.06511254019292605
0 0.30495356037151705 0.27009646302250806 0.05263157894736842 0.05466237942122187
0 0.1306501547987616 0.2604501607717042 0.038390092879256967 0.04823151125401929
0 0.20061919504643963 0.8348070739549839 0.07430340557275542 0.05064308681672026
0 0.4773993808049536 0.8496784565916399 0.06811145510835913 0.07717041800643087
