0 0.10667903525046382 0.21129032258064517 0.05380333951762523 0.07580645161290323
0 0.3011750154607297 0.19193548387096773 0.06431663574520717 0.06612903225806452
0 0.45732838589981445 0.2217741935483871 0.055040197897340756 0.07741935483870968
0 0.7612863327149041 0.7379032258064516 0.0766852195423624 0.06935483870967742
0 0.48515769944341375 0.7891129032258064 0.06493506493506493 0.06370967741935483
1 0.3132343846629561 0.7850806451612903 0.04143475572047001 0.062096774193548386
0 0.2656153370439085 0.7830645161290323 0.03525046382189239 0.06451612903225806
1 0.10884353741496598 0.8044354838709677 0.06184291898577613 0.04435483870967742
0 0.10884353741496598 0.22258064516129034 0.11255411255411256 0.2
0 0.2937538651824366 0.20766129032258066 0.11626468769325912 0.1975806451612903
0 0.7189239332096475 0.22983870967741934 0.10327767470624613 0.14193548387096774
0 0.7588126159554731 0.6967741935483871 0.13481756338899195 0.20967741935483872
0 0.48577612863327146 0.7592741935483871 0.10698824984539271 0.19435483870967743
0 0.26716141001855287 0.7326612903225806 0.11008039579468151 0.22661290322580646
0 0.11811997526283241 0.19274193548387097 0.10513296227581942 0.054838709677419356
0 0.28014842300556586 0.20927419354838708 0.04823747680890538 0.08790322580645162
0 0.4802102659245516 0.7862903225806451 0.0735930735930736 0.06451612903225806
0 0.5754483611626469 0.3629032258064516 0.23191094619666047 0.15161290322580645
0 0.2752009894867038 0.7814516129032258 0.04329004329004329 0.07258064516129033
0 0.10884353741496598 0.1935483870967742 0.08905380333951762 0.06290322580645161
0 0.287569573283859 0.18951612903225806 0.08658008658008658 0.06774193548387097
0 0.47990105132962274 0.7870967741935484 0.059369202226345084 0.08709677419354839
