0 0.3573200992555831 0.7084006462035541 0.08560794044665013 0.09531502423263329
0 0.2022332506203474 0.17084006462035542 0.08312655086848635 0.1801292407108239
0 0.5741315136476427 0.7071890145395799 0.18300248138957817 0.16074313408723748
0 0.35173697270471466 0.6708400646203554 0.12655086848635236 0.21082390953150243
0 0.14547146401985112 0.6401453957996769 0.1011166253101737 0.21405492730210016
0 0.34398263027295284 0.7023424878836834 0.1011166253101737 0.09773828756058159
1 0.13926799007444168 0.5476575121163166 0.034119106699751864 0.08723747980613894
0 0.13864764267990073 0.6773021001615509 0.06513647642679901 0.05896607431340872
0 0.20471464019851116 0.15751211631663975 0.05334987593052109 0.0630048465266559
0 0.3529776674937965 0.710016155088853 0.08312655086848635 0.09531502423263329
