0 0.14148606811145512 0.26240846216436126 0.04396284829721362 0.080553295362083
1 0.15944272445820434 0.338079739625712 0.02043343653250774 0.043124491456468676
0 0.3993808049535604 0.8091944670463792 0.029721362229102165 0.0821806346623271
0 0.6489164086687307 0.7994304312449145 0.042105263157894736 0.0821806346623271
0 0.8179566563467492 0.7860048820179008 0.03591331269349845 0.06346623270951994
1 0.17244582043343654 0.822620016273393 0.03281733746130031 0.08787632221318145
1 0.6191950464396285 0.28152969894222946 0.038390092879256967 0.047192839707078924
0 0.1321981424148607 0.31000813669650124 0.06873065015479876 0.177379983726607
0 0.3544891640866873 0.31000813669650124 0.07244582043343653 0.1855166802278275
0 0.591640866873065 0.23799837266069976 0.06996904024767801 0.15052888527257932
0 0.7473684210526316 0.2534580960130187 0.08297213622291022 0.15215622457282343
0 0.8148606811145511 0.7603742880390562 0.09907120743034056 0.19772172497965826
0 0.6430340557275542 0.7847843775427177 0.10092879256965945 0.21399511798209928
0 0.40743034055727556 0.8132628152969894 0.0891640866873065 0.20423108218063465
1 0.6656346749226006 0.6537835638730676 0.03715170278637771 0.07729861676159479
1 0.15913312693498452 0.8584214808787632 0.08544891640866874 0.10577705451586655
0 0.39814241486068114 0.8043124491456468 0.042105263157894736 0.0919446704637917
0 0.6523219814241487 0.7994304312449145 0.055108359133126936 0.080553295362083
0 0.6442724458204334 0.7937347436940602 0.04396284829721362 0.09031733116354759
1 0.15541795665634675 0.3287225386493084 0.03715170278637771 0.06509357200976404
1 0.6105263157894737 0.28803905614320585 0.023529411764705882 0.043938161106590726
