0 0.3391304347826087 0.19308125502815768 0.040993788819875775 0.0756234915526951
0 0.6288819875776398 0.7799678197908286 0.061490683229813665 0.058728881737731296
0 0.1562111801242236 0.24778761061946902 0.06273291925465839 0.22043443282381336
0 0.3391304347826087 0.23049074818986323 0.07577639751552795 0.16975060337892195
0 0.6298136645962733 0.21922767497988738 0.06956521739130435 0.13917940466613032
0 0.9208074534161491 0.672566371681416 0.08012422360248447 0.16090104585679807
0 0.6195652173913043 0.7369267900241352 0.10124223602484472 0.19308125502815768
0 0.31459627329192547 0.7703137570394207 0.06273291925465839 0.1423974255832663
0 0.11645962732919254 0.7518101367658889 0.08881987577639752 0.17618664521319388
0 0.16118012422360248 0.19790828640386163 0.0515527950310559 0.05953338696701529
0 0.33322981366459625 0.2015285599356396 0.0577639751552795 0.06999195494770716
1 0.32546583850931676 0.337489943684634 0.034782608695652174 0.07320997586484312
1 0.1062111801242236 0.6419951729686243 0.04720496894409938 0.05953338696701529
0 0.10714285714285714 0.7980691874497184 0.055279503105590065 0.04666130329847144
0 0.15745341614906833 0.20313757039420757 0.044099378881987575 0.039420756234915526
1 0.3208074534161491 0.336283185840708 0.052795031055900624 0.06757843925985518
0 0.3375776397515528 0.19589702333065165 0.052795031055900624 0.053901850362027354
0 0.6186335403726708 0.7864038616251006 0.07329192546583851 0.07642799678197908
