0 0.16975881261595546 0.10435132957292506 0.0686456400742115 0.07655116841257051
0 0.35064935064935066 0.11361804995970991 0.045763760049474335 0.064464141821112
0 0.5980210265924552 0.7477840451248993 0.08658008658008658 0.10153102336825141
0 0.3085961657390229 0.7369057211925866 0.059369202226345084 0.0781627719580983
0 0.1292517006802721 0.7099113618049959 0.08286951144094001 0.088638195004029
1 0.1567717996289425 0.24133763094278807 0.030303030303030304 0.04593070104754231
0 0.16883116883116883 0.12691377921031427 0.08905380333951762 0.1651893634165995
0 0.34570191713048853 0.13658340048348105 0.06679035250463822 0.14101531023368252
0 0.5921459492888065 0.13456889605157132 0.055040197897340756 0.11925866236905722
0 0.5927643784786641 0.6804995970991137 0.1292517006802721 0.1716357775987107
0 0.3203463203463203 0.6873489121676067 0.11008039579468151 0.21595487510072522
0 0.13017934446505874 0.6619661563255439 0.10575139146567718 0.2199838839645447
0 0.3067408781694496 0.7276390008058018 0.0766852195423624 0.06124093473005641
0 0.17346938775510204 0.0781627719580983 0.09833024118738404 0.07735697018533441
0 0.5995670995670995 0.7389202256244963 0.10080395794681508 0.0757453666398066
0 0.34477427334570193 0.10596293311845285 0.0575139146567718 0.053988718775181306
0 0.12368583797155226 0.7062852538275585 0.06802721088435375 0.07977437550362611
0 0.3036487322201608 0.7252215954875101 0.05442176870748299 0.09508460918614021
0 0.6004947433518862 0.7320709105560033 0.08286951144094001 0.0894439967767929
0 0.15924551638837353 0.09468170829975826 0.061224489795918366 0.0781627719580983
