0 0.832901554404145 0.57123745819398 0.04922279792746114 0.08561872909698996
1 0.16761658031088084 0.5635451505016722 0.024352331606217616 0.05819397993311037
1 0.6463730569948186 0.5785953177257525 0.12694300518134716 0.17391304347826086
0 0.1821243523316062 0.577257525083612 0.0689119170984456 0.15384615384615385
0 0.3981865284974093 0.6107023411371237 0.09585492227979274 0.16588628762541807
0 0.8362694300518134 0.5876254180602006 0.09844559585492228 0.23745819397993312
1 0.17124352331606219 0.688628762541806 0.029533678756476684 0.04749163879598662
0 0.8396373056994819 0.5652173913043478 0.07409326424870466 0.07759197324414716
1 0.17202072538860103 0.682943143812709 0.029015544041450778 0.07491638795986622
1 0.39792746113989635 0.7153846153846154 0.039378238341968914 0.0862876254180602
0 0.8305699481865285 0.5665551839464883 0.058031088082901555 0.12040133779264214
