0 0.45155440414507775 0.28868050904219694 0.05854922279792746 0.072337575351641
0 0.6090673575129534 0.23409243134628266 0.057512953367875645 0.06764902880107167
0 0.21658031088082902 0.32920294708640324 0.05284974093264249 0.09042196918955124
1 0.8479274611398964 0.7849966510381782 0.04507772020725389 0.11386470194239785
0 0.21709844559585492 0.3379102478231748 0.10259067357512953 0.20294708640321502
0 0.45699481865284974 0.3044206296048225 0.11295336787564766 0.20964501004688546
0 0.6124352331606218 0.22973878097789685 0.05077720207253886 0.12056262558606833
1 0.6800518134715026 0.3302076356329538 0.08031088082901554 0.07367716008037509
0 0.7849740932642487 0.20897521768251842 0.10362694300518134 0.21299397186872068
0 0.8841968911917099 0.7779638312123242 0.05336787564766839 0.16945746818486268
0 0.716321243523316 0.7937039517749498 0.09067357512953368 0.22103148024112526
0 0.5375647668393783 0.8590087073007368 0.08549222797927461 0.1841929002009377
0 0.25777202072538863 0.8824514400535833 0.06994818652849741 0.1707970529135968
0 0.6103626943005181 0.2287340924313463 0.06735751295336788 0.0783657066309444
0 0.45259067357512955 0.2833221701272606 0.0772020725388601 0.050904219691895514
0 0.7673575129533678 0.17180174146014734 0.05699481865284974 0.05023442732752847
0 0.21917098445595856 0.3281982585398526 0.07772020725388601 0.06296048225050234
0 0.22176165803108808 0.3161419959812458 0.04041450777202073 0.13127930341594105
0 0.455440414507772 0.29437374413931683 0.04766839378238342 0.06496985934360348
0 0.6124352331606218 0.23744139316811788 0.0538860103626943 0.07970529135967849
0 0.7725388601036269 0.17180174146014734 0.06424870466321243 0.08506363027461487
0 0.5326424870466321 0.8837910247823175 0.0383419689119171 0.11855324849296718
0 0.7124352331606217 0.826523777628935 0.04041450777202073 0.0884125920964501
0 0.8790155440414508 0.7997320830542531 0.021243523316062177 0.050904219691895514
0 0.25077720207253884 0.9306764902880107 0.07772020725388601 0.04085733422638982
