0 0.5533498759305211 0.25 0.20471464019851116 0.06865912762520193
0 0.825062034739454 0.25565428109854604 0.05955334987593052 0.06381260096930533
0 0.7593052109181141 0.7823101777059773 0.04714640198511166 0.05411954765751212
1 0.8933002481389578 0.3905492730210016 0.062034739454094295 0.09773828756058159
0 0.5679280397022333 0.30492730210016156 0.23014888337468983 0.19466882067851374
0 0.233560794044665 0.33562197092084006 0.11724565756823821 0.16235864297253635
0 0.8269230769230769 0.26696284329563813 0.13027295285359802 0.16558966074313408
0 0.9395161290322581 0.7390953150242326 0.08002481389578164 0.17447495961227788
0 0.760545905707196 0.7516155088852988 0.10297766749379653 0.15266558966074315
0 0.5732009925558312 0.7633279483037156 0.10421836228287841 0.18578352180936994
0 0.2999379652605459 0.777059773828756 0.08746898263027296 0.16962843295638125
0 0.7624069478908189 0.7782714054927302 0.06823821339950373 0.049273021001615507
0 0.8253722084367245 0.26090468497576735 0.08250620347394541 0.0888529886914378
0 0.5589330024813896 0.25646203554119545 0.18610421836228289 0.0815831987075929
0 0.7490694789081885 0.7790791599353797 0.0663771712158809 0.02988691437802908
0 0.8892679900744417 0.40549273021001614 0.08746898263027296 0.13893376413570274
