1 0.84375 0.28881737731295254 0.07116336633663366 0.12711182622687048
0 0.7719678217821783 0.11504424778761062 0.07116336633663366 0.09654062751407884
0 0.6048886138613861 0.18262268704746581 0.07116336633663366 0.07240547063555913
0 0.20266089108910892 0.2236524537409493 0.08106435643564357 0.15285599356395815
0 0.45761138613861385 0.23209975864843121 0.07982673267326733 0.16975060337892195
0 0.6098391089108911 0.20917135961383748 0.10457920792079207 0.1834271922767498
0 0.7713490099009901 0.11584875301689461 0.08601485148514851 0.18020917135961384
1 0.84375 0.29766693483507645 0.10581683168316831 0.16090104585679807
0 0.838490099009901 0.670152855993564 0.10024752475247525 0.20917135961383748
0 0.6689356435643564 0.7212389380530974 0.09282178217821782 0.20353982300884957
0 0.3808787128712871 0.7465808527755431 0.11200495049504951 0.22043443282381336
0 0.7685643564356436 0.10297666934835076 0.0594059405940594 0.06757843925985518
0 0.6110767326732673 0.18061142397425584 0.09467821782178218 0.0667739340305712
0 0.6027227722772277 0.1850362027353178 0.06806930693069307 0.08527755430410297
0 0.8366336633663366 0.2936444086886565 0.05693069306930693 0.12711182622687048
