0 0.7952182952182952 0.1599053414469236 0.0550935550935551 0.06017579445571332
0 0.8126299376299376 0.7146720757268424 0.06912681912681913 0.054090601757944556
0 0.632016632016632 0.704868154158215 0.0446985446985447 0.052062204192021636
1 0.3510914760914761 0.6977687626774848 0.03170478170478171 0.04462474645030426
0 0.10576923076923077 0.658553076402975 0.06600831600831601 0.06220419202163624
0 0.11330561330561331 0.640973630831643 0.09771309771309772 0.15415821501014199
0 0.3744802494802495 0.7163624070317782 0.08471933471933472 0.15077755240027046
0 0.6361746361746362 0.6957403651115619 0.07588357588357589 0.14198782961460446
0 0.8141891891891891 0.6947261663286004 0.09927234927234928 0.18728870858688304
0 0.793918918918919 0.1815415821501014 0.10550935550935552 0.16565246788370522
0 0.6198024948024948 0.17985125084516565 0.09407484407484408 0.13252197430696416
0 0.3762993762993763 0.19033130493576741 0.07588357588357589 0.10885733603786342
0 0.15384615384615385 0.18424611223799864 0.08627858627858628 0.10074374577417174
0 0.8144490644490644 0.7014874915483434 0.08316008316008316 0.048005409060175794
0 0.7933991683991684 0.15212981744421908 0.06496881496881497 0.050033806626098715
0 0.8152286902286903 0.7082488167680866 0.061850311850311854 0.08316430020283976
0 0.7887214137214137 0.1663286004056795 0.058731808731808735 0.060851926977687626
