0 0.7594412829798242 0.17350369872225957 0.04862907397827212 0.05648957632817754
0 0.5944128297982411 0.18661735036987223 0.05483704086911537 0.06254203093476798
0 0.3595447490946715 0.18964357767316745 0.04862907397827212 0.04303967720242098
0 0.3836006207966891 0.7061197041022192 0.0512157268494568 0.04034969737726967
0 0.35488877392653906 0.19670477471418965 0.07863424728401448 0.1324815063887021
0 0.5972581479565442 0.20443846671149965 0.09156751163993793 0.14391392064559516
0 0.7545266425245732 0.1956960322797579 0.0760475944128298 0.15736381977135172
0 0.9270563890325918 0.2007397444519166 0.07863424728401448 0.17417619367854742
0 0.8285049146404553 0.691661062542031 0.07708225556130367 0.13382649630127774
0 0.6520951888256596 0.6926698049764627 0.07708225556130367 0.15601882985877605
0 0.38618727366787375 0.6751849361129791 0.0760475944128298 0.16408876933423
0 0.7620279358510088 0.1788836583725622 0.05794102431453699 0.04438466711499664
0 0.5957061562338334 0.18392737054472091 0.06673564407656493 0.05043712172158709
1 0.3947232281427832 0.5783456624075319 0.03414381789963787 0.08069939475453934
0 0.38308329022245213 0.7007397444519166 0.05018106570098293 0.04438466711499664
0 0.6461458872219348 0.715198386012105 0.05380237972064149 0.0531271015467384
0 0.8246249353336782 0.7041022192333557 0.05276771857216762 0.0484196368527236
0 0.5946714950853595 0.1882985877605918 0.0553543714433523 0.04976462676529926
0 0.7594412829798242 0.18022864828513785 0.04759441282979824 0.06859448554135844
0 0.3623900672529746 0.19300605245460659 0.05845835488877393 0.04169468728984533
