0 0.24489164086687307 0.7897497982243745 0.04767801857585139 0.04439063761097659
0 0.4634674922600619 0.7990314769975787 0.07739938080495357 0.04519774011299435
0 0.20990712074303405 0.2231638418079096 0.08421052631578947 0.19612590799031476
0 0.40340557275541794 0.2231638418079096 0.1021671826625387 0.19289749798224373
0 0.66656346749226 0.21711057304277642 0.09597523219814241 0.17756255044390637
0 0.7476780185758514 0.7445520581113801 0.07987616099071207 0.19128329297820823
0 0.46563467492260063 0.7707828894269573 0.13498452012383902 0.2050040355125101
0 0.2476780185758514 0.761501210653753 0.09164086687306501 0.1977401129943503
0 0.08173374613003095 0.7324455205811138 0.06687306501547988 0.16707021791767554
0 0.4678018575851393 0.7970137207425343 0.10092879256965945 0.04923325262308313
0 0.24798761609907122 0.7832929782082324 0.06377708978328174 0.02986279257465698
1 0.26037151702786376 0.6658595641646489 0.03653250773993808 0.08393866020984665
0 0.24674922600619195 0.7857142857142857 0.04643962848297214 0.042776432606941084
0 0.4569659442724458 0.8042776432606941 0.08792569659442724 0.04600484261501211
0 0.7402476780185758 0.7824858757062146 0.060061919504643964 0.05084745762711865
0 0.40309597523219814 0.18926553672316385 0.07430340557275542 0.05084745762711865
0 0.2170278637770898 0.18603712671509282 0.07863777089783282 0.06698950766747377
