0 0.7876243781094527 0.3097913322632424 0.054104477611940295 0.07223113964686999
1 0.8355099502487562 0.28852327447833065 0.03296019900497513 0.06179775280898876
0 0.9791666666666666 0.29975922953451045 0.03917910447761194 0.07142857142857142
0 0.5083955223880597 0.2945425361155698 0.05286069651741294 0.051364365971107544
0 0.503731343283582 0.27247191011235955 0.07338308457711443 0.18378812199036917
0 0.7938432835820896 0.28852327447833065 0.08768656716417911 0.20465489566613163
0 0.9701492537313433 0.28852327447833065 0.04975124378109453 0.23515248796147672
0 0.7947761194029851 0.31179775280898875 0.060945273631840796 0.06179775280898876
0 0.9689054726368159 0.2877207062600321 0.041044776119402986 0.05698234349919743
1 0.8053482587064676 0.15770465489566612 0.043532338308457715 0.06821829855537721
0 0.7935323383084577 0.31781701444622795 0.06840796019900497 0.09149277688603531
0 0.5052860696517413 0.29935794542536115 0.05907960199004975 0.06420545746388442
