1 0.4277743335399876 0.5436698717948718 0.044637321760694355 0.11458333333333333
0 0.4944203347799132 0.5372596153846154 0.07253564786112833 0.14022435897435898
0 0.27836329820210787 0.5052083333333334 0.052076875387476754 0.07131410256410256
1 0.3230006199628022 0.5665064102564102 0.032238065716057036 0.05448717948717949
0 0.09206447613143211 0.5228365384615384 0.08741475511469311 0.2780448717948718
0 0.2805331680099194 0.532051282051282 0.09485430874147552 0.20833333333333334
1 0.4370737755734656 0.5412660256410257 0.07439553626782393 0.1594551282051282
1 0.4407935523868568 0.5224358974358975 0.04835709857408556 0.09455128205128205
0 0.27557346559206447 0.5084134615384616 0.0750154990700558 0.10977564102564102
0 0.09733415995040298 0.48878205128205127 0.03347799132052077 0.15705128205128205
0 0.4925604463732176 0.5032051282051282 0.056416615003099815 0.1201923076923077
0 0.28363298202107873 0.5108173076923077 0.06261624302541847 0.13381410256410256
1 0.4342839429634222 0.5220352564102564 0.0365778053316801 0.13381410256410256
