0 0.22882231404958678 0.13551401869158877 0.03512396694214876 0.08544726301735647
0 0.38610537190082644 0.1972630173564753 0.052169421487603305 0.08077436582109479
0 0.5446797520661157 0.22897196261682243 0.042871900826446284 0.09479305740987984
0 0.7722107438016529 0.25934579439252337 0.04442148760330578 0.08344459279038718
0 0.65599173553719 0.7900534045393859 0.056818181818181816 0.07142857142857142
0 0.39643595041322316 0.7833778371161548 0.0490702479338843 0.08744993324432576
0 0.22391528925619836 0.7456608811748998 0.05836776859504132 0.09879839786381843
0 0.046229338842975205 0.7439919893190922 0.04700413223140496 0.07142857142857142
0 0.2190082644628099 0.16421895861148197 0.056818181818181816 0.20427236315086783
0 0.3734504132231405 0.22596795727636848 0.08161157024793389 0.1875834445927904
0 0.5387396694214877 0.25166889185580776 0.04648760330578512 0.19225634178905207
0 0.7714359504132231 0.26702269692923897 0.05836776859504132 0.17890520694259013
0 0.6536673553719008 0.763351134846462 0.10485537190082644 0.19425901201602136
0 0.3959194214876033 0.7453271028037384 0.0996900826446281 0.18090787716955942
0 0.2172004132231405 0.7002670226969292 0.08419421487603305 0.19893190921228304
0 0.052944214876033055 0.677570093457944 0.07489669421487603 0.2162883845126836
0 0.23631198347107438 0.1315086782376502 0.03977272727272727 0.05874499332443257
0 0.5488119834710744 0.22363150867823764 0.04803719008264463 0.07076101468624833
0 0.38894628099173556 0.19893190921228304 0.06714876033057851 0.05473965287049399
0 0.7732438016528925 0.2479973297730307 0.03615702479338843 0.07142857142857142
0 0.04209710743801653 0.7263017356475301 0.042871900826446284 0.06675567423230974
0 0.22520661157024793 0.7419893190921228 0.06611570247933884 0.08344459279038718
0 0.4003099173553719 0.7736982643524699 0.058884297520661155 0.10013351134846461
0 0.6526342975206612 0.7807076101468625 0.07386363636363637 0.0514018691588785
0 0.9129648760330579 0.7473297730307076 0.06353305785123967 0.08477970627503338
0 0.35795454545454547 0.592456608811749 0.05991735537190083 0.08077436582109479
0 0.390754132231405 0.7860480640854473 0.04183884297520661 0.08477970627503338
0 0.2231404958677686 0.75 0.05475206611570248 0.11281708945260348
0 0.22985537190082644 0.1438584779706275 0.025826446280991736 0.09145527369826435
0 0.37887396694214875 0.19526034712950602 0.04183884297520661 0.08744993324432576
0 0.5415805785123967 0.22429906542056074 0.02634297520661157 0.09479305740987984
0 0.7758264462809917 0.260347129506008 0.0506198347107438 0.07610146862483311
0 0.650051652892562 0.7783711615487316 0.052169421487603305 0.0814419225634179
0 0.04674586776859504 0.736648865153538 0.028409090909090908 0.06875834445927904
