1 0.6674454828660437 0.38422818791946306 0.0711318795430945 0.12818791946308725
0 0.11838006230529595 0.31073825503355706 0.037383177570093455 0.09798657718120805
0 0.26869158878504673 0.3453020134228188 0.04932502596053998 0.10268456375838926
0 0.4447040498442368 0.3902684563758389 0.06490134994807892 0.14026845637583893
0 0.7380581516095535 0.4449664429530201 0.06178608515057113 0.18120805369127516
0 0.11526479750778816 0.274496644295302 0.0778816199376947 0.25771812080536916
0 0.2751817237798546 0.32114093959731543 0.09449636552440291 0.24765100671140938
0 0.4423676012461059 0.362751677852349 0.09449636552440291 0.24630872483221478
0 0.7284527518172378 0.4211409395973154 0.11526479750778816 0.2664429530201342
0 0.2715472481827622 0.3476510067114094 0.09968847352024922 0.09798657718120805
0 0.7328660436137072 0.438255033557047 0.07840083073727934 0.12885906040268458
0 0.4444444444444444 0.4003355704697987 0.08203530633437175 0.10268456375838926
0 0.9688473520249221 0.39664429530201345 0.05399792315680166 0.06174496644295302
0 0.2811526479750779 0.351006711409396 0.06178608515057113 0.15570469798657718
0 0.11163032191069575 0.31409395973154364 0.037383177570093455 0.11946308724832215
0 0.4467808930425753 0.3902684563758389 0.06074766355140187 0.18859060402684563
0 0.729491173416407 0.4332214765100671 0.07268951194184839 0.22751677852348992
