0 0.5022914757103575 0.32014607425441266 0.13382218148487626 0.3846622032866707
0 0.6970669110907425 0.32501521606816797 0.05591200733272227 0.3335362142422398
0 0.27864344637946836 0.31253804017042 0.08065994500458296 0.34388314059646985
0 0.26535288725939504 0.24315276932440658 0.13657195233730524 0.2550213024954352
0 0.46837763519706693 0.28119293974437004 0.13382218148487626 0.32379793061472917
0 0.6879010082493126 0.24345709068776628 0.14940421631530706 0.3018867924528302
0 0.5077910174152154 0.37705416920267804 0.12832263978001834 0.13085818624467438
0 0.7034830430797434 0.34662203286670723 0.12190650779101742 0.09068776628119293
0 0.49587534372135655 0.3107121119902617 0.10632447296058661 0.3998782714546561
0 0.689275893675527 0.2994522215459525 0.054995417048579284 0.3359707851491175
