0 0.4633995037220844 0.17312348668280872 0.05086848635235732 0.07828894269572235
0 0.7158808933002482 0.1368038740920097 0.05831265508684864 0.06537530266343826
0 0.734181141439206 0.7300242130750605 0.056451612903225805 0.09443099273607748
0 0.47022332506203474 0.7429378531073446 0.08188585607940446 0.0847457627118644
1 0.8188585607940446 0.506456820016142 0.07692307692307693 0.04600484261501211
1 0.4649503722084367 0.28652138821630346 0.04032258064516129 0.0516545601291364
0 0.46029776674937967 0.1973365617433414 0.09057071960297766 0.18966908797417273
0 0.7189826302729528 0.18159806295399517 0.11538461538461539 0.17433414043583534
0 0.8874069478908189 0.13640032284100082 0.08002481389578164 0.2050040355125101
0 0.739454094292804 0.6832122679580307 0.0707196029776675 0.19289749798224373
0 0.46153846153846156 0.6924939467312349 0.11166253101736973 0.20177562550443906
0 0.8827543424317618 0.7534301856335754 0.04962779156327544 0.10411622276029056
0 0.47084367245657566 0.7348668280871671 0.07692307692307693 0.09120258272800645
0 0.4575062034739454 0.16303470540758677 0.1011166253101737 0.07909604519774012
0 0.8784119106699751 0.08595641646489104 0.04714640198511166 0.07183212267958031
0 0.7161910669975186 0.1311541565778854 0.0663771712158809 0.05407586763518967
0 0.7351116625310173 0.7288135593220338 0.04962779156327544 0.06295399515738499
0 0.46712158808933 0.7320419693301049 0.07816377171215881 0.0774818401937046
0 0.7431761786600496 0.7437449556093624 0.05583126550868486 0.07183212267958031
