1 0.7943722943722944 0.1778225806451613 0.08348794063079777 0.10241935483870968
1 0.9131106988249845 0.7504032258064516 0.047619047619047616 0.07661290322580645
0 0.7554112554112554 0.7887096774193548 0.04885590599876314 0.10967741935483871
0 0.601113172541744 0.7850806451612903 0.039579468150896725 0.11209677419354838
0 0.3274582560296846 0.8044354838709677 0.0735930735930736 0.09274193548387097
0 0.6014223871366728 0.19112903225806452 0.07977736549165121 0.06935483870967742
0 0.3450834879406308 0.23709677419354838 0.08534322820037106 0.1403225806451613
0 0.6042053184910328 0.21653225806451612 0.10884353741496598 0.16693548387096774
0 0.7931354359925789 0.16370967741935483 0.0575139146567718 0.11935483870967742
0 0.9440321583178726 0.15443548387096775 0.055040197897340756 0.1314516129032258
0 0.3181818181818182 0.760483870967742 0.10698824984539271 0.20967741935483872
0 0.6032776747062462 0.7705645161290322 0.055040197897340756 0.21370967741935484
0 0.7560296846011132 0.7528225806451613 0.07977736549165121 0.2217741935483871
0 0.766852195423624 0.7879032258064517 0.07421150278293136 0.09193548387096774
0 0.6026592455163884 0.7798387096774193 0.04638218923933209 0.06774193548387097
1 0.7758194186765616 0.6298387096774194 0.021645021645021644 0.07419354838709677
0 0.6054421768707483 0.18951612903225806 0.06679035250463822 0.06290322580645161
1 0.35714285714285715 0.6451612903225806 0.036487322201607914 0.09516129032258064
0 0.32529375386518244 0.8084677419354839 0.07792207792207792 0.04758064516129032
0 0.6026592455163884 0.7850806451612903 0.034013605442176874 0.1217741935483871
0 0.7572665429808287 0.7830645161290323 0.055040197897340756 0.1532258064516129
