0 0.2348014888337469 0.22741935483870968 0.20285359801488834 0.12419354838709677
0 0.6296526054590571 0.7846774193548387 0.04962779156327544 0.07741935483870968
0 0.34925558312655086 0.7995967741935484 0.04590570719602978 0.09758064516129032
0 0.16160049627791565 0.7766129032258065 0.07382133995037221 0.08225806451612903
0 0.2236352357320099 0.2685483870967742 0.23759305210918114 0.26129032258064516
0 0.6277915632754343 0.7620967741935484 0.11166253101736973 0.18387096774193548
0 0.34274193548387094 0.7705645161290322 0.09739454094292804 0.1620967741935484
0 0.15074441687344914 0.7419354838709677 0.11290322580645161 0.17096774193548386
0 0.760545905707196 0.2125 0.05707196029776675 0.07983870967741935
0 0.33126550868486354 0.2560483870967742 0.05459057071960298 0.08790322580645162
0 0.141439205955335 0.21814516129032258 0.04218362282878412 0.10241935483870968
0 0.6312034739454094 0.7879032258064517 0.05893300248138958 0.07903225806451612
0 0.34925558312655086 0.782258064516129 0.07196029776674938 0.10483870967741936
0 0.22704714640198512 0.31975806451612904 0.13523573200992556 0.27983870967741936
0 0.6290322580645161 0.7879032258064517 0.04094292803970223 0.07419354838709677
0 0.15818858560794044 0.7786290322580646 0.06823821339950373 0.075
