0 0.18815871047737137 0.8921962992759453 0.0675759454432734 0.04022526146419952
1 0.20179789212647242 0.252212389380531 0.04525728456292622 0.07964601769911504
0 0.17327960322380656 0.21158487530168946 0.08493490390576565 0.18181818181818182
0 0.4221946683199008 0.17135961383748993 0.08803471791692498 0.1834271922767498
0 0.18536887786732795 0.8366854384553499 0.11407315561066336 0.17860016090104586
0 0.39894606323620585 0.830249396621078 0.15065096094234345 0.18020917135961384
0 0.7300061996280223 0.6975060337892196 0.17420954742715436 0.17860016090104586
0 0.1800991940483571 0.2071600965406275 0.06137631742095474 0.08125502815768303
0 0.18412895226286422 0.8797264682220435 0.04959702417854929 0.07481898632341111
0 0.17110973341599503 0.21078037007240547 0.037197768133911964 0.0917135961383749
