0 0.5504956629491945 0.212843295638126 0.06505576208178439 0.07350565428109855
0 0.8534696406443618 0.23626817447495962 0.06381660470879802 0.07512116316639741
0 0.15086741016109045 0.13691437802907916 0.09975216852540272 0.18174474959612277
0 0.3562577447335812 0.20032310177705978 0.08674101610904585 0.19547657512116318
0 0.5396530359355638 0.24111470113085623 0.10408921933085502 0.2431340872374798
0 0.8513011152416357 0.2617124394184168 0.10408921933085502 0.1938610662358643
0 0.75 0.7439418416801292 0.1171003717472119 0.2310177705977383
0 0.4253407682775712 0.7055735056542811 0.10223048327137546 0.17689822294022617
0 0.19206939281288724 0.6575121163166397 0.08426270136307311 0.1631663974151858
0 0.3671003717472119 0.1797253634894992 0.05514250309789343 0.07350565428109855
0 0.55545229244114 0.21768982229402262 0.09727385377942999 0.05735056542810985
0 0.8491325898389095 0.23707592891760904 0.07496902106567534 0.05896607431340872
0 0.547087980173482 0.2152665589660743 0.0768277571251549 0.05411954765751212
0 0.8482032218091697 0.23667205169628433 0.07558859975216853 0.06623586429725363
0 0.3667905824039653 0.19507269789983844 0.055762081784386616 0.06058158319870759
0 0.19114002478314746 0.7043618739903069 0.03531598513011153 0.11308562197092084
0 0.42688971499380424 0.7463651050080775 0.042131350681536554 0.051696284329563816
0 0.7534076827757125 0.7924071082390953 0.0768277571251549 0.07269789983844911
