0 0.7056535269709544 0.7989347536617842 0.06690871369294606 0.11451398135818908
1 0.4491701244813278 0.8322237017310253 0.035269709543568464 0.13981358189081225
0 0.2217323651452282 0.151797603195739 0.0783195020746888 0.10386151797603196
1 0.2266597510373444 0.7999334221038615 0.07676348547717843 0.06324900133155792
1 0.962396265560166 0.7107190412782957 0.04719917012448133 0.06458055925432757
0 0.20513485477178423 0.16245006657789615 0.09906639004149377 0.2010652463382157
0 0.391597510373444 0.1677762982689747 0.06535269709543569 0.1877496671105193
0 0.6449688796680498 0.12583222370173103 0.07313278008298756 0.11717709720372836
0 0.7061721991701245 0.7603195739014648 0.1229253112033195 0.22636484687083888
0 0.42608921161825725 0.8032623169107856 0.0741701244813278 0.23635153129161118
0 0.23677385892116182 0.8255659121171771 0.0637966804979253 0.21304926764314247
0 0.23392116182572614 0.8305592543275633 0.03319502074688797 0.1151797603195739
0 0.42193983402489627 0.8345539280958721 0.03578838174273859 0.08721704394141146
0 0.7051348547717843 0.78728362183755 0.05964730290456432 0.05659121171770972
0 0.2204356846473029 0.13715046604527298 0.07468879668049792 0.05725699067909454
0 0.7022821576763485 0.7792942743009321 0.054979253112033194 0.08721704394141146
0 0.39107883817427386 0.14747003994673769 0.05912863070539419 0.09387483355525965
0 0.21187759336099585 0.1414780292942743 0.07935684647302904 0.11917443408788282
0 0.4203838174273859 0.8492010652463382 0.03682572614107884 0.14447403462050598
