0 0.5820393374741201 0.4187374076561451 0.06780538302277432 0.12424445936870383
0 0.08333333333333333 0.2911349899261249 0.055900621118012424 0.08663532572196105
1 0.8555900621118012 0.33008730691739424 0.046583850931677016 0.05977165883143049
1 0.30408902691511386 0.3948959032907992 0.030538302277432712 0.07387508394895903
0 0.07789855072463768 0.2669576897246474 0.09679089026915114 0.20617864338482203
0 0.2774327122153209 0.3297515110812626 0.11594202898550725 0.21087978509066488
0 0.5898033126293996 0.38717259905977164 0.14958592132505175 0.23572867696440564
0 0.5815217391304348 0.3992612491605104 0.11853002070393374 0.10409670920080591
0 0.5794513457556936 0.4194089993284083 0.06055900621118013 0.15782404298186703
0 0.08773291925465838 0.3089321692411014 0.05434782608695652 0.06984553391537945
