0 0.1985981308411215 0.14088769334229992 0.0763239875389408 0.1809011432414257
0 0.3899273104880582 0.1617350369872226 0.09449636552440291 0.1593813046402152
0 0.6739356178608515 0.18997982515131137 0.12149532710280374 0.1526563550773369
0 0.6941848390446521 0.7972427706792199 0.09968847352024922 0.12710154673839946
0 0.3888888888888889 0.7901815736381977 0.11007268951194185 0.13584398117014124
0 0.16355140186915887 0.7649630127774042 0.14641744548286603 0.14593140551445863
0 0.17185877466251298 0.7868190988567586 0.10488058151609553 0.07531943510423672
0 0.37720664589823466 0.8056489576328177 0.07424714434060228 0.06321452589105582
0 0.2089823468328141 0.12373907195696032 0.0680166147455867 0.07531943510423672
0 0.38343717549325024 0.13819771351714863 0.06593977154724819 0.07061197041022192
0 0.6684839044652129 0.17316745124411567 0.05867082035306334 0.07868190988567586
0 0.18613707165109034 0.7958977807666443 0.1542056074766355 0.10827168796234028
0 0.37772585669781933 0.8036314727639543 0.06386292834890965 0.07397444519166106
1 0.6640706126687436 0.2975790181573638 0.01973001038421599 0.05985205110961668
