0 0.20327970297029702 0.6975806451612904 0.06002475247524752 0.08387096774193549
0 0.04981435643564357 0.6915322580645161 0.03527227722772277 0.08629032258064516
0 0.28558168316831684 0.18588709677419354 0.0426980198019802 0.062096774193548386
0 0.11695544554455446 0.16169354838709676 0.06930693069306931 0.13951612903225807
0 0.28620049504950495 0.1967741935483871 0.058787128712871284 0.17580645161290323
0 0.4464727722772277 0.2125 0.05754950495049505 0.15564516129032258
0 0.9470915841584159 0.6395161290322581 0.08477722772277228 0.1532258064516129
0 0.6707920792079208 0.7076612903225806 0.06683168316831684 0.16048387096774194
0 0.2063737623762376 0.6754032258064516 0.07982673267326733 0.19112903225806452
0 0.04702970297029703 0.6653225806451613 0.06806930693069307 0.21129032258064517
0 0.3833539603960396 0.694758064516129 0.0525990099009901 0.12983870967741937
0 0.2896039603960396 0.17701612903225805 0.04950495049504951 0.04435483870967742
0 0.2079207920792079 0.7004032258064516 0.06930693069306931 0.07661290322580645
0 0.20297029702970298 0.709274193548387 0.04826732673267327 0.08951612903225807
0 0.28094059405940597 0.1774193548387097 0.043316831683168314 0.06290322580645161
