0 0.8263565891472868 0.1968371467025572 0.0764857881136951 0.08142664872139974
0 0.6439276485788114 0.17597577388963662 0.0640826873385013 0.06258411843876177
1 0.6813953488372093 0.25168236877523553 0.03255813953488372 0.03633916554508748
0 0.7015503875968992 0.7274562584118439 0.06563307493540052 0.1009421265141319
0 0.8868217054263566 0.727792732166891 0.0702842377260982 0.08950201884253028
0 0.4167958656330749 0.7476446837146703 0.06666666666666667 0.08748317631224764
0 0.3739018087855297 0.17833109017496634 0.09147286821705426 0.1426648721399731
0 0.6467700258397933 0.21096904441453568 0.117312661498708 0.18775235531628534
0 0.8222222222222222 0.22274562584118437 0.10542635658914729 0.18438761776581428
0 0.8927648578811369 0.7062584118438762 0.10697674418604651 0.1958277254374159
0 0.6958656330749354 0.7123149394347241 0.11214470284237726 0.1810228802153432
0 0.40594315245478035 0.7116419919246298 0.09664082687338502 0.2294751009421265
0 0.4046511627906977 0.7442799461641992 0.08372093023255814 0.07671601615074024
0 0.692764857881137 0.7365410497981157 0.08527131782945736 0.07200538358008075
0 0.8901808785529716 0.7220726783310901 0.08010335917312661 0.07940780619111709
0 0.8253229974160207 0.19414535666218036 0.09612403100775194 0.07738896366083446
0 0.6457364341085271 0.17261103633916555 0.07493540051679587 0.059892328398384924
0 0.8868217054263566 0.7314939434724091 0.07235142118863049 0.0740242261103634
0 0.6956072351421189 0.7294751009421265 0.06304909560723514 0.1063257065948856
0 0.8222222222222222 0.20356662180349933 0.0702842377260982 0.06662180349932706
0 0.6447028423772609 0.17631224764468373 0.06046511627906977 0.06056527590847914
0 0.41007751937984493 0.7409152086137282 0.05426356589147287 0.08748317631224764
